# BB temperature (K); Intensity through filter (ph/s/m^2/mas^2)
1.000000000000000000e+01 0.000000000000000000e+00
1.100000000000000000e+01 0.000000000000000000e+00
1.200000000000000000e+01 0.000000000000000000e+00
1.300000000000000000e+01 0.000000000000000000e+00
1.400000000000000000e+01 0.000000000000000000e+00
1.500000000000000000e+01 0.000000000000000000e+00
1.600000000000000000e+01 0.000000000000000000e+00
1.700000000000000000e+01 0.000000000000000000e+00
1.800000000000000000e+01 0.000000000000000000e+00
1.900000000000000000e+01 0.000000000000000000e+00
2.000000000000000000e+01 0.000000000000000000e+00
2.100000000000000000e+01 1.955582536608431609e-23
2.200000000000000000e+01 3.730319433721864014e-22
2.300000000000000000e+01 5.510134767432152796e-21
2.400000000000000000e+01 6.506929357665072547e-20
2.500000000000000000e+01 6.309961340055797777e-19
2.600000000000000000e+01 5.140030140913482006e-18
2.700000000000000000e+01 3.585813650779385963e-17
2.800000000000000000e+01 2.178163392460589848e-16
2.900000000000000000e+01 1.168639243617132485e-15
3.000000000000000000e+01 5.607099223403177579e-15
3.100000000000000000e+01 2.431930851397080771e-14
3.200000000000000000e+01 9.625469635740939361e-14
3.300000000000000000e+01 3.505552305654962255e-13
3.400000000000000000e+01 1.183415767523540559e-12
3.500000000000000000e+01 3.727211788955432013e-12
3.600000000000000000e+01 1.101547669819889090e-11
3.700000000000000000e+01 3.070655940752490164e-11
3.800000000000000000e+01 8.110895011962702138e-11
3.900000000000000000e+01 2.038507750084948741e-10
4.000000000000000000e+01 4.893040162558135639e-10
4.100000000000000000e+01 1.125453046053612925e-09
4.200000000000000000e+01 2.488162560343772176e-09
4.300000000000000000e+01 5.301891188960996121e-09
4.400000000000000000e+01 1.091623148786950976e-08
4.500000000000000000e+01 2.176692246874234920e-08
4.600000000000000000e+01 4.212209954004518512e-08
4.700000000000000000e+01 7.925760936511118799e-08
4.800000000000000000e+01 1.452613868127175946e-07
4.900000000000000000e+01 2.597382815018738304e-07
5.000000000000000000e+01 4.537752553012956780e-07
5.100000000000000000e+01 7.756341305084265145e-07
5.200000000000000000e+01 1.298766140146679586e-06
5.300000000000000000e+01 2.132889875652699190e-06
5.400000000000000000e+01 3.439041556939670819e-06
5.500000000000000000e+01 5.449692751381507197e-06
5.600000000000000000e+01 8.495233755960030682e-06
5.700000000000000000e+01 1.303833797225724418e-05
5.800000000000000000e+01 1.971795005880458456e-05
5.900000000000000000e+01 2.940487400566966841e-05
6.000000000000000000e+01 4.327117148427401210e-05
6.100000000000000000e+01 6.287581035150063401e-05
6.200000000000000000e+01 9.026922220353161548e-05
6.300000000000000000e+01 1.281196304434594250e-04
6.400000000000000000e+01 1.798641905904358330e-04
6.500000000000000000e+01 2.498881369276370655e-04
6.600000000000000000e+01 3.437352489142976087e-04
6.700000000000000000e+01 4.683530325231621892e-04
6.800000000000000000e+01 6.323760519862064956e-04
6.900000000000000000e+01 8.464508433457592230e-04
7.000000000000000000e+01 1.123605790625191361e-03
7.100000000000000000e+01 1.479669247207218317e-03
7.200000000000000000e+01 1.933739038948623914e-03
7.300000000000000000e+01 2.508706292417217047e-03
7.400000000000000000e+01 3.231836293056767739e-03
7.500000000000000000e+01 4.135408796548859130e-03
7.600000000000000000e+01 5.257419895378663728e-03
7.700000000000000000e+01 6.642347185511108046e-03
7.800000000000000000e+01 8.341979589580592047e-03
7.900000000000000000e+01 1.041631277796291680e-02
8.000000000000000000e+01 1.293451069272637775e-02
8.100000000000000000e+01 1.597593322715076813e-02
8.200000000000000000e+01 1.963122965075772899e-02
8.300000000000000000e+01 2.400349690210572609e-02
8.400000000000000000e+01 2.920950140435819853e-02
8.500000000000000000e+01 3.538096259703763652e-02
8.600000000000000000e+01 4.266589592636955280e-02
8.700000000000000000e+01 5.123001260081101738e-02
8.800000000000000000e+01 6.125817300198154597e-02
8.900000000000000000e+01 7.295589024807903888e-02
9.000000000000000000e+01 8.655088004033367755e-02
9.100000000000000000e+01 1.022946525860160272e-01
9.200000000000000000e+01 1.204641420863870882e-01
9.300000000000000000e+01 1.413633690066849469e-01
9.400000000000000000e+01 1.653251301092465153e-01
9.500000000000000000e+01 1.927127110311619984e-01
9.600000000000000000e+01 2.239216160250145637e-01
9.700000000000000000e+01 2.593813093554176996e-01
9.800000000000000000e+01 2.995569627549853897e-01
9.900000000000000000e+01 3.449512032904704095e-01
1.000000000000000000e+02 3.961058559721667427e-01
1.010000000000000000e+02 4.536036754561024731e-01
1.020000000000000000e+02 5.180700612376012426e-01
1.030000000000000000e+02 5.901747508148050825e-01
1.040000000000000000e+02 6.706334854098978671e-01
1.050000000000000000e+02 7.602096429720521797e-01
1.060000000000000000e+02 8.597158333474617109e-01
1.070000000000000000e+02 9.700154506860343417e-01
1.080000000000000000e+02 1.092024178359159992e+00
1.090000000000000000e+02 1.226711441886219278e+00
1.100000000000000000e+02 1.375101805606839367e+00
1.110000000000000000e+02 1.538276309089149363e+00
1.120000000000000000e+02 1.717373739529202803e+00
1.130000000000000000e+02 1.913591836671159063e+00
1.140000000000000000e+02 2.128188427059728660e+00
1.150000000000000000e+02 2.362482484723701592e+00
1.160000000000000000e+02 2.617855115680272959e+00
1.170000000000000000e+02 2.895750463942524888e+00
1.180000000000000000e+02 3.197676537005082142e+00
1.190000000000000000e+02 3.525205949074148748e+00
1.200000000000000000e+02 3.879976580596264046e+00
1.210000000000000000e+02 4.263692152923953316e+00
1.220000000000000000e+02 4.678122717234716177e+00
1.230000000000000000e+02 5.125105057091378313e+00
1.240000000000000000e+02 5.606543004295700960e+00
1.250000000000000000e+02 6.124407667942610267e+00
1.260000000000000000e+02 6.680737576828358115e+00
1.270000000000000000e+02 7.277638735602070419e+00
1.280000000000000000e+02 7.917284595275727810e+00
1.290000000000000000e+02 8.601915938922102711e+00
1.300000000000000000e+02 9.333840683593484400e+00
1.310000000000000000e+02 1.011543359968557354e+01
1.320000000000000000e+02 1.094913594915064792e+01
1.330000000000000000e+02 1.183745504413205829e+01
1.340000000000000000e+02 1.278296372774769729e+01
1.350000000000000000e+02 1.378829977889420455e+01
1.360000000000000000e+02 1.485616524307536146e+01
1.370000000000000000e+02 1.598932569137850734e+01
1.380000000000000000e+02 1.719060940983121810e+01
1.390000000000000000e+02 1.846290652146777944e+01
1.400000000000000000e+02 1.980916804352118632e+01
1.410000000000000000e+02 2.123240488223143174e+01
1.420000000000000000e+02 2.273568676782589648e+01
1.430000000000000000e+02 2.432214113228233643e+01
1.440000000000000000e+02 2.599495193252961656e+01
1.450000000000000000e+02 2.775735842177714119e+01
1.460000000000000000e+02 2.961265387169045127e+01
1.470000000000000000e+02 3.156418424814831170e+01
1.480000000000000000e+02 3.361534684332676903e+01
1.490000000000000000e+02 3.576958886685759609e+01
1.500000000000000000e+02 3.803040599880350214e+01
1.510000000000000000e+02 4.040134090718074589e+01
1.520000000000000000e+02 4.288598173274102265e+01
1.530000000000000000e+02 4.548796054370058073e+01
1.540000000000000000e+02 4.821095176307417063e+01
1.550000000000000000e+02 5.105867057123667507e+01
1.560000000000000000e+02 5.403487128629514302e+01
1.570000000000000000e+02 5.714334572480960617e+01
1.580000000000000000e+02 6.038792154535352807e+01
1.590000000000000000e+02 6.377246057735136731e+01
1.600000000000000000e+02 6.730085713757749488e+01
1.610000000000000000e+02 7.097703633664090717e+01
1.620000000000000000e+02 7.480495237772086625e+01
1.630000000000000000e+02 7.878858684975432425e+01
1.640000000000000000e+02 8.293194701721282058e+01
1.650000000000000000e+02 8.723906410853790305e+01
1.660000000000000000e+02 9.171399160523799310e+01
1.670000000000000000e+02 9.636080353357931472e+01
1.680000000000000000e+02 1.011835927607339300e+02
1.690000000000000000e+02 1.061864692971770694e+02
1.700000000000000000e+02 1.113735586070553296e+02
1.710000000000000000e+02 1.167489999281749249e+02
1.720000000000000000e+02 1.223169446031889720e+02
1.730000000000000000e+02 1.280815544234908145e+02
1.740000000000000000e+02 1.340469999872493645e+02
1.750000000000000000e+02 1.402174590729529484e+02
1.760000000000000000e+02 1.465971150297564805e+02
1.770000000000000000e+02 1.531901551858601067e+02
1.780000000000000000e+02 1.600007692760765963e+02
1.790000000000000000e+02 1.670331478896799240e+02
1.800000000000000000e+02 1.742914809395588236e+02
1.810000000000000000e+02 1.817799561536374426e+02
1.820000000000000000e+02 1.895027575894564222e+02
1.830000000000000000e+02 1.974640641727515060e+02
1.840000000000000000e+02 2.056680482608003047e+02
1.850000000000000000e+02 2.141188742312506577e+02
1.860000000000000000e+02 2.228206970970871907e+02
1.870000000000000000e+02 2.317776611483320437e+02
1.880000000000000000e+02 2.409938986210260055e+02
1.890000000000000000e+02 2.504735283939780572e+02
1.900000000000000000e+02 2.602206547137222401e+02
1.910000000000000000e+02 2.702393659480709971e+02
1.920000000000000000e+02 2.805337333686028387e+02
1.930000000000000000e+02 2.911078099623791786e+02
1.940000000000000000e+02 3.019656292731355052e+02
1.950000000000000000e+02 3.131112042721547937e+02
1.960000000000000000e+02 3.245485262589807007e+02
1.970000000000000000e+02 3.362815637920973018e+02
1.980000000000000000e+02 3.483142616496555775e+02
1.990000000000000000e+02 3.606505398202948527e+02
2.000000000000000000e+02 3.732942925240695331e+02
2.010000000000000000e+02 3.862493872634605054e+02
2.020000000000000000e+02 3.995196639044130507e+02
2.030000000000000000e+02 4.131089337873186764e+02
2.040000000000000000e+02 4.270209788678254768e+02
2.050000000000000000e+02 4.412595508873340009e+02
2.060000000000000000e+02 4.558283705730104316e+02
2.070000000000000000e+02 4.707311268671230664e+02
2.080000000000000000e+02 4.859714761854863241e+02
2.090000000000000000e+02 5.015530417047719993e+02
2.100000000000000000e+02 5.174794126784273658e+02
2.110000000000000000e+02 5.337541437809228455e+02
2.120000000000000000e+02 5.503807544800282585e+02
2.130000000000000000e+02 5.673627284368060373e+02
2.140000000000000000e+02 5.847035129329880192e+02
2.150000000000000000e+02 6.024065183253903797e+02
2.160000000000000000e+02 6.204751175270107524e+02
2.170000000000000000e+02 6.389126455144308920e+02
2.180000000000000000e+02 6.577223988611432333e+02
2.190000000000000000e+02 6.769076352964084435e+02
2.200000000000000000e+02 6.964715732892402684e+02
2.210000000000000000e+02 7.164173916570999836e+02
2.220000000000000000e+02 7.367482291988890211e+02
2.230000000000000000e+02 7.574671843518035530e+02
2.240000000000000000e+02 7.785773148716239120e+02
2.250000000000000000e+02 8.000816375359960375e+02
2.260000000000000000e+02 8.219831278702617965e+02
2.270000000000000000e+02 8.442847198953941188e+02
2.280000000000000000e+02 8.669893058975803797e+02
2.290000000000000000e+02 8.900997362190068998e+02
2.300000000000000000e+02 9.136188190693821980e+02
2.310000000000000000e+02 9.375493203577515260e+02
2.320000000000000000e+02 9.618939635441344080e+02
2.330000000000000000e+02 9.866554295105363508e+02
2.340000000000000000e+02 1.011836356450873950e+03
2.350000000000000000e+02 1.037439339779354441e+03
2.360000000000000000e+02 1.063466932056858695e+03
2.370000000000000000e+02 1.089921642934868714e+03
2.380000000000000000e+02 1.116805939116494983e+03
2.390000000000000000e+02 1.144122244334144625e+03
2.400000000000000000e+02 1.171872939343392090e+03
2.410000000000000000e+02 1.200060361932605929e+03
2.420000000000000000e+02 1.228686806947889409e+03
2.430000000000000000e+02 1.257754526332903197e+03
2.440000000000000000e+02 1.287265729183135136e+03
2.450000000000000000e+02 1.317222581814188516e+03
2.460000000000000000e+02 1.347627207843668884e+03
2.470000000000000000e+02 1.378481688286244889e+03
2.480000000000000000e+02 1.409788061661480242e+03
2.490000000000000000e+02 1.441548324114013212e+03
2.500000000000000000e+02 1.473764429545694611e+03
2.510000000000000000e+02 1.506438289759282043e+03
2.520000000000000000e+02 1.539571774613288426e+03
2.530000000000000000e+02 1.573166712187622124e+03
2.540000000000000000e+02 1.607224888959609643e+03
2.550000000000000000e+02 1.641748049990051413e+03
2.560000000000000000e+02 1.676737899118923906e+03
2.570000000000000000e+02 1.712196099170383832e+03
2.580000000000000000e+02 1.748124272166697665e+03
2.590000000000000000e+02 1.784523999550768622e+03
2.600000000000000000e+02 1.821396822416901614e+03
2.610000000000000000e+02 1.858744241749477169e+03
2.620000000000000000e+02 1.896567718669204851e+03
2.630000000000000000e+02 1.934868674686625127e+03
2.640000000000000000e+02 1.973648491962552725e+03
2.650000000000000000e+02 2.012908513575140887e+03
2.660000000000000000e+02 2.052650043793267741e+03
2.670000000000000000e+02 2.092874348355944676e+03
2.680000000000000000e+02 2.133582654757454748e+03
2.690000000000000000e+02 2.174776152537939652e+03
2.700000000000000000e+02 2.216455993579148981e+03
2.710000000000000000e+02 2.258623292405090979e+03
2.720000000000000000e+02 2.301279126487298527e+03
2.730000000000000000e+02 2.344424536554480710e+03
2.740000000000000000e+02 2.388060526906276209e+03
2.750000000000000000e+02 2.432188065730876588e+03
2.760000000000000000e+02 2.476808085426279831e+03
2.770000000000000000e+02 2.521921482924932661e+03
2.780000000000000000e+02 2.567529120021527888e+03
2.790000000000000000e+02 2.613631823703751252e+03
2.800000000000000000e+02 2.660230386485740382e+03
2.810000000000000000e+02 2.707325566744053958e+03
2.820000000000000000e+02 2.754918089055945984e+03
2.830000000000000000e+02 2.803008644539743273e+03
2.840000000000000000e+02 2.851597891197126955e+03
2.850000000000000000e+02 2.900686454257137029e+03
2.860000000000000000e+02 2.950274926521708039e+03
2.870000000000000000e+02 3.000363868712563999e+03
2.880000000000000000e+02 3.050953809819296112e+03
2.890000000000000000e+02 3.102045247448455484e+03
2.900000000000000000e+02 3.153638648173492584e+03
2.910000000000000000e+02 3.205734447885403824e+03
2.920000000000000000e+02 3.258333052143904297e+03
2.930000000000000000e+02 3.311434836529005679e+03
2.940000000000000000e+02 3.365040146992833343e+03
2.950000000000000000e+02 3.419149300211564423e+03
2.960000000000000000e+02 3.473762583937329509e+03
2.970000000000000000e+02 3.528880257349973363e+03
2.980000000000000000e+02 3.584502551408530053e+03
2.990000000000000000e+02 3.640629669202296100e+03
3.000000000000000000e+02 3.697261786301395205e+03
3.010000000000000000e+02 3.754399051106698607e+03
3.020000000000000000e+02 3.812041585199026031e+03
3.030000000000000000e+02 3.870189483687483516e+03
3.040000000000000000e+02 3.928842815556872210e+03
3.050000000000000000e+02 3.988001624014048957e+03
3.060000000000000000e+02 4.047665926833154117e+03
3.070000000000000000e+02 4.107835716699610202e+03
3.080000000000000000e+02 4.168510961552818117e+03
3.090000000000000000e+02 4.229691604927452317e+03
3.100000000000000000e+02 4.291377566293286691e+03
3.110000000000000000e+02 4.353568741393472010e+03
3.120000000000000000e+02 4.416265002581184490e+03
3.130000000000000000e+02 4.479466199154591777e+03
3.140000000000000000e+02 4.543172157690056338e+03
3.150000000000000000e+02 4.607382682373517127e+03
3.160000000000000000e+02 4.672097555329981333e+03
3.170000000000000000e+02 4.737316536951087073e+03
3.180000000000000000e+02 4.803039366220658849e+03
3.190000000000000000e+02 4.869265761038222990e+03
3.200000000000000000e+02 4.935995418540419450e+03
3.210000000000000000e+02 5.003228015420258998e+03
3.220000000000000000e+02 5.070963208244211273e+03
3.230000000000000000e+02 5.139200633767036379e+03
3.240000000000000000e+02 5.207939909244357295e+03
3.250000000000000000e+02 5.277180632742907619e+03
3.260000000000000000e+02 5.346922383448448272e+03
3.270000000000000000e+02 5.417164721971294057e+03
3.280000000000000000e+02 5.487907190649420954e+03
3.290000000000000000e+02 5.559149313849145983e+03
3.300000000000000000e+02 5.630890598263332322e+03
3.310000000000000000e+02 5.703130533207096960e+03
3.320000000000000000e+02 5.775868590910999956e+03
3.330000000000000000e+02 5.849104226811701665e+03
3.340000000000000000e+02 5.922836879840051552e+03
3.350000000000000000e+02 5.997065972706600405e+03
3.360000000000000000e+02 6.071790912184517765e+03
3.370000000000000000e+02 6.147011089389906374e+03
3.380000000000000000e+02 6.222725880059480005e+03
3.390000000000000000e+02 6.298934644825607393e+03
3.400000000000000000e+02 6.375636729488721357e+03
3.410000000000000000e+02 6.452831465287059473e+03
3.420000000000000000e+02 6.530518169163739003e+03
3.430000000000000000e+02 6.608696144031177937e+03
3.440000000000000000e+02 6.687364679032815729e+03
3.450000000000000000e+02 6.766523049802169226e+03
3.460000000000000000e+02 6.846170518719211032e+03
3.470000000000000000e+02 6.926306335164037591e+03
3.480000000000000000e+02 7.006929735767880629e+03
3.490000000000000000e+02 7.088039944661403752e+03
3.500000000000000000e+02 7.169636173720343322e+03
3.510000000000000000e+02 7.251717622808442684e+03
3.520000000000000000e+02 7.334283480017717011e+03
3.530000000000000000e+02 7.417332921906048796e+03
3.540000000000000000e+02 7.500865113732097598e+03
3.550000000000000000e+02 7.584879209687558614e+03
3.560000000000000000e+02 7.669374353126756432e+03
3.570000000000000000e+02 7.754349676793591243e+03
3.580000000000000000e+02 7.839804303045839333e+03
3.590000000000000000e+02 7.925737344076816044e+03
3.600000000000000000e+02 8.012147902134432115e+03
3.610000000000000000e+02 8.099035069737604317e+03
3.620000000000000000e+02 8.186397929890099476e+03
3.630000000000000000e+02 8.274235556291749162e+03
3.640000000000000000e+02 8.362547013547115057e+03
3.650000000000000000e+02 8.451331357371562262e+03
3.660000000000000000e+02 8.540587634794801488e+03
3.670000000000000000e+02 8.630314884361861914e+03
3.680000000000000000e+02 8.720512136331544752e+03
3.690000000000000000e+02 8.811178412872406625e+03
3.700000000000000000e+02 8.902312728256154514e+03
3.710000000000000000e+02 8.993914089048650567e+03
3.720000000000000000e+02 9.085981494298379403e+03
3.730000000000000000e+02 9.178513935722508904e+03
3.740000000000000000e+02 9.271510397890493550e+03
3.750000000000000000e+02 9.364969858405260311e+03
3.760000000000000000e+02 9.458891288081989842e+03
3.770000000000000000e+02 9.553273651124531170e+03
3.780000000000000000e+02 9.648115905299426231e+03
3.790000000000000000e+02 9.743417002107591543e+03
3.800000000000000000e+02 9.839175886953675217e+03
3.810000000000000000e+02 9.935391499313096574e+03
3.820000000000000000e+02 1.003206277289677564e+04
3.830000000000000000e+02 1.012918863581361438e+04
3.840000000000000000e+02 1.022676801073069328e+04
3.850000000000000000e+02 1.032479981503124509e+04
3.860000000000000000e+02 1.042328296097040038e+04
3.870000000000000000e+02 1.052221635582873205e+04
3.880000000000000000e+02 1.062159890206362252e+04
3.890000000000000000e+02 1.072142949745847181e+04
3.900000000000000000e+02 1.082170703526974648e+04
3.910000000000000000e+02 1.092243040437192030e+04
3.920000000000000000e+02 1.102359848940031770e+04
3.930000000000000000e+02 1.112521017089184716e+04
3.940000000000000000e+02 1.122726432542369002e+04
3.950000000000000000e+02 1.132975982574995578e+04
3.960000000000000000e+02 1.143269554093627448e+04
3.970000000000000000e+02 1.153607033649243567e+04
3.980000000000000000e+02 1.163988307450299362e+04
3.990000000000000000e+02 1.174413261375594993e+04
4.000000000000000000e+02 1.184881780986944614e+04
4.010000000000000000e+02 1.195393751541659367e+04
4.020000000000000000e+02 1.205949058004833387e+04
4.030000000000000000e+02 1.216547585061445898e+04
4.040000000000000000e+02 1.227189217128273413e+04
4.050000000000000000e+02 1.237873838365622032e+04
4.060000000000000000e+02 1.248601332688871298e+04
4.070000000000000000e+02 1.259371583779843240e+04
4.080000000000000000e+02 1.270184475097987888e+04
4.090000000000000000e+02 1.281039889891396160e+04
4.100000000000000000e+02 1.291937711207635220e+04
4.110000000000000000e+02 1.302877821904413395e+04
4.120000000000000000e+02 1.313860104660072102e+04
4.130000000000000000e+02 1.324884441983909892e+04
4.140000000000000000e+02 1.335950716226342411e+04
4.150000000000000000e+02 1.347058809588891199e+04
4.160000000000000000e+02 1.358208604134014422e+04
4.170000000000000000e+02 1.369399981794774612e+04
4.180000000000000000e+02 1.380632824384349988e+04
4.190000000000000000e+02 1.391907013605380780e+04
4.200000000000000000e+02 1.403222431059170594e+04
4.210000000000000000e+02 1.414578958254723875e+04
4.220000000000000000e+02 1.425976476617640037e+04
4.230000000000000000e+02 1.437414867498851163e+04
4.240000000000000000e+02 1.448894012183215455e+04
4.250000000000000000e+02 1.460413791897963893e+04
4.260000000000000000e+02 1.471974087820999011e+04
4.270000000000000000e+02 1.483574781089057069e+04
4.280000000000000000e+02 1.495215752805721968e+04
4.290000000000000000e+02 1.506896884049305663e+04
4.300000000000000000e+02 1.518618055880589236e+04
4.310000000000000000e+02 1.530379149350427360e+04
4.320000000000000000e+02 1.542180045507219438e+04
4.330000000000000000e+02 1.554020625404248676e+04
4.340000000000000000e+02 1.565900770106890741e+04
4.350000000000000000e+02 1.577820360699692174e+04
4.360000000000000000e+02 1.589779278293322750e+04
4.370000000000000000e+02 1.601777404031403239e+04
4.380000000000000000e+02 1.613814619097206742e+04
4.390000000000000000e+02 1.625890804720237611e+04
4.400000000000000000e+02 1.638005842182693959e+04
4.410000000000000000e+02 1.650159612825806107e+04
4.420000000000000000e+02 1.662351998056059529e+04
4.430000000000000000e+02 1.674582879351302472e+04
4.440000000000000000e+02 1.686852138266736074e+04
4.450000000000000000e+02 1.699159656440798790e+04
4.460000000000000000e+02 1.711505315600929316e+04
4.470000000000000000e+02 1.723888997569228013e+04
4.480000000000000000e+02 1.736310584268005914e+04
4.490000000000000000e+02 1.748769957725229688e+04
4.500000000000000000e+02 1.761267000079854915e+04
4.510000000000000000e+02 1.773801593587065145e+04
4.520000000000000000e+02 1.786373620623401439e+04
4.530000000000000000e+02 1.798982963691791883e+04
4.540000000000000000e+02 1.811629505426481774e+04
4.550000000000000000e+02 1.824313128597866671e+04
4.560000000000000000e+02 1.837033716117229415e+04
4.570000000000000000e+02 1.849791151041378180e+04
4.580000000000000000e+02 1.862585316577192134e+04
4.590000000000000000e+02 1.875416096086074322e+04
4.600000000000000000e+02 1.888283373088313601e+04
4.610000000000000000e+02 1.901187031267357088e+04
4.620000000000000000e+02 1.914126954473988371e+04
4.630000000000000000e+02 1.927103026730427155e+04
4.640000000000000000e+02 1.940115132234332850e+04
4.650000000000000000e+02 1.953163155362730322e+04
4.660000000000000000e+02 1.966246980675849045e+04
4.670000000000000000e+02 1.979366492920876408e+04
4.680000000000000000e+02 1.992521577035638256e+04
4.690000000000000000e+02 2.005712118152188486e+04
4.700000000000000000e+02 2.018938001600328062e+04
4.710000000000000000e+02 2.032199112911039629e+04
4.720000000000000000e+02 2.045495337819853012e+04
4.730000000000000000e+02 2.058826562270123395e+04
4.740000000000000000e+02 2.072192672416251298e+04
4.750000000000000000e+02 2.085593554626812693e+04
4.760000000000000000e+02 2.099029095487625818e+04
4.770000000000000000e+02 2.112499181804748878e+04
4.780000000000000000e+02 2.126003700607397695e+04
4.790000000000000000e+02 2.139542539150806988e+04
4.800000000000000000e+02 2.153115584919010871e+04
4.810000000000000000e+02 2.166722725627568798e+04
4.820000000000000000e+02 2.180363849226212187e+04
4.830000000000000000e+02 2.194038843901441214e+04
4.840000000000000000e+02 2.207747598079042655e+04
4.850000000000000000e+02 2.221490000426555707e+04
4.860000000000000000e+02 2.235265939855672696e+04
4.870000000000000000e+02 2.249075305524573196e+04
4.880000000000000000e+02 2.262917986840208323e+04
4.890000000000000000e+02 2.276793873460517716e+04
4.900000000000000000e+02 2.290702855296589405e+04
4.910000000000000000e+02 2.304644822514768020e+04
4.920000000000000000e+02 2.318619665538698609e+04
4.930000000000000000e+02 2.332627275051320248e+04
4.940000000000000000e+02 2.346667541996804357e+04
4.950000000000000000e+02 2.360740357582438082e+04
4.960000000000000000e+02 2.374845613280453108e+04
4.970000000000000000e+02 2.388983200829807902e+04
4.980000000000000000e+02 2.403153012237911389e+04
4.990000000000000000e+02 2.417354939782303700e+04
5.000000000000000000e+02 2.431588876012280889e+04
5.010000000000000000e+02 2.445854713750474912e+04
5.020000000000000000e+02 2.460152346094384484e+04
5.030000000000000000e+02 2.474481666417855740e+04
5.040000000000000000e+02 2.488842568372524329e+04
5.050000000000000000e+02 2.503234945889201845e+04
5.060000000000000000e+02 2.517658693179222973e+04
5.070000000000000000e+02 2.532113704735750071e+04
5.080000000000000000e+02 2.546599875335028264e+04
5.090000000000000000e+02 2.561117100037605269e+04
5.100000000000000000e+02 2.575665274189501361e+04
5.110000000000000000e+02 2.590244293423341151e+04
5.120000000000000000e+02 2.604854053659450801e+04
5.130000000000000000e+02 2.619494451106902125e+04
5.140000000000000000e+02 2.634165382264532309e+04
5.150000000000000000e+02 2.648866743921910893e+04
5.160000000000000000e+02 2.663598433160280911e+04
5.170000000000000000e+02 2.678360347353452744e+04
5.180000000000000000e+02 2.693152384168669596e+04
5.190000000000000000e+02 2.707974441567428585e+04
5.200000000000000000e+02 2.722826417806276004e+04
5.210000000000000000e+02 2.737708211437556747e+04
5.220000000000000000e+02 2.752619721310140085e+04
5.230000000000000000e+02 2.767560846570103240e+04
5.240000000000000000e+02 2.782531486661386589e+04
5.250000000000000000e+02 2.797531541326415754e+04
5.260000000000000000e+02 2.812560910606691323e+04
5.270000000000000000e+02 2.827619494843345092e+04
5.280000000000000000e+02 2.842707194677669031e+04
5.290000000000000000e+02 2.857823911051611503e+04
5.300000000000000000e+02 2.872969545208244745e+04
5.310000000000000000e+02 2.888143998692203240e+04
5.320000000000000000e+02 2.903347173350091907e+04
5.330000000000000000e+02 2.918578971330867716e+04
5.340000000000000000e+02 2.933839295086192942e+04
5.350000000000000000e+02 2.949128047370760396e+04
5.360000000000000000e+02 2.964445131242596835e+04
5.370000000000000000e+02 2.979790450063328535e+04
5.380000000000000000e+02 2.995163907498437402e+04
5.390000000000000000e+02 3.010565407517474159e+04
5.400000000000000000e+02 3.025994854394264985e+04
5.410000000000000000e+02 3.041452152707075948e+04
5.420000000000000000e+02 3.056937207338768712e+04
5.430000000000000000e+02 3.072449923476920958e+04
5.440000000000000000e+02 3.087990206613932969e+04
5.450000000000000000e+02 3.103557962547103671e+04
5.460000000000000000e+02 3.119153097378692109e+04
5.470000000000000000e+02 3.134775517515950196e+04
5.480000000000000000e+02 3.150425129671140166e+04
5.490000000000000000e+02 3.166101840861524397e+04
5.500000000000000000e+02 3.181805558409343939e+04
5.510000000000000000e+02 3.197536189941765770e+04
5.520000000000000000e+02 3.213293643390820216e+04
5.530000000000000000e+02 3.229077826993311828e+04
5.540000000000000000e+02 3.244888649290714966e+04
5.550000000000000000e+02 3.260726019129052656e+04
5.560000000000000000e+02 3.276589845658749982e+04
5.570000000000000000e+02 3.292480038334475830e+04
5.580000000000000000e+02 3.308396506914967176e+04
5.590000000000000000e+02 3.324339161462830816e+04
5.600000000000000000e+02 3.340307912344333454e+04
5.610000000000000000e+02 3.356302670229175419e+04
5.620000000000000000e+02 3.372323346090240375e+04
5.630000000000000000e+02 3.388369851203342114e+04
5.640000000000000000e+02 3.404442097146940796e+04
5.650000000000000000e+02 3.420539995801860641e+04
5.660000000000000000e+02 3.436663459350977791e+04
5.670000000000000000e+02 3.452812400278897258e+04
5.680000000000000000e+02 3.468986731371626956e+04
5.690000000000000000e+02 3.485186365716219734e+04
5.700000000000000000e+02 3.501411216700417572e+04
5.710000000000000000e+02 3.517661198012266686e+04
5.720000000000000000e+02 3.533936223639738455e+04
5.730000000000000000e+02 3.550236207870319777e+04
5.740000000000000000e+02 3.566561065290599799e+04
5.750000000000000000e+02 3.582910710785847186e+04
5.760000000000000000e+02 3.599285059539563372e+04
5.770000000000000000e+02 3.615684027033036546e+04
5.780000000000000000e+02 3.632107529044878174e+04
5.790000000000000000e+02 3.648555481650550064e+04
5.800000000000000000e+02 3.665027801221878326e+04
5.810000000000000000e+02 3.681524404426555702e+04
5.820000000000000000e+02 3.698045208227638796e+04
5.830000000000000000e+02 3.714590129883032932e+04
5.840000000000000000e+02 3.731159086944958108e+04
5.850000000000000000e+02 3.747751997259422205e+04
5.860000000000000000e+02 3.764368778965665842e+04
5.870000000000000000e+02 3.781009350495616673e+04
5.880000000000000000e+02 3.797673630573316041e+04
5.890000000000000000e+02 3.814361538214350003e+04
5.900000000000000000e+02 3.831072992725267977e+04
5.910000000000000000e+02 3.847807913702986116e+04
5.920000000000000000e+02 3.864566221034198679e+04
5.930000000000000000e+02 3.881347834894760308e+04
5.940000000000000000e+02 3.898152675749076298e+04
5.950000000000000000e+02 3.914980664349478320e+04
5.960000000000000000e+02 3.931831721735597966e+04
5.970000000000000000e+02 3.948705769233722822e+04
5.980000000000000000e+02 3.965602728456155455e+04
5.990000000000000000e+02 3.982522521300562221e+04
6.000000000000000000e+02 3.999465069949311146e+04
6.010000000000000000e+02 4.016430296868812002e+04
6.020000000000000000e+02 4.033418124808842549e+04
6.030000000000000000e+02 4.050428476801866782e+04
6.040000000000000000e+02 4.067461276162357535e+04
6.050000000000000000e+02 4.084516446486101631e+04
6.060000000000000000e+02 4.101593911649511574e+04
6.070000000000000000e+02 4.118693595808911778e+04
6.080000000000000000e+02 4.135815423399843712e+04
6.090000000000000000e+02 4.152959319136352860e+04
6.100000000000000000e+02 4.170125208010262577e+04
6.110000000000000000e+02 4.187313015290466865e+04
6.120000000000000000e+02 4.204522666522185318e+04
6.130000000000000000e+02 4.221754087526250805e+04
6.140000000000000000e+02 4.239007204398357862e+04
6.150000000000000000e+02 4.256281943508333643e+04
6.160000000000000000e+02 4.273578231499385583e+04
6.170000000000000000e+02 4.290895995287357800e+04
6.180000000000000000e+02 4.308235162059975119e+04
6.190000000000000000e+02 4.325595659276088554e+04
6.200000000000000000e+02 4.342977414664913522e+04
6.210000000000000000e+02 4.360380356225266587e+04
6.220000000000000000e+02 4.377804412224797852e+04
6.230000000000000000e+02 4.395249511199222616e+04
6.240000000000000000e+02 4.412715581951546483e+04
6.250000000000000000e+02 4.430202553551280289e+04
6.260000000000000000e+02 4.447710355333672487e+04
6.270000000000000000e+02 4.465238916898922616e+04
6.280000000000000000e+02 4.482788168111388950e+04
6.290000000000000000e+02 4.500358039098807058e+04
6.300000000000000000e+02 4.517948460251498182e+04
6.310000000000000000e+02 4.535559362221571791e+04
6.320000000000000000e+02 4.553190675922133232e+04
6.330000000000000000e+02 4.570842332526486280e+04
6.340000000000000000e+02 4.588514263467332057e+04
6.350000000000000000e+02 4.606206400435966498e+04
6.360000000000000000e+02 4.623918675381473440e+04
6.370000000000000000e+02 4.641651020509925729e+04
6.380000000000000000e+02 4.659403368283573946e+04
6.390000000000000000e+02 4.677175651420035138e+04
6.400000000000000000e+02 4.694967802891482279e+04
6.410000000000000000e+02 4.712779755923837365e+04
6.420000000000000000e+02 4.730611443995949230e+04
6.430000000000000000e+02 4.748462800838785915e+04
6.440000000000000000e+02 4.766333760434613941e+04
6.450000000000000000e+02 4.784224257016184129e+04
6.460000000000000000e+02 4.802134225065906503e+04
6.470000000000000000e+02 4.820063599315044121e+04
6.480000000000000000e+02 4.838012314742872695e+04
6.490000000000000000e+02 4.855980306575880968e+04
6.500000000000000000e+02 4.873967510286935430e+04
6.510000000000000000e+02 4.891973861594457412e+04
6.520000000000000000e+02 4.909999296461607446e+04
6.530000000000000000e+02 4.928043751095458720e+04
6.540000000000000000e+02 4.946107161946166161e+04
6.550000000000000000e+02 4.964189465706150077e+04
6.560000000000000000e+02 4.982290599309271784e+04
6.570000000000000000e+02 5.000410499929997604e+04
6.580000000000000000e+02 5.018549104982588324e+04
6.590000000000000000e+02 5.036706352120258816e+04
6.600000000000000000e+02 5.054882179234368959e+04
6.610000000000000000e+02 5.073076524453578895e+04
6.620000000000000000e+02 5.091289326143037761e+04
6.630000000000000000e+02 5.109520522903557139e+04
6.640000000000000000e+02 5.127770053570775781e+04
6.650000000000000000e+02 5.146037857214344695e+04
6.660000000000000000e+02 5.164323873137099145e+04
6.670000000000000000e+02 5.182628040874231374e+04
6.680000000000000000e+02 5.200950300192469876e+04
6.690000000000000000e+02 5.219290591089254303e+04
6.700000000000000000e+02 5.237648853791916918e+04
6.710000000000000000e+02 5.256025028756844404e+04
6.720000000000000000e+02 5.274419056668678240e+04
6.730000000000000000e+02 5.292830878439476510e+04
6.740000000000000000e+02 5.311260435207898990e+04
6.750000000000000000e+02 5.329707668338386429e+04
6.760000000000000000e+02 5.348172519420341268e+04
6.770000000000000000e+02 5.366654930267310556e+04
6.780000000000000000e+02 5.385154842916163761e+04
6.790000000000000000e+02 5.403672199626283691e+04
6.800000000000000000e+02 5.422206942878740665e+04
6.810000000000000000e+02 5.440759015375488525e+04
6.820000000000000000e+02 5.459328360038539540e+04
6.830000000000000000e+02 5.477914920009163325e+04
6.840000000000000000e+02 5.496518638647066837e+04
6.850000000000000000e+02 5.515139459529583110e+04
6.860000000000000000e+02 5.533777326450870169e+04
6.870000000000000000e+02 5.552432183421093941e+04
6.880000000000000000e+02 5.571103974665627175e+04
6.890000000000000000e+02 5.589792644624241075e+04
6.900000000000000000e+02 5.608498137950299861e+04
6.910000000000000000e+02 5.627220399509961862e+04
6.920000000000000000e+02 5.645959374381371163e+04
6.930000000000000000e+02 5.664715007853866700e+04
6.940000000000000000e+02 5.683487245427173912e+04
6.950000000000000000e+02 5.702276032810612378e+04
6.960000000000000000e+02 5.721081315922299837e+04
6.970000000000000000e+02 5.739903040888354735e+04
6.980000000000000000e+02 5.758741154042109702e+04
6.990000000000000000e+02 5.777595601923310460e+04
7.000000000000000000e+02 5.796466331277335848e+04
7.010000000000000000e+02 5.815353289054402558e+04
7.020000000000000000e+02 5.834256422408785147e+04
7.030000000000000000e+02 5.853175678698022966e+04
7.040000000000000000e+02 5.872111005482145993e+04
7.050000000000000000e+02 5.891062350522886118e+04
7.060000000000000000e+02 5.910029661782901530e+04
7.070000000000000000e+02 5.929012887424999644e+04
7.080000000000000000e+02 5.948011975811355660e+04
7.090000000000000000e+02 5.967026875502745679e+04
7.100000000000000000e+02 5.986057535257765994e+04
7.110000000000000000e+02 6.005103904032071296e+04
7.120000000000000000e+02 6.024165930977594689e+04
7.130000000000000000e+02 6.043243565441796090e+04
7.140000000000000000e+02 6.062336756966880057e+04
7.150000000000000000e+02 6.081445455289047095e+04
7.160000000000000000e+02 6.100569610337721679e+04
7.170000000000000000e+02 6.119709172234801372e+04
7.180000000000000000e+02 6.138864091293894307e+04
7.190000000000000000e+02 6.158034318019564671e+04
7.200000000000000000e+02 6.177219803106581821e+04
7.210000000000000000e+02 6.196420497439166502e+04
7.220000000000000000e+02 6.215636352090242872e+04
7.230000000000000000e+02 6.234867318320689083e+04
7.240000000000000000e+02 6.254113347578595130e+04
7.250000000000000000e+02 6.273374391498520708e+04
7.260000000000000000e+02 6.292650401900747966e+04
7.270000000000000000e+02 6.311941330790548091e+04
7.280000000000000000e+02 6.331247130357442802e+04
7.290000000000000000e+02 6.350567752974470204e+04
7.300000000000000000e+02 6.369903151197450643e+04
7.310000000000000000e+02 6.389253277764258382e+04
7.320000000000000000e+02 6.408618085594088916e+04
7.330000000000000000e+02 6.427997527786740102e+04
7.340000000000000000e+02 6.447391557621881657e+04
7.350000000000000000e+02 6.466800128558337019e+04
7.360000000000000000e+02 6.486223194233359391e+04
7.370000000000000000e+02 6.505660708461920876e+04
7.380000000000000000e+02 6.525112625235989981e+04
7.390000000000000000e+02 6.544578898723825114e+04
7.400000000000000000e+02 6.564059483269257180e+04
7.410000000000000000e+02 6.583554333390991087e+04
7.420000000000000000e+02 6.603063403781884699e+04
7.430000000000000000e+02 6.622586649308257620e+04
7.440000000000000000e+02 6.642124025009181059e+04
7.450000000000000000e+02 6.661675486095783708e+04
7.460000000000000000e+02 6.681240987950556155e+04
7.470000000000000000e+02 6.700820486126640753e+04
7.480000000000000000e+02 6.720413936347163690e+04
7.490000000000000000e+02 6.740021294504514663e+04
7.500000000000000000e+02 6.759642516659689136e+04
7.510000000000000000e+02 6.779277559041578206e+04
7.520000000000000000e+02 6.798926378046294849e+04
7.530000000000000000e+02 6.818588930236494343e+04
7.540000000000000000e+02 6.838265172340693243e+04
7.550000000000000000e+02 6.857955061252585438e+04
7.560000000000000000e+02 6.877658554030380037e+04
7.570000000000000000e+02 6.897375607896117435e+04
7.580000000000000000e+02 6.917106180235014472e+04
7.590000000000000000e+02 6.936850228594771761e+04
7.600000000000000000e+02 6.956607710684933409e+04
7.610000000000000000e+02 6.976378584376210347e+04
7.620000000000000000e+02 6.996162807699828409e+04
7.630000000000000000e+02 7.015960338846861850e+04
7.640000000000000000e+02 7.035771136167571240e+04
7.650000000000000000e+02 7.055595158170773357e+04
7.660000000000000000e+02 7.075432363523163076e+04
7.670000000000000000e+02 7.095282711048680358e+04
7.680000000000000000e+02 7.115146159727865597e+04
7.690000000000000000e+02 7.135022668697191693e+04
7.700000000000000000e+02 7.154912197248454322e+04
7.710000000000000000e+02 7.174814704828106915e+04
7.720000000000000000e+02 7.194730151036639290e+04
7.730000000000000000e+02 7.214658495627928642e+04
7.740000000000000000e+02 7.234599698508619622e+04
7.750000000000000000e+02 7.254553719737484062e+04
7.760000000000000000e+02 7.274520519524799602e+04
7.770000000000000000e+02 7.294500058231710864e+04
7.780000000000000000e+02 7.314492296369631367e+04
7.790000000000000000e+02 7.334497194599591603e+04
7.800000000000000000e+02 7.354514713731639495e+04
7.810000000000000000e+02 7.374544814724223397e+04
7.820000000000000000e+02 7.394587458683566365e+04
7.830000000000000000e+02 7.414642606863065157e+04
7.840000000000000000e+02 7.434710220662671782e+04
7.850000000000000000e+02 7.454790261628295411e+04
7.860000000000000000e+02 7.474882691451185383e+04
7.870000000000000000e+02 7.494987471967341844e+04
7.880000000000000000e+02 7.515104565156908939e+04
7.890000000000000000e+02 7.535233933143566537e+04
7.900000000000000000e+02 7.555375538193953980e+04
7.910000000000000000e+02 7.575529342717057443e+04
7.920000000000000000e+02 7.595695309263635136e+04
7.930000000000000000e+02 7.615873400525617762e+04
7.940000000000000000e+02 7.636063579335516260e+04
7.950000000000000000e+02 7.656265808665861550e+04
7.960000000000000000e+02 7.676480051628586079e+04
7.970000000000000000e+02 7.696706271474481036e+04
7.980000000000000000e+02 7.716944431592592446e+04
7.990000000000000000e+02 7.737194495509649278e+04
8.000000000000000000e+02 7.757456426889510476e+04
8.010000000000000000e+02 7.777730189532565419e+04
8.020000000000000000e+02 7.798015747375185310e+04
8.030000000000000000e+02 7.818313064489145472e+04
8.040000000000000000e+02 7.838622105081070913e+04
8.050000000000000000e+02 7.858942833491862984e+04
8.060000000000000000e+02 7.879275214196150773e+04
8.070000000000000000e+02 7.899619211801729398e+04
8.080000000000000000e+02 7.919974791048999759e+04
8.090000000000000000e+02 7.940341916810422845e+04
8.100000000000000000e+02 7.960720554089962388e+04
8.110000000000000000e+02 7.981110668022543541e+04
8.120000000000000000e+02 8.001512223873504263e+04
8.130000000000000000e+02 8.021925187038039439e+04
8.140000000000000000e+02 8.042349523040679924e+04
8.150000000000000000e+02 8.062785197534736653e+04
8.160000000000000000e+02 8.083232176301768050e+04
8.170000000000000000e+02 8.103690425251044508e+04
8.180000000000000000e+02 8.124159910419015796e+04
8.190000000000000000e+02 8.144640597968779912e+04
8.200000000000000000e+02 8.165132454189553391e+04
8.210000000000000000e+02 8.185635445496143075e+04
8.220000000000000000e+02 8.206149538428425149e+04
8.230000000000000000e+02 8.226674699650821276e+04
8.240000000000000000e+02 8.247210895951777638e+04
8.250000000000000000e+02 8.267758094243239611e+04
8.260000000000000000e+02 8.288316261560155544e+04
8.270000000000000000e+02 8.308885365059944161e+04
8.280000000000000000e+02 8.329465372021989606e+04
8.290000000000000000e+02 8.350056249847124855e+04
8.300000000000000000e+02 8.370657966057144222e+04
8.310000000000000000e+02 8.391270488294272218e+04
8.320000000000000000e+02 8.411893784320677514e+04
8.330000000000000000e+02 8.432527822017970902e+04
8.340000000000000000e+02 8.453172569386687246e+04
8.350000000000000000e+02 8.473827994545822730e+04
8.360000000000000000e+02 8.494494065732302261e+04
8.370000000000000000e+02 8.515170751300516713e+04
8.380000000000000000e+02 8.535858019721813616e+04
8.390000000000000000e+02 8.556555839584015484e+04
8.400000000000000000e+02 8.577264179590932326e+04
8.410000000000000000e+02 8.597983008561879979e+04
8.420000000000000000e+02 8.618712295431192615e+04
8.430000000000000000e+02 8.639452009247742535e+04
8.440000000000000000e+02 8.660202119174459949e+04
8.450000000000000000e+02 8.680962594487868773e+04
8.460000000000000000e+02 8.701733404577588954e+04
8.470000000000000000e+02 8.722514518945896998e+04
8.480000000000000000e+02 8.743305907207218115e+04
8.490000000000000000e+02 8.764107539087680925e+04
8.500000000000000000e+02 8.784919384424654709e+04
8.510000000000000000e+02 8.805741413166264829e+04
8.520000000000000000e+02 8.826573595370944531e+04
8.530000000000000000e+02 8.847415901206975104e+04
8.540000000000000000e+02 8.868268300952020218e+04
8.550000000000000000e+02 8.889130764992668992e+04
8.560000000000000000e+02 8.910003263823990710e+04
8.570000000000000000e+02 8.930885768049072067e+04
8.580000000000000000e+02 8.951778248378573335e+04
8.590000000000000000e+02 8.972680675630271435e+04
8.600000000000000000e+02 8.993593020728623378e+04
8.610000000000000000e+02 9.014515254704312247e+04
8.620000000000000000e+02 9.035447348693804815e+04
8.630000000000000000e+02 9.056389273938923725e+04
8.640000000000000000e+02 9.077341001786381821e+04
8.650000000000000000e+02 9.098302503687371791e+04
8.660000000000000000e+02 9.119273751197116508e+04
8.670000000000000000e+02 9.140254715974436840e+04
8.680000000000000000e+02 9.161245369781323825e+04
8.690000000000000000e+02 9.182245684482496290e+04
8.700000000000000000e+02 9.203255632044996310e+04
8.710000000000000000e+02 9.224275184537735186e+04
8.720000000000000000e+02 9.245304314131093270e+04
8.730000000000000000e+02 9.266342993096483406e+04
8.740000000000000000e+02 9.287391193805934745e+04
8.750000000000000000e+02 9.308448888731663465e+04
8.760000000000000000e+02 9.329516050445682777e+04
8.770000000000000000e+02 9.350592651619350363e+04
8.780000000000000000e+02 9.371678665022995847e+04
8.790000000000000000e+02 9.392774063525465317e+04
8.800000000000000000e+02 9.413878820093751710e+04
8.810000000000000000e+02 9.434992907792558253e+04
8.820000000000000000e+02 9.456116299783912837e+04
8.830000000000000000e+02 9.477248969326737279e+04
8.840000000000000000e+02 9.498390889776482072e+04
8.850000000000000000e+02 9.519542034584682551e+04
8.860000000000000000e+02 9.540702377298600913e+04
8.870000000000000000e+02 9.561871891560795484e+04
8.880000000000000000e+02 9.583050551108738000e+04
8.890000000000000000e+02 9.604238329774433805e+04
8.900000000000000000e+02 9.625435201483999845e+04
8.910000000000000000e+02 9.646641140257297957e+04
8.920000000000000000e+02 9.667856120207539061e+04
8.930000000000000000e+02 9.689080115540888801e+04
8.940000000000000000e+02 9.710313100556096470e+04
8.950000000000000000e+02 9.731555049644093378e+04
8.960000000000000000e+02 9.752805937287630513e+04
8.970000000000000000e+02 9.774065738060872536e+04
8.980000000000000000e+02 9.795334426629058726e+04
8.990000000000000000e+02 9.816611977748076606e+04
9.000000000000000000e+02 9.837898366264125798e+04
9.010000000000000000e+02 9.859193567113322206e+04
9.020000000000000000e+02 9.880497555321344407e+04
9.030000000000000000e+02 9.901810306003039295e+04
9.040000000000000000e+02 9.923131794362074288e+04
9.050000000000000000e+02 9.944461995690558979e+04
9.060000000000000000e+02 9.965800885368685704e+04
9.070000000000000000e+02 9.987148438864359923e+04
9.080000000000000000e+02 1.000850463173283642e+05
9.090000000000000000e+02 1.002986943961637153e+05
9.100000000000000000e+02 1.005124283824384911e+05
9.110000000000000000e+02 1.007262480343042553e+05
9.120000000000000000e+02 1.009401531107718329e+05
9.130000000000000000e+02 1.011541433717076579e+05
9.140000000000000000e+02 1.013682185778303101e+05
9.150000000000000000e+02 1.015823784907069057e+05
9.160000000000000000e+02 1.017966228727498528e+05
9.170000000000000000e+02 1.020109514872129221e+05
9.180000000000000000e+02 1.022253640981883073e+05
9.190000000000000000e+02 1.024398604706026963e+05
9.200000000000000000e+02 1.026544403702141863e+05
9.210000000000000000e+02 1.028691035636086744e+05
9.220000000000000000e+02 1.030838498181965260e+05
9.230000000000000000e+02 1.032986789022091252e+05
9.240000000000000000e+02 1.035135905846955429e+05
9.250000000000000000e+02 1.037285846355192043e+05
9.260000000000000000e+02 1.039436608253544546e+05
9.270000000000000000e+02 1.041588189256833575e+05
9.280000000000000000e+02 1.043740587087921740e+05
9.290000000000000000e+02 1.045893799477683351e+05
9.300000000000000000e+02 1.048047824164968479e+05
9.310000000000000000e+02 1.050202658896573994e+05
9.320000000000000000e+02 1.052358301427206316e+05
9.330000000000000000e+02 1.054514749519452889e+05
9.340000000000000000e+02 1.056672000943748571e+05
9.350000000000000000e+02 1.058830053478342743e+05
9.360000000000000000e+02 1.060988904909268604e+05
9.370000000000000000e+02 1.063148553030309995e+05
9.380000000000000000e+02 1.065308995642971131e+05
9.390000000000000000e+02 1.067470230556443421e+05
9.400000000000000000e+02 1.069632255587575200e+05
9.410000000000000000e+02 1.071795068560840300e+05
9.420000000000000000e+02 1.073958667308306322e+05
9.430000000000000000e+02 1.076123049669604225e+05
9.440000000000000000e+02 1.078288213491897041e+05
9.450000000000000000e+02 1.080454156629848731e+05
9.460000000000000000e+02 1.082620876945595082e+05
9.470000000000000000e+02 1.084788372308711550e+05
9.480000000000000000e+02 1.086956640596184152e+05
9.490000000000000000e+02 1.089125679692377889e+05
9.500000000000000000e+02 1.091295487489008665e+05
9.510000000000000000e+02 1.093466061885111412e+05
9.520000000000000000e+02 1.095637400787010993e+05
9.530000000000000000e+02 1.097809502108293091e+05
9.540000000000000000e+02 1.099982363769774238e+05
9.550000000000000000e+02 1.102155983699471835e+05
9.560000000000000000e+02 1.104330359832576069e+05
9.570000000000000000e+02 1.106505490111419203e+05
9.580000000000000000e+02 1.108681372485448665e+05
9.590000000000000000e+02 1.110858004911196185e+05
9.600000000000000000e+02 1.113035385352250014e+05
9.610000000000000000e+02 1.115213511779225810e+05
9.620000000000000000e+02 1.117392382169738994e+05
9.630000000000000000e+02 1.119571994508375792e+05
9.640000000000000000e+02 1.121752346786664275e+05
9.650000000000000000e+02 1.123933437003047875e+05
9.660000000000000000e+02 1.126115263162855554e+05
9.670000000000000000e+02 1.128297823278275901e+05
9.680000000000000000e+02 1.130481115368327446e+05
9.690000000000000000e+02 1.132665137458832323e+05
9.700000000000000000e+02 1.134849887582388037e+05
9.710000000000000000e+02 1.137035363778341271e+05
9.720000000000000000e+02 1.139221564092758781e+05
9.730000000000000000e+02 1.141408486578401935e+05
9.740000000000000000e+02 1.143596129294698476e+05
9.750000000000000000e+02 1.145784490307716769e+05
9.760000000000000000e+02 1.147973567690137716e+05
9.770000000000000000e+02 1.150163359521229286e+05
9.780000000000000000e+02 1.152353863886819454e+05
9.790000000000000000e+02 1.154545078879269713e+05
9.800000000000000000e+02 1.156737002597449027e+05
9.810000000000000000e+02 1.158929633146707347e+05
9.820000000000000000e+02 1.161122968638849125e+05
9.830000000000000000e+02 1.163317007192109304e+05
9.840000000000000000e+02 1.165511746931124944e+05
9.850000000000000000e+02 1.167707185986910627e+05
9.860000000000000000e+02 1.169903322496834007e+05
9.870000000000000000e+02 1.172100154604587879e+05
9.880000000000000000e+02 1.174297680460166739e+05
9.890000000000000000e+02 1.176495898219841183e+05
9.900000000000000000e+02 1.178694806046131271e+05
9.910000000000000000e+02 1.180894402107784117e+05
9.920000000000000000e+02 1.183094684579746536e+05
9.930000000000000000e+02 1.185295651643141609e+05
9.940000000000000000e+02 1.187497301485242933e+05
9.950000000000000000e+02 1.189699632299451623e+05
9.960000000000000000e+02 1.191902642285269976e+05
9.970000000000000000e+02 1.194106329648278188e+05
9.980000000000000000e+02 1.196310692600109614e+05
9.990000000000000000e+02 1.198515729358427780e+05
