# BB temperature (K); Intensity through filter (ph/s/m^2/mas^2)
1.000000000000000000e+01 0.000000000000000000e+00
1.100000000000000000e+01 0.000000000000000000e+00
1.200000000000000000e+01 0.000000000000000000e+00
1.300000000000000000e+01 0.000000000000000000e+00
1.400000000000000000e+01 0.000000000000000000e+00
1.500000000000000000e+01 0.000000000000000000e+00
1.600000000000000000e+01 0.000000000000000000e+00
1.700000000000000000e+01 0.000000000000000000e+00
1.800000000000000000e+01 0.000000000000000000e+00
1.900000000000000000e+01 0.000000000000000000e+00
2.000000000000000000e+01 0.000000000000000000e+00
2.100000000000000000e+01 1.338085064254999139e-18
2.200000000000000000e+01 1.501096541859108799e-17
2.300000000000000000e+01 1.365346478067109425e-16
2.400000000000000000e+01 1.033594519170507703e-15
2.500000000000000000e+01 6.657010243002827858e-15
2.600000000000000000e+01 3.716310970964547306e-14
2.700000000000000000e+01 1.826986780649333421e-13
2.800000000000000000e+01 8.017774476724111810e-13
2.900000000000000000e+01 3.178035764471307548e-12
3.000000000000000000e+01 1.149380699065700564e-11
3.100000000000000000e+01 3.826610392965514604e-11
3.200000000000000000e+01 1.181884348566489689e-10
3.300000000000000000e+01 3.409604336853869816e-10
3.400000000000000000e+01 9.242972678602497512e-10
3.500000000000000000e+01 2.367066999357511913e-09
3.600000000000000000e+01 5.753823919226940552e-09
3.700000000000000000e+01 1.333164396749794015e-08
3.800000000000000000e+01 2.955515037089176629e-08
3.900000000000000000e+01 6.290397210727292072e-08
4.000000000000000000e+01 1.289271514023535594e-07
4.100000000000000000e+01 2.551695919370257773e-07
4.200000000000000000e+01 4.888939089717265938e-07
4.300000000000000000e+01 9.088325163160002397e-07
4.400000000000000000e+01 1.642592230363767123e-06
4.500000000000000000e+01 2.891786380289219962e-06
4.600000000000000000e+01 4.967482683725650850e-06
4.700000000000000000e+01 8.339120040026071863e-06
4.800000000000000000e+01 1.370065080041745701e-05
4.900000000000000000e+01 2.205829009644248479e-05
5.000000000000000000e+01 3.484488041340565243e-05
5.100000000000000000e+01 5.406648550770425777e-05
5.200000000000000000e+01 8.248738950933918231e-05
5.300000000000000000e+01 1.238601710695676607e-04
5.400000000000000000e+01 1.832079261987496226e-04
5.500000000000000000e+01 2.671660065729555009e-04
5.600000000000000000e+01 3.843908051566805560e-04
5.700000000000000000e+01 5.460431443175760811e-04
5.800000000000000000e+01 7.663536937836641985e-04
5.900000000000000000e+01 1.063277561964764495e-03
6.000000000000000000e+01 1.459244764127494952e-03
6.100000000000000000e+01 1.982012679007068897e-03
6.200000000000000000e+01 2.665625870222182968e-03
6.300000000000000000e+01 3.551487782684010358e-03
6.400000000000000000e+01 4.689547842642656679e-03
6.500000000000000000e+01 6.139606411282831286e-03
6.600000000000000000e+01 7.972738885983092494e-03
6.700000000000000000e+01 1.027283903185646254e-02
6.800000000000000000e+01 1.313828038094594537e-02
6.900000000000000000e+01 1.668369327937227475e-02
7.000000000000000000e+01 2.104185391513911998e-02
7.100000000000000000e+01 2.636568044142088146e-02
7.200000000000000000e+01 3.283033014071749106e-02
7.300000000000000000e+01 4.063539047115950070e-02
7.400000000000000000e+01 5.000715581231562901e-02
7.500000000000000000e+01 6.120098079668776642e-02
7.600000000000000000e+01 7.450370028494858465e-02
7.700000000000000000e+01 9.023610532580861321e-02
7.800000000000000000e+01 1.087554638408162189e-01
7.900000000000000000e+01 1.304580742937929694e-01
8.000000000000000000e+01 1.557818402453016449e-01
8.100000000000000000e+01 1.852088534539160225e-01
8.200000000000000000e+01 2.192679730657501880e-01
8.300000000000000000e+01 2.585373884278029388e-01
8.400000000000000000e+01 3.036471531639498567e-01
8.500000000000000000e+01 3.552816783584956117e-01
8.600000000000000000e+01 4.141821729938301444e-01
8.700000000000000000e+01 4.811490201779112796e-01
8.800000000000000000e+01 5.570440781655322526e-01
8.900000000000000000e+01 6.427928957157803547e-01
9.000000000000000000e+01 7.393868319277251411e-01
9.100000000000000000e+01 8.478850713481584922e-01
9.200000000000000000e+01 9.694165258401653551e-01
9.300000000000000000e+01 1.105181615430739894e+00
9.400000000000000000e+01 1.256453921111091443e+00
9.500000000000000000e+01 1.424581703336739613e+00
9.600000000000000000e+01 1.610989280758315934e+00
9.700000000000000000e+01 1.817178264501172702e+00
9.800000000000000000e+01 2.044728644095809678e+00
9.900000000000000000e+01 2.295299721935896375e+00
1.000000000000000000e+02 2.570630893900766711e+00
1.010000000000000000e+02 2.872542274519995331e+00
1.020000000000000000e+02 3.202935165774666970e+00
1.030000000000000000e+02 3.563792369319701780e+00
1.040000000000000000e+02 3.957178342570663698e+00
1.050000000000000000e+02 4.385239199724735748e+00
1.060000000000000000e+02 4.850202559376307399e+00
1.070000000000000000e+02 5.354377240941748717e+00
1.080000000000000000e+02 5.900152812623908005e+00
1.090000000000000000e+02 6.489998994124022147e+00
1.100000000000000000e+02 7.126464917746629268e+00
1.110000000000000000e+02 7.812178251941572782e+00
1.120000000000000000e+02 8.549844191686617023e+00
1.130000000000000000e+02 9.342244320434842209e+00
1.140000000000000000e+02 1.019223534863396097e+01
1.150000000000000000e+02 1.110274773407032356e+01
1.160000000000000000e+02 1.207678418950058230e+01
1.170000000000000000e+02 1.311741808320930502e+01
1.180000000000000000e+02 1.422779173827295018e+01
1.190000000000000000e+02 1.541111463642132584e+01
1.200000000000000000e+02 1.667066153246805271e+01
1.210000000000000000e+02 1.800977048533348324e+01
1.220000000000000000e+02 1.943184081170879196e+01
1.230000000000000000e+02 2.094033096841030073e+01
1.240000000000000000e+02 2.253875636944967553e+01
1.250000000000000000e+02 2.423068714380111288e+01
1.260000000000000000e+02 2.601974583978178401e+01
1.270000000000000000e+02 2.790960508187908573e+01
1.280000000000000000e+02 2.990398518575844733e+01
1.290000000000000000e+02 3.200665173707113809e+01
1.300000000000000000e+02 3.422141313955346220e+01
1.310000000000000000e+02 3.655211813776868013e+01
1.320000000000000000e+02 3.900265331969249161e+01
1.330000000000000000e+02 4.157694060418337756e+01
1.340000000000000000e+02 4.427893471821127491e+01
1.350000000000000000e+02 4.711262066854410335e+01
1.360000000000000000e+02 5.008201121241158660e+01
1.370000000000000000e+02 5.319114433148251209e+01
1.380000000000000000e+02 5.644408071330311572e+01
1.390000000000000000e+02 5.984490124415544443e+01
1.400000000000000000e+02 6.339770451710270294e+01
1.410000000000000000e+02 6.710660435879675845e+01
1.420000000000000000e+02 7.097572737843150037e+01
1.430000000000000000e+02 7.500921054203378446e+01
1.440000000000000000e+02 7.921119877509548246e+01
1.450000000000000000e+02 8.358584259636096192e+01
1.460000000000000000e+02 8.813729578540059606e+01
1.470000000000000000e+02 9.286971308641831513e+01
1.480000000000000000e+02 9.778724795056241703e+01
1.490000000000000000e+02 1.028940503188346867e+02
1.500000000000000000e+02 1.081942644475217463e+02
1.510000000000000000e+02 1.136920267779064915e+02
1.520000000000000000e+02 1.193914638518562583e+02
1.530000000000000000e+02 1.252966902747271263e+02
1.540000000000000000e+02 1.314118067268726122e+02
1.550000000000000000e+02 1.377408980248987973e+02
1.560000000000000000e+02 1.442880312336658903e+02
1.570000000000000000e+02 1.510572538299017253e+02
1.580000000000000000e+02 1.580525919181613403e+02
1.590000000000000000e+02 1.652780484997422263e+02
1.600000000000000000e+02 1.727376017950460891e+02
1.610000000000000000e+02 1.804352036197625466e+02
1.620000000000000000e+02 1.883747778151431760e+02
1.630000000000000000e+02 1.965602187325301884e+02
1.640000000000000000e+02 2.049953897722058969e+02
1.650000000000000000e+02 2.136841219765379662e+02
1.660000000000000000e+02 2.226302126773053658e+02
1.670000000000000000e+02 2.318374241970102503e+02
1.680000000000000000e+02 2.413094826039006477e+02
1.690000000000000000e+02 2.510500765203589992e+02
1.700000000000000000e+02 2.610628559842398317e+02
1.710000000000000000e+02 2.713514313626807848e+02
1.720000000000000000e+02 2.819193723178465802e+02
1.730000000000000000e+02 2.927702068240174071e+02
1.740000000000000000e+02 3.039074202353750138e+02
1.750000000000000000e+02 3.153344544037997821e+02
1.760000000000000000e+02 3.270547068459450770e+02
1.770000000000000000e+02 3.390715299588166545e+02
1.780000000000000000e+02 3.513882302830518256e+02
1.790000000000000000e+02 3.640080678130573233e+02
1.800000000000000000e+02 3.769342553531384397e+02
1.810000000000000000e+02 3.901699579187255722e+02
1.820000000000000000e+02 4.037182921817816919e+02
1.830000000000000000e+02 4.175823259594539536e+02
1.840000000000000000e+02 4.317650777450164696e+02
1.850000000000000000e+02 4.462695162801350079e+02
1.860000000000000000e+02 4.610985601674753980e+02
1.870000000000000000e+02 4.762550775226624751e+02
1.880000000000000000e+02 4.917418856645961682e+02
1.890000000000000000e+02 5.075617508431182046e+02
1.900000000000000000e+02 5.237173880030240980e+02
1.910000000000000000e+02 5.402114605834128724e+02
1.920000000000000000e+02 5.570465803513660603e+02
1.930000000000000000e+02 5.742253072689487681e+02
1.940000000000000000e+02 5.917501493925290106e+02
1.950000000000000000e+02 6.096235628034212368e+02
1.960000000000000000e+02 6.278479515688535457e+02
1.970000000000000000e+02 6.464256677322805444e+02
1.980000000000000000e+02 6.653590113320606179e+02
1.990000000000000000e+02 6.846502304475303617e+02
2.000000000000000000e+02 7.043015212715209827e+02
2.010000000000000000e+02 7.243150282083659022e+02
2.020000000000000000e+02 7.446928439964716517e+02
2.030000000000000000e+02 7.654370098545239216e+02
2.040000000000000000e+02 7.865495156504289298e+02
2.050000000000000000e+02 8.080323000920872119e+02
2.060000000000000000e+02 8.298872509391273979e+02
2.070000000000000000e+02 8.521162052347361850e+02
2.080000000000000000e+02 8.747209495567292379e+02
2.090000000000000000e+02 8.977032202870396986e+02
2.100000000000000000e+02 9.210647038988015538e+02
2.110000000000000000e+02 9.448070372602301177e+02
2.120000000000000000e+02 9.689318079545180353e+02
2.130000000000000000e+02 9.934405546149785096e+02
2.140000000000000000e+02 1.018334767274689511e+03
2.150000000000000000e+02 1.043615887729905808e+03
2.160000000000000000e+02 1.069285309916523147e+03
2.170000000000000000e+02 1.095344380298901797e+03
2.180000000000000000e+02 1.121794398270367765e+03
2.190000000000000000e+02 1.148636616564726864e+03
2.200000000000000000e+02 1.175872241678151568e+03
2.210000000000000000e+02 1.203502434300809682e+03
2.220000000000000000e+02 1.231528309757626403e+03
2.230000000000000000e+02 1.259950938457585153e+03
2.240000000000000000e+02 1.288771346350991280e+03
2.250000000000000000e+02 1.317990515394137674e+03
2.260000000000000000e+02 1.347609384020834113e+03
2.270000000000000000e+02 1.377628847620264878e+03
2.280000000000000000e+02 1.408049759020673946e+03
2.290000000000000000e+02 1.438872928978375285e+03
2.300000000000000000e+02 1.470099126671618251e+03
2.310000000000000000e+02 1.501729080198829934e+03
2.320000000000000000e+02 1.533763477080810617e+03
2.330000000000000000e+02 1.566202964766424429e+03
2.340000000000000000e+02 1.599048151141384324e+03
2.350000000000000000e+02 1.632299605039722110e+03
2.360000000000000000e+02 1.665957856757554509e+03
2.370000000000000000e+02 1.700023398568769380e+03
2.380000000000000000e+02 1.734496685242277181e+03
2.390000000000000000e+02 1.769378134560470016e+03
2.400000000000000000e+02 1.804668127838563350e+03
2.410000000000000000e+02 1.840367010444490234e+03
2.420000000000000000e+02 1.876475092319047235e+03
2.430000000000000000e+02 1.912992648495988306e+03
2.440000000000000000e+02 1.949919919621786448e+03
2.450000000000000000e+02 1.987257112474787618e+03
2.460000000000000000e+02 2.025004400483498102e+03
2.470000000000000000e+02 2.063161924243750946e+03
2.480000000000000000e+02 2.101729792034515867e+03
2.490000000000000000e+02 2.140708080332125519e+03
2.500000000000000000e+02 2.180096834322688665e+03
2.510000000000000000e+02 2.219896068412499517e+03
2.520000000000000000e+02 2.260105766736227906e+03
2.530000000000000000e+02 2.300725883662711112e+03
2.540000000000000000e+02 2.341756344298165004e+03
2.550000000000000000e+02 2.383197044986641686e+03
2.560000000000000000e+02 2.425047853807574938e+03
2.570000000000000000e+02 2.467308611070255211e+03
2.580000000000000000e+02 2.509979129805095454e+03
2.590000000000000000e+02 2.553059196251544108e+03
2.600000000000000000e+02 2.596548570342510629e+03
2.610000000000000000e+02 2.640446986185204878e+03
2.620000000000000000e+02 2.684754152538241215e+03
2.630000000000000000e+02 2.729469753284923627e+03
2.640000000000000000e+02 2.774593447902605476e+03
2.650000000000000000e+02 2.820124871928024731e+03
2.660000000000000000e+02 2.866063637418523740e+03
2.670000000000000000e+02 2.912409333409087594e+03
2.680000000000000000e+02 2.959161526365096051e+03
2.690000000000000000e+02 3.006319760630755354e+03
2.700000000000000000e+02 3.053883558873103539e+03
2.710000000000000000e+02 3.101852422521567860e+03
2.720000000000000000e+02 3.150225832202989295e+03
2.730000000000000000e+02 3.199003248172085478e+03
2.740000000000000000e+02 3.248184110737291576e+03
2.750000000000000000e+02 3.297767840681952748e+03
2.760000000000000000e+02 3.347753839680812689e+03
2.770000000000000000e+02 3.398141490711790993e+03
2.780000000000000000e+02 3.448930158463001135e+03
2.790000000000000000e+02 3.500119189734993142e+03
2.800000000000000000e+02 3.551707913838199147e+03
2.810000000000000000e+02 3.603695642985571340e+03
2.820000000000000000e+02 3.656081672680385964e+03
2.830000000000000000e+02 3.708865282099215165e+03
2.840000000000000000e+02 3.762045734470056686e+03
2.850000000000000000e+02 3.815622277445615055e+03
2.860000000000000000e+02 3.869594143471734697e+03
2.870000000000000000e+02 3.923960550150990457e+03
2.880000000000000000e+02 3.978720700601435055e+03
2.890000000000000000e+02 4.033873783810507121e+03
2.900000000000000000e+02 4.089418974984128454e+03
2.910000000000000000e+02 4.145355435890977787e+03
2.920000000000000000e+02 4.201682315201961501e+03
2.930000000000000000e+02 4.258398748824921313e+03
2.940000000000000000e+02 4.315503860234553940e+03
2.950000000000000000e+02 4.372996760797603201e+03
2.960000000000000000e+02 4.430876550093322294e+03
2.970000000000000000e+02 4.489142316229235803e+03
2.980000000000000000e+02 4.547793136152232364e+03
2.990000000000000000e+02 4.606828075954997075e+03
3.000000000000000000e+02 4.666246191177849141e+03
3.010000000000000000e+02 4.726046527105958376e+03
3.020000000000000000e+02 4.786228119062023325e+03
3.030000000000000000e+02 4.846789992694411012e+03
3.040000000000000000e+02 4.907731164260807418e+03
3.050000000000000000e+02 4.969050640907397792e+03
3.060000000000000000e+02 5.030747420943635007e+03
3.070000000000000000e+02 5.092820494112601409e+03
3.080000000000000000e+02 5.155268841857027837e+03
3.090000000000000000e+02 5.218091437580991624e+03
3.100000000000000000e+02 5.281287246907341796e+03
3.110000000000000000e+02 5.344855227930874207e+03
3.120000000000000000e+02 5.408794331467323900e+03
3.130000000000000000e+02 5.473103501298181072e+03
3.140000000000000000e+02 5.537781674411406129e+03
3.150000000000000000e+02 5.602827781238048374e+03
3.160000000000000000e+02 5.668240745884841090e+03
3.170000000000000000e+02 5.734019486362814860e+03
3.180000000000000000e+02 5.800162914811924566e+03
3.190000000000000000e+02 5.866669937721807401e+03
3.200000000000000000e+02 5.933539456148646423e+03
3.210000000000000000e+02 6.000770365928228784e+03
3.220000000000000000e+02 6.068361557885219554e+03
3.230000000000000000e+02 6.136311918038697513e+03
3.240000000000000000e+02 6.204620327804004773e+03
3.250000000000000000e+02 6.273285664190942953e+03
3.260000000000000000e+02 6.342306799998372298e+03
3.270000000000000000e+02 6.411682604005241046e+03
3.280000000000000000e+02 6.481411941158117770e+03
3.290000000000000000e+02 6.551493672755220359e+03
3.300000000000000000e+02 6.621926656627052580e+03
3.310000000000000000e+02 6.692709747313626394e+03
3.320000000000000000e+02 6.763841796238362804e+03
3.330000000000000000e+02 6.835321651878690318e+03
3.340000000000000000e+02 6.907148159933379247e+03
3.350000000000000000e+02 6.979320163486690035e+03
3.360000000000000000e+02 7.051836503169325624e+03
3.370000000000000000e+02 7.124696017316286088e+03
3.380000000000000000e+02 7.197897542121620063e+03
3.390000000000000000e+02 7.271439911790159385e+03
3.400000000000000000e+02 7.345321958686238759e+03
3.410000000000000000e+02 7.419542513479475019e+03
3.420000000000000000e+02 7.494100405287625108e+03
3.430000000000000000e+02 7.568994461816581861e+03
3.440000000000000000e+02 7.644223509497534906e+03
3.450000000000000000e+02 7.719786373621348503e+03
3.460000000000000000e+02 7.795681878470189986e+03
3.470000000000000000e+02 7.871908847446448817e+03
3.480000000000000000e+02 7.948466103198999917e+03
3.490000000000000000e+02 8.025352467746824914e+03
3.500000000000000000e+02 8.102566762600061338e+03
3.510000000000000000e+02 8.180107808878502510e+03
3.520000000000000000e+02 8.257974427427569026e+03
3.530000000000000000e+02 8.336165438931840981e+03
3.540000000000000000e+02 8.414679664026134560e+03
3.550000000000000000e+02 8.493515923404193018e+03
3.560000000000000000e+02 8.572673037925020253e+03
3.570000000000000000e+02 8.652149828716894262e+03
3.580000000000000000e+02 8.731945117279097758e+03
3.590000000000000000e+02 8.812057725581402337e+03
3.600000000000000000e+02 8.892486476161333485e+03
3.610000000000000000e+02 8.973230192219270975e+03
3.620000000000000000e+02 9.054287697711411965e+03
3.630000000000000000e+02 9.135657817440611325e+03
3.640000000000000000e+02 9.217339377145159233e+03
3.650000000000000000e+02 9.299331203585534240e+03
3.660000000000000000e+02 9.381632124629137252e+03
3.670000000000000000e+02 9.464240969333050089e+03
3.680000000000000000e+02 9.547156568024869557e+03
3.690000000000000000e+02 9.630377752381647952e+03
3.700000000000000000e+02 9.713903355506916341e+03
3.710000000000000000e+02 9.797732212005907058e+03
3.720000000000000000e+02 9.881863158058962654e+03
3.730000000000000000e+02 9.966295031493138595e+03
3.740000000000000000e+02 1.005102667185207974e+04
3.750000000000000000e+02 1.013605692046417425e+04
3.760000000000000000e+02 1.022138462050900671e+04
3.770000000000000000e+02 1.030700861708215962e+04
3.780000000000000000e+02 1.039292775725839783e+04
3.790000000000000000e+02 1.047914089015320860e+04
3.800000000000000000e+02 1.056564686698281366e+04
3.810000000000000000e+02 1.065244454112261883e+04
3.820000000000000000e+02 1.073953276816410107e+04
3.830000000000000000e+02 1.082691040597029132e+04
3.840000000000000000e+02 1.091457631472970752e+04
3.850000000000000000e+02 1.100252935700888156e+04
3.860000000000000000e+02 1.109076839780348746e+04
3.870000000000000000e+02 1.117929230458805432e+04
3.880000000000000000e+02 1.126809994736432418e+04
3.890000000000000000e+02 1.135719019870827469e+04
3.900000000000000000e+02 1.144656193381583580e+04
3.910000000000000000e+02 1.153621403054729490e+04
3.920000000000000000e+02 1.162614536947045235e+04
3.930000000000000000e+02 1.171635483390252193e+04
3.940000000000000000e+02 1.180684130995083615e+04
3.950000000000000000e+02 1.189760368655231105e+04
3.960000000000000000e+02 1.198864085551177959e+04
3.970000000000000000e+02 1.207995171153914816e+04
3.980000000000000000e+02 1.217153515228542528e+04
3.990000000000000000e+02 1.226339007837764075e+04
4.000000000000000000e+02 1.235551539345267338e+04
4.010000000000000000e+02 1.244791000419002557e+04
4.020000000000000000e+02 1.254057282034352829e+04
4.030000000000000000e+02 1.263350275477202558e+04
4.040000000000000000e+02 1.272669872346905686e+04
4.050000000000000000e+02 1.282015964559154054e+04
4.060000000000000000e+02 1.291388444348751000e+04
4.070000000000000000e+02 1.300787204272284907e+04
4.080000000000000000e+02 1.310212137210716901e+04
4.090000000000000000e+02 1.319663136371869041e+04
4.100000000000000000e+02 1.329140095292830301e+04
4.110000000000000000e+02 1.338642907842268323e+04
4.120000000000000000e+02 1.348171468222660042e+04
4.130000000000000000e+02 1.357725670972433909e+04
4.140000000000000000e+02 1.367305410968033721e+04
4.150000000000000000e+02 1.376910583425895857e+04
4.160000000000000000e+02 1.386541083904352672e+04
4.170000000000000000e+02 1.396196808305454033e+04
4.180000000000000000e+02 1.405877652876714819e+04
4.190000000000000000e+02 1.415583514212784212e+04
4.200000000000000000e+02 1.425314289257048222e+04
4.210000000000000000e+02 1.435069875303154913e+04
4.220000000000000000e+02 1.444850169996468139e+04
4.230000000000000000e+02 1.454655071335460889e+04
4.240000000000000000e+02 1.464484477673031142e+04
4.250000000000000000e+02 1.474338287717757339e+04
4.260000000000000000e+02 1.484216400535090179e+04
4.270000000000000000e+02 1.494118715548475666e+04
4.280000000000000000e+02 1.504045132540422492e+04
4.290000000000000000e+02 1.513995551653504299e+04
4.300000000000000000e+02 1.523969873391304645e+04
4.310000000000000000e+02 1.533967998619302853e+04
4.320000000000000000e+02 1.543989828565705102e+04
4.330000000000000000e+02 1.554035264822215868e+04
4.340000000000000000e+02 1.564104209344758783e+04
4.350000000000000000e+02 1.574196564454142026e+04
4.360000000000000000e+02 1.584312232836672956e+04
4.370000000000000000e+02 1.594451117544720728e+04
4.380000000000000000e+02 1.604613121997228154e+04
4.390000000000000000e+02 1.614798149980178277e+04
4.400000000000000000e+02 1.625006105647008008e+04
4.410000000000000000e+02 1.635236893518980469e+04
4.420000000000000000e+02 1.645490418485508053e+04
4.430000000000000000e+02 1.655766585804431816e+04
4.440000000000000000e+02 1.666065301102257581e+04
4.450000000000000000e+02 1.676386470374349665e+04
4.460000000000000000e+02 1.686729999985082759e+04
4.470000000000000000e+02 1.697095796667951436e+04
4.480000000000000000e+02 1.707483767525642907e+04
4.490000000000000000e+02 1.717893820030068309e+04
4.500000000000000000e+02 1.728325862022358706e+04
4.510000000000000000e+02 1.738779801712819608e+04
4.520000000000000000e+02 1.749255547680854579e+04
4.530000000000000000e+02 1.759753008874849183e+04
4.540000000000000000e+02 1.770272094612021465e+04
4.550000000000000000e+02 1.780812714578242230e+04
4.560000000000000000e+02 1.791374778827817499e+04
4.570000000000000000e+02 1.801958197783238575e+04
4.580000000000000000e+02 1.812562882234909193e+04
4.590000000000000000e+02 1.823188743340828660e+04
4.600000000000000000e+02 1.833835692626256787e+04
4.610000000000000000e+02 1.844503641983343550e+04
4.620000000000000000e+02 1.855192503670732549e+04
4.630000000000000000e+02 1.865902190313137180e+04
4.640000000000000000e+02 1.876632614900884801e+04
4.650000000000000000e+02 1.887383690789445609e+04
4.660000000000000000e+02 1.898155331698921145e+04
4.670000000000000000e+02 1.908947451713520786e+04
4.680000000000000000e+02 1.919759965281005498e+04
4.690000000000000000e+02 1.930592787212113399e+04
4.700000000000000000e+02 1.941445832679957311e+04
4.710000000000000000e+02 1.952319017219403759e+04
4.720000000000000000e+02 1.963212256726426858e+04
4.730000000000000000e+02 1.974125467457444756e+04
4.740000000000000000e+02 1.985058566028629866e+04
4.750000000000000000e+02 1.996011469415204556e+04
4.760000000000000000e+02 2.006984094950713552e+04
4.770000000000000000e+02 2.017976360326276699e+04
4.780000000000000000e+02 2.028988183589828623e+04
4.790000000000000000e+02 2.040019483145331833e+04
4.800000000000000000e+02 2.051070177751978190e+04
4.810000000000000000e+02 2.062140186523374723e+04
4.820000000000000000e+02 2.073229428926703986e+04
4.830000000000000000e+02 2.084337824781880772e+04
4.840000000000000000e+02 2.095465294260682640e+04
4.850000000000000000e+02 2.106611757885868428e+04
4.860000000000000000e+02 2.117777136530286953e+04
4.870000000000000000e+02 2.128961351415963873e+04
4.880000000000000000e+02 2.140164324113179100e+04
4.890000000000000000e+02 2.151385976539530748e+04
4.900000000000000000e+02 2.162626230958983433e+04
4.910000000000000000e+02 2.173885009980906761e+04
4.920000000000000000e+02 2.185162236559100347e+04
4.930000000000000000e+02 2.196457833990808649e+04
4.940000000000000000e+02 2.207771725915717980e+04
4.950000000000000000e+02 2.219103836314952787e+04
4.960000000000000000e+02 2.230454089510054473e+04
4.970000000000000000e+02 2.241822410161947846e+04
4.980000000000000000e+02 2.253208723269906113e+04
4.990000000000000000e+02 2.264612954170496232e+04
5.000000000000000000e+02 2.276035028536523532e+04
5.010000000000000000e+02 2.287474872375962150e+04
5.020000000000000000e+02 2.298932412030876731e+04
5.030000000000000000e+02 2.310407574176341222e+04
5.040000000000000000e+02 2.321900285819342389e+04
5.050000000000000000e+02 2.333410474297680412e+04
5.060000000000000000e+02 2.344938067278859307e+04
5.070000000000000000e+02 2.356482992758976616e+04
5.080000000000000000e+02 2.368045179061594899e+04
5.090000000000000000e+02 2.379624554836617608e+04
5.100000000000000000e+02 2.391221049059150391e+04
5.110000000000000000e+02 2.402834591028366049e+04
5.120000000000000000e+02 2.414465110366351291e+04
5.130000000000000000e+02 2.426112537016960050e+04
5.140000000000000000e+02 2.437776801244651870e+04
5.150000000000000000e+02 2.449457833633334667e+04
5.160000000000000000e+02 2.461155565085192211e+04
5.170000000000000000e+02 2.472869926819515968e+04
5.180000000000000000e+02 2.484600850371530396e+04
5.190000000000000000e+02 2.496348267591209878e+04
5.200000000000000000e+02 2.508112110642096013e+04
5.210000000000000000e+02 2.519892312000113816e+04
5.220000000000000000e+02 2.531688804452375916e+04
5.230000000000000000e+02 2.543501521095992575e+04
5.240000000000000000e+02 2.555330395336874062e+04
5.250000000000000000e+02 2.567175360888531213e+04
5.260000000000000000e+02 2.579036351770871624e+04
5.270000000000000000e+02 2.590913302308996572e+04
5.280000000000000000e+02 2.602806147131995749e+04
5.290000000000000000e+02 2.614714821171736912e+04
5.300000000000000000e+02 2.626639259661654432e+04
5.310000000000000000e+02 2.638579398135538941e+04
5.320000000000000000e+02 2.650535172426322970e+04
5.330000000000000000e+02 2.662506518664865143e+04
5.340000000000000000e+02 2.674493373278734362e+04
5.350000000000000000e+02 2.686495672990993626e+04
5.360000000000000000e+02 2.698513354818980224e+04
5.370000000000000000e+02 2.710546356073087372e+04
5.380000000000000000e+02 2.722594614355544763e+04
5.390000000000000000e+02 2.734658067559199117e+04
5.400000000000000000e+02 2.746736653866296183e+04
5.410000000000000000e+02 2.758830311747252563e+04
5.420000000000000000e+02 2.770938979959446442e+04
5.430000000000000000e+02 2.783062597545987228e+04
5.440000000000000000e+02 2.795201103834504829e+04
5.450000000000000000e+02 2.807354438435920019e+04
5.460000000000000000e+02 2.819522541243236265e+04
5.470000000000000000e+02 2.831705352430311905e+04
5.480000000000000000e+02 2.843902812450647616e+04
5.490000000000000000e+02 2.856114862036167688e+04
5.500000000000000000e+02 2.868341442196005301e+04
5.510000000000000000e+02 2.880582494215286351e+04
5.520000000000000000e+02 2.892837959653913640e+04
5.530000000000000000e+02 2.905107780345362335e+04
5.540000000000000000e+02 2.917391898395457247e+04
5.550000000000000000e+02 2.929690256181173390e+04
5.560000000000000000e+02 2.942002796349421624e+04
5.570000000000000000e+02 2.954329461815845571e+04
5.580000000000000000e+02 2.966670195763614538e+04
5.590000000000000000e+02 2.979024941642220438e+04
5.600000000000000000e+02 2.991393643166281618e+04
5.610000000000000000e+02 3.003776244314335418e+04
5.620000000000000000e+02 3.016172689327650369e+04
5.630000000000000000e+02 3.028582922709023478e+04
5.640000000000000000e+02 3.041006889221592792e+04
5.650000000000000000e+02 3.053444533887644502e+04
5.660000000000000000e+02 3.065895801987426603e+04
5.670000000000000000e+02 3.078360639057961453e+04
5.680000000000000000e+02 3.090838990891866342e+04
5.690000000000000000e+02 3.103330803536168969e+04
5.700000000000000000e+02 3.115836023291131642e+04
5.710000000000000000e+02 3.128354596709076941e+04
5.720000000000000000e+02 3.140886470593212653e+04
5.730000000000000000e+02 3.153431591996467614e+04
5.740000000000000000e+02 3.165989908220319194e+04
5.750000000000000000e+02 3.178561366813632412e+04
5.760000000000000000e+02 3.191145915571500518e+04
5.770000000000000000e+02 3.203743502534084109e+04
5.780000000000000000e+02 3.216354075985460076e+04
5.790000000000000000e+02 3.228977584452466544e+04
5.800000000000000000e+02 3.241613976703559820e+04
5.810000000000000000e+02 3.254263201747664425e+04
5.820000000000000000e+02 3.266925208833032957e+04
5.830000000000000000e+02 3.279599947446109582e+04
5.840000000000000000e+02 3.292287367310391710e+04
5.850000000000000000e+02 3.304987418385304045e+04
5.860000000000000000e+02 3.317700050865062076e+04
5.870000000000000000e+02 3.330425215177555947e+04
5.880000000000000000e+02 3.343162861983225594e+04
5.890000000000000000e+02 3.355912942173938063e+04
5.900000000000000000e+02 3.368675406871884479e+04
5.910000000000000000e+02 3.381450207428463182e+04
5.920000000000000000e+02 3.394237295423170872e+04
5.930000000000000000e+02 3.407036622662502486e+04
5.940000000000000000e+02 3.419848141178859078e+04
5.950000000000000000e+02 3.432671803229431680e+04
5.960000000000000000e+02 3.445507561295136838e+04
5.970000000000000000e+02 3.458355368079507753e+04
5.980000000000000000e+02 3.471215176507617434e+04
5.990000000000000000e+02 3.484086939724998228e+04
6.000000000000000000e+02 3.496970611096567882e+04
6.010000000000000000e+02 3.509866144205551245e+04
6.020000000000000000e+02 3.522773492852417985e+04
6.030000000000000000e+02 3.535692611053810833e+04
6.040000000000000000e+02 3.548623453041492758e+04
6.050000000000000000e+02 3.561565973261282488e+04
6.060000000000000000e+02 3.574520126372007508e+04
6.070000000000000000e+02 3.587485867244455585e+04
6.080000000000000000e+02 3.600463150960321946e+04
6.090000000000000000e+02 3.613451932811178267e+04
6.100000000000000000e+02 3.626452168297432218e+04
6.110000000000000000e+02 3.639463813127290632e+04
6.120000000000000000e+02 3.652486823215739423e+04
6.130000000000000000e+02 3.665521154683512577e+04
6.140000000000000000e+02 3.678566763856074249e+04
6.150000000000000000e+02 3.691623607262601581e+04
6.160000000000000000e+02 3.704691641634971893e+04
6.170000000000000000e+02 3.717770823906759324e+04
6.180000000000000000e+02 3.730861111212226388e+04
6.190000000000000000e+02 3.743962460885322071e+04
6.200000000000000000e+02 3.757074830458693759e+04
6.210000000000000000e+02 3.770198177662689704e+04
6.220000000000000000e+02 3.783332460424373858e+04
6.230000000000000000e+02 3.796477636866543617e+04
6.240000000000000000e+02 3.809633665306746843e+04
6.250000000000000000e+02 3.822800504256315617e+04
6.260000000000000000e+02 3.835978112419383979e+04
6.270000000000000000e+02 3.849166448691933329e+04
6.280000000000000000e+02 3.862365472160819627e+04
6.290000000000000000e+02 3.875575142102824611e+04
6.300000000000000000e+02 3.888795417983696098e+04
6.310000000000000000e+02 3.902026259457199194e+04
6.320000000000000000e+02 3.915267626364174794e+04
6.330000000000000000e+02 3.928519478731592244e+04
6.340000000000000000e+02 3.941781776771614386e+04
6.350000000000000000e+02 3.955054480880669871e+04
6.360000000000000000e+02 3.968337551638516015e+04
6.370000000000000000e+02 3.981630949807320576e+04
6.380000000000000000e+02 3.994934636330738431e+04
6.390000000000000000e+02 4.008248572332995536e+04
6.400000000000000000e+02 4.021572719117979432e+04
6.410000000000000000e+02 4.034907038168329018e+04
6.420000000000000000e+02 4.048251491144530155e+04
6.430000000000000000e+02 4.061606039884018537e+04
6.440000000000000000e+02 4.074970646400283294e+04
6.450000000000000000e+02 4.088345272881977144e+04
6.460000000000000000e+02 4.101729881692027993e+04
6.470000000000000000e+02 4.115124435366749822e+04
6.480000000000000000e+02 4.128528896614978294e+04
6.490000000000000000e+02 4.141943228317187459e+04
6.500000000000000000e+02 4.155367393524613726e+04
6.510000000000000000e+02 4.168801355458404578e+04
6.520000000000000000e+02 4.182245077508738905e+04
6.530000000000000000e+02 4.195698523233982996e+04
6.540000000000000000e+02 4.209161656359826156e+04
6.550000000000000000e+02 4.222634440778441058e+04
6.560000000000000000e+02 4.236116840547627362e+04
6.570000000000000000e+02 4.249608819889979350e+04
6.580000000000000000e+02 4.263110343192036817e+04
6.590000000000000000e+02 4.276621375003465801e+04
6.600000000000000000e+02 4.290141880036216025e+04
6.610000000000000000e+02 4.303671823163700901e+04
6.620000000000000000e+02 4.317211169419976795e+04
6.630000000000000000e+02 4.330759883998923760e+04
6.640000000000000000e+02 4.344317932253430627e+04
6.650000000000000000e+02 4.357885279694590281e+04
6.660000000000000000e+02 4.371461891990886943e+04
6.670000000000000000e+02 4.385047734967399447e+04
6.680000000000000000e+02 4.398642774605004524e+04
6.690000000000000000e+02 4.412246977039577177e+04
6.700000000000000000e+02 4.425860308561208512e+04
6.710000000000000000e+02 4.439482735613411933e+04
6.720000000000000000e+02 4.453114224792349705e+04
6.730000000000000000e+02 4.466754742846045701e+04
6.740000000000000000e+02 4.480404256673618511e+04
6.750000000000000000e+02 4.494062733324509463e+04
6.760000000000000000e+02 4.507730139997710648e+04
6.770000000000000000e+02 4.521406444041015493e+04
6.780000000000000000e+02 4.535091612950240233e+04
6.790000000000000000e+02 4.548785614368490496e+04
6.800000000000000000e+02 4.562488416085394419e+04
6.810000000000000000e+02 4.576199986036362679e+04
6.820000000000000000e+02 4.589920292301843438e+04
6.830000000000000000e+02 4.603649303106580192e+04
6.840000000000000000e+02 4.617386986818884179e+04
6.850000000000000000e+02 4.631133311949888594e+04
6.860000000000000000e+02 4.644888247152833355e+04
6.870000000000000000e+02 4.658651761222333880e+04
6.880000000000000000e+02 4.672423823093659303e+04
6.890000000000000000e+02 4.686204401842014340e+04
6.900000000000000000e+02 4.699993466681837162e+04
6.910000000000000000e+02 4.713790986966071796e+04
6.920000000000000000e+02 4.727596932185476180e+04
6.930000000000000000e+02 4.741411271967909124e+04
6.940000000000000000e+02 4.755233976077639818e+04
6.950000000000000000e+02 4.769065014414647158e+04
6.960000000000000000e+02 4.782904357013930712e+04
6.970000000000000000e+02 4.796751974044819508e+04
6.980000000000000000e+02 4.810607835810291726e+04
6.990000000000000000e+02 4.824471912746287853e+04
7.000000000000000000e+02 4.838344175421038381e+04
7.010000000000000000e+02 4.852224594534390053e+04
7.020000000000000000e+02 4.866113140917128476e+04
7.030000000000000000e+02 4.880009785530321096e+04
7.040000000000000000e+02 4.893914499464644177e+04
7.050000000000000000e+02 4.907827253939728689e+04
7.060000000000000000e+02 4.921748020303503290e+04
7.070000000000000000e+02 4.935676770031539490e+04
7.080000000000000000e+02 4.949613474726401182e+04
7.090000000000000000e+02 4.963558106117001444e+04
7.100000000000000000e+02 4.977510636057957890e+04
7.110000000000000000e+02 4.991471036528953118e+04
7.120000000000000000e+02 5.005439279634099512e+04
7.130000000000000000e+02 5.019415337601303327e+04
7.140000000000000000e+02 5.033399182781641866e+04
7.150000000000000000e+02 5.047390787648729747e+04
7.160000000000000000e+02 5.061390124798100442e+04
7.170000000000000000e+02 5.075397166946587822e+04
7.180000000000000000e+02 5.089411886931706249e+04
7.190000000000000000e+02 5.103434257711042301e+04
7.200000000000000000e+02 5.117464252361637045e+04
7.210000000000000000e+02 5.131501844079390867e+04
7.220000000000000000e+02 5.145547006178453739e+04
7.230000000000000000e+02 5.159599712090620596e+04
7.240000000000000000e+02 5.173659935364743433e+04
7.250000000000000000e+02 5.187727649666135403e+04
7.260000000000000000e+02 5.201802828775976377e+04
7.270000000000000000e+02 5.215885446590730862e+04
7.280000000000000000e+02 5.229975477121560834e+04
7.290000000000000000e+02 5.244072894493740023e+04
7.300000000000000000e+02 5.258177672946087114e+04
7.310000000000000000e+02 5.272289786830380763e+04
7.320000000000000000e+02 5.286409210610797891e+04
7.330000000000000000e+02 5.300535918863329425e+04
7.340000000000000000e+02 5.314669886275233875e+04
7.350000000000000000e+02 5.328811087644455984e+04
7.360000000000000000e+02 5.342959497879082483e+04
7.370000000000000000e+02 5.357115091996778210e+04
7.380000000000000000e+02 5.371277845124229498e+04
7.390000000000000000e+02 5.385447732496599929e+04
7.400000000000000000e+02 5.399624729456980276e+04
7.410000000000000000e+02 5.413808811455842078e+04
7.420000000000000000e+02 5.427999954050499218e+04
7.430000000000000000e+02 5.442198132904565136e+04
7.440000000000000000e+02 5.456403323787417321e+04
7.450000000000000000e+02 5.470615502573669073e+04
7.460000000000000000e+02 5.484834645242633997e+04
7.470000000000000000e+02 5.499060727877799218e+04
7.480000000000000000e+02 5.513293726666303701e+04
7.490000000000000000e+02 5.527533617898411467e+04
7.500000000000000000e+02 5.541780377967002278e+04
7.510000000000000000e+02 5.556033983367040491e+04
7.520000000000000000e+02 5.570294410695078841e+04
7.530000000000000000e+02 5.584561636648732383e+04
7.540000000000000000e+02 5.598835638026185188e+04
7.550000000000000000e+02 5.613116391725670837e+04
7.560000000000000000e+02 5.627403874744980567e+04
7.570000000000000000e+02 5.641698064180960500e+04
7.580000000000000000e+02 5.655998937229013973e+04
7.590000000000000000e+02 5.670306471182606765e+04
7.600000000000000000e+02 5.684620643432777433e+04
7.610000000000000000e+02 5.698941431467649090e+04
7.620000000000000000e+02 5.713268812871941918e+04
7.630000000000000000e+02 5.727602765326484223e+04
7.640000000000000000e+02 5.741943266607743863e+04
7.650000000000000000e+02 5.756290294587337121e+04
7.660000000000000000e+02 5.770643827231562318e+04
7.670000000000000000e+02 5.785003842600918870e+04
7.680000000000000000e+02 5.799370318849647447e+04
7.690000000000000000e+02 5.813743234225245396e+04
7.700000000000000000e+02 5.828122567068019998e+04
7.710000000000000000e+02 5.842508295810610434e+04
7.720000000000000000e+02 5.856900398977534496e+04
7.730000000000000000e+02 5.871298855184730928e+04
7.740000000000000000e+02 5.885703643139098858e+04
7.750000000000000000e+02 5.900114741638051055e+04
7.760000000000000000e+02 5.914532129569064273e+04
7.770000000000000000e+02 5.928955785909215047e+04
7.780000000000000000e+02 5.943385689724758413e+04
7.790000000000000000e+02 5.957821820170665887e+04
7.800000000000000000e+02 5.972264156490191817e+04
7.810000000000000000e+02 5.986712678014439007e+04
7.820000000000000000e+02 6.001167364161910518e+04
7.830000000000000000e+02 6.015628194438088394e+04
7.840000000000000000e+02 6.030095148434992734e+04
7.850000000000000000e+02 6.044568205830762599e+04
7.860000000000000000e+02 6.059047346389218001e+04
7.870000000000000000e+02 6.073532549959444441e+04
7.880000000000000000e+02 6.088023796475367999e+04
7.890000000000000000e+02 6.102521065955332597e+04
7.900000000000000000e+02 6.117024338501685997e+04
7.910000000000000000e+02 6.131533594300365803e+04
7.920000000000000000e+02 6.146048813620481087e+04
7.930000000000000000e+02 6.160569976813906396e+04
7.940000000000000000e+02 6.175097064314871386e+04
7.950000000000000000e+02 6.189630056639553368e+04
7.960000000000000000e+02 6.204168934385677130e+04
7.970000000000000000e+02 6.218713678232109669e+04
7.980000000000000000e+02 6.233264268938460009e+04
7.990000000000000000e+02 6.247820687344684848e+04
8.000000000000000000e+02 6.262382914370689105e+04
8.010000000000000000e+02 6.276950931015936658e+04
8.020000000000000000e+02 6.291524718359058170e+04
8.030000000000000000e+02 6.306104257557459641e+04
8.040000000000000000e+02 6.320689529846937512e+04
8.050000000000000000e+02 6.335280516541292309e+04
8.060000000000000000e+02 6.349877199031953933e+04
8.070000000000000000e+02 6.364479558787585120e+04
8.080000000000000000e+02 6.379087577353720553e+04
8.090000000000000000e+02 6.393701236352376145e+04
8.100000000000000000e+02 6.408320517481683783e+04
8.110000000000000000e+02 6.422945402515512251e+04
8.120000000000000000e+02 6.437575873303105618e+04
8.130000000000000000e+02 6.452211911768706341e+04
8.140000000000000000e+02 6.466853499911191466e+04
8.150000000000000000e+02 6.481500619803711743e+04
8.160000000000000000e+02 6.496153253593322006e+04
8.170000000000000000e+02 6.510811383500629745e+04
8.180000000000000000e+02 6.525474991819426214e+04
8.190000000000000000e+02 6.540144060916341550e+04
8.200000000000000000e+02 6.554818573230481707e+04
8.210000000000000000e+02 6.569498511273076292e+04
8.220000000000000000e+02 6.584183857627130055e+04
8.230000000000000000e+02 6.598874594947077276e+04
8.240000000000000000e+02 6.613570705958428152e+04
8.250000000000000000e+02 6.628272173457425379e+04
8.260000000000000000e+02 6.642978980310705083e+04
8.270000000000000000e+02 6.657691109454950492e+04
8.280000000000000000e+02 6.672408543896554329e+04
8.290000000000000000e+02 6.687131266711282660e+04
8.300000000000000000e+02 6.701859261043935840e+04
8.310000000000000000e+02 6.716592510108016722e+04
8.320000000000000000e+02 6.731330997185398883e+04
8.330000000000000000e+02 6.746074705625987554e+04
8.340000000000000000e+02 6.760823618847409671e+04
8.350000000000000000e+02 6.775577720334670448e+04
8.360000000000000000e+02 6.790336993639830325e+04
8.370000000000000000e+02 6.805101422381687735e+04
8.380000000000000000e+02 6.819870990245457506e+04
8.390000000000000000e+02 6.834645680982439080e+04
8.400000000000000000e+02 6.849425478409712377e+04
8.410000000000000000e+02 6.864210366409819108e+04
8.420000000000000000e+02 6.879000328930444084e+04
8.430000000000000000e+02 6.893795349984092172e+04
8.440000000000000000e+02 6.908595413647800160e+04
8.450000000000000000e+02 6.923400504062812252e+04
8.460000000000000000e+02 6.938210605434267200e+04
8.470000000000000000e+02 6.953025702030908724e+04
8.480000000000000000e+02 6.967845778184765368e+04
8.490000000000000000e+02 6.982670818290852185e+04
8.500000000000000000e+02 6.997500806806872424e+04
8.510000000000000000e+02 7.012335728252919216e+04
8.520000000000000000e+02 7.027175567211164162e+04
8.530000000000000000e+02 7.042020308325580845e+04
8.540000000000000000e+02 7.056869936301631969e+04
8.550000000000000000e+02 7.071724435905987048e+04
8.560000000000000000e+02 7.086583791966222634e+04
8.570000000000000000e+02 7.101447989370538562e+04
8.580000000000000000e+02 7.116317013067466905e+04
8.590000000000000000e+02 7.131190848065580940e+04
8.600000000000000000e+02 7.146069479433223023e+04
8.610000000000000000e+02 7.160952892298197548e+04
8.620000000000000000e+02 7.175841071847506100e+04
8.630000000000000000e+02 7.190734003327065147e+04
8.640000000000000000e+02 7.205631672041420825e+04
8.650000000000000000e+02 7.220534063353470992e+04
8.660000000000000000e+02 7.235441162684188748e+04
8.670000000000000000e+02 7.250352955512357585e+04
8.680000000000000000e+02 7.265269427374283259e+04
8.690000000000000000e+02 7.280190563863523130e+04
8.700000000000000000e+02 7.295116350630628585e+04
8.710000000000000000e+02 7.310046773382862739e+04
8.720000000000000000e+02 7.324981817883937038e+04
8.730000000000000000e+02 7.339921469953746418e+04
8.740000000000000000e+02 7.354865715468100097e+04
8.750000000000000000e+02 7.369814540358464001e+04
8.760000000000000000e+02 7.384767930611691554e+04
8.770000000000000000e+02 7.399725872269767569e+04
8.780000000000000000e+02 7.414688351429549220e+04
8.790000000000000000e+02 7.429655354242505564e+04
8.800000000000000000e+02 7.444626866914461425e+04
8.810000000000000000e+02 7.459602875705344195e+04
8.820000000000000000e+02 7.474583366928927717e+04
8.830000000000000000e+02 7.489568326952577627e+04
8.840000000000000000e+02 7.504557742197003972e+04
8.850000000000000000e+02 7.519551599136018194e+04
8.860000000000000000e+02 7.534549884296265373e+04
8.870000000000000000e+02 7.549552584256995760e+04
8.880000000000000000e+02 7.564559685649805760e+04
8.890000000000000000e+02 7.579571175158405094e+04
8.900000000000000000e+02 7.594587039518359234e+04
8.910000000000000000e+02 7.609607265516868210e+04
8.920000000000000000e+02 7.624631839992500318e+04
8.930000000000000000e+02 7.639660749834970920e+04
8.940000000000000000e+02 7.654693981984899438e+04
8.950000000000000000e+02 7.669731523433572147e+04
8.960000000000000000e+02 7.684773361222702079e+04
8.970000000000000000e+02 7.699819482444203459e+04
8.980000000000000000e+02 7.714869874239951605e+04
8.990000000000000000e+02 7.729924523801550095e+04
9.000000000000000000e+02 7.744983418370112486e+04
9.010000000000000000e+02 7.760046545236013480e+04
9.020000000000000000e+02 7.775113891738673556e+04
9.030000000000000000e+02 7.790185445266329043e+04
9.040000000000000000e+02 7.805261193255806575e+04
9.050000000000000000e+02 7.820341123192300438e+04
9.060000000000000000e+02 7.835425222609135380e+04
9.070000000000000000e+02 7.850513479087573069e+04
9.080000000000000000e+02 7.865605880256551609e+04
9.090000000000000000e+02 7.880702413792508014e+04
9.100000000000000000e+02 7.895803067419122090e+04
9.110000000000000000e+02 7.910907828907122894e+04
9.120000000000000000e+02 7.926016686074064637e+04
9.130000000000000000e+02 7.941129626784108405e+04
9.140000000000000000e+02 7.956246638947805332e+04
9.150000000000000000e+02 7.971367710521900153e+04
9.160000000000000000e+02 7.986492829509095463e+04
9.170000000000000000e+02 8.001621983957863995e+04
9.180000000000000000e+02 8.016755161962217244e+04
9.190000000000000000e+02 8.031892351661507564e+04
9.200000000000000000e+02 8.047033541240228806e+04
9.210000000000000000e+02 8.062178718927792215e+04
9.220000000000000000e+02 8.077327872998332896e+04
9.230000000000000000e+02 8.092480991770504625e+04
9.240000000000000000e+02 8.107638063607267395e+04
9.250000000000000000e+02 8.122799076915695332e+04
9.260000000000000000e+02 8.137964020146768598e+04
9.270000000000000000e+02 8.153132881795188587e+04
9.280000000000000000e+02 8.168305650399147999e+04
9.290000000000000000e+02 8.183482314540163497e+04
9.300000000000000000e+02 8.198662862842864706e+04
9.310000000000000000e+02 8.213847283974799211e+04
9.320000000000000000e+02 8.229035566646233201e+04
9.330000000000000000e+02 8.244227699609975389e+04
9.340000000000000000e+02 8.259423671661157277e+04
9.350000000000000000e+02 8.274623471637064358e+04
9.360000000000000000e+02 8.289827088416929473e+04
9.370000000000000000e+02 8.305034510921752371e+04
9.380000000000000000e+02 8.320245728114110534e+04
9.390000000000000000e+02 8.335460728997962724e+04
9.400000000000000000e+02 8.350679502618468541e+04
9.410000000000000000e+02 8.365902038061806525e+04
9.420000000000000000e+02 8.381128324454973335e+04
9.430000000000000000e+02 8.396358350965617865e+04
9.440000000000000000e+02 8.411592106801852060e+04
9.450000000000000000e+02 8.426829581212054472e+04
9.460000000000000000e+02 8.442070763484717463e+04
9.470000000000000000e+02 8.457315642948236200e+04
9.480000000000000000e+02 8.472564208970752952e+04
9.490000000000000000e+02 8.487816450959962094e+04
9.500000000000000000e+02 8.503072358362942759e+04
9.510000000000000000e+02 8.518331920665984217e+04
9.520000000000000000e+02 8.533595127394395240e+04
9.530000000000000000e+02 8.548861968112341128e+04
9.540000000000000000e+02 8.564132432422673446e+04
9.550000000000000000e+02 8.579406509966742306e+04
9.560000000000000000e+02 8.594684190424240660e+04
9.570000000000000000e+02 8.609965463513018040e+04
9.580000000000000000e+02 8.625250318988919025e+04
9.590000000000000000e+02 8.640538746645615902e+04
9.600000000000000000e+02 8.655830736314431124e+04
9.610000000000000000e+02 8.671126277864172880e+04
9.620000000000000000e+02 8.686425361200979387e+04
9.630000000000000000e+02 8.701727976268129714e+04
9.640000000000000000e+02 8.717034113045901177e+04
9.650000000000000000e+02 8.732343761551387433e+04
9.660000000000000000e+02 8.747656911838354426e+04
9.670000000000000000e+02 8.762973553997051204e+04
9.680000000000000000e+02 8.778293678154077497e+04
9.690000000000000000e+02 8.793617274472201825e+04
9.700000000000000000e+02 8.808944333150199964e+04
9.710000000000000000e+02 8.824274844422715250e+04
9.720000000000000000e+02 8.839608798560083960e+04
9.730000000000000000e+02 8.854946185868178145e+04
9.740000000000000000e+02 8.870286996688255749e+04
9.750000000000000000e+02 8.885631221396793262e+04
9.760000000000000000e+02 8.900978850405350386e+04
9.770000000000000000e+02 8.916329874160391046e+04
9.780000000000000000e+02 8.931684283143149514e+04
9.790000000000000000e+02 8.947042067869452876e+04
9.800000000000000000e+02 8.962403218889610434e+04
9.810000000000000000e+02 8.977767726788214350e+04
9.820000000000000000e+02 8.993135582184020313e+04
9.830000000000000000e+02 9.008506775729786023e+04
9.840000000000000000e+02 9.023881298112130025e+04
9.850000000000000000e+02 9.039259140051368740e+04
9.860000000000000000e+02 9.054640292301385489e+04
9.870000000000000000e+02 9.070024745649470424e+04
9.880000000000000000e+02 9.085412490916175011e+04
9.890000000000000000e+02 9.100803518955188338e+04
9.900000000000000000e+02 9.116197820653156668e+04
9.910000000000000000e+02 9.131595386929565575e+04
9.920000000000000000e+02 9.146996208736585686e+04
9.930000000000000000e+02 9.162400277058943175e+04
9.940000000000000000e+02 9.177807582913753868e+04
9.950000000000000000e+02 9.193218117350406828e+04
9.960000000000000000e+02 9.208631871450407198e+04
9.970000000000000000e+02 9.224048836327249592e+04
9.980000000000000000e+02 9.239469003126262396e+04
9.990000000000000000e+02 9.254892363024491351e+04
