# BB temperature (K); Intensity through filter (ph/s/m^2/mas^2)
1.000000000000000000e+01 0.000000000000000000e+00
1.100000000000000000e+01 0.000000000000000000e+00
1.200000000000000000e+01 0.000000000000000000e+00
1.300000000000000000e+01 0.000000000000000000e+00
1.400000000000000000e+01 0.000000000000000000e+00
1.500000000000000000e+01 0.000000000000000000e+00
1.600000000000000000e+01 0.000000000000000000e+00
1.700000000000000000e+01 0.000000000000000000e+00
1.800000000000000000e+01 0.000000000000000000e+00
1.900000000000000000e+01 0.000000000000000000e+00
2.000000000000000000e+01 0.000000000000000000e+00
2.100000000000000000e+01 2.850326610314276127e-107
2.200000000000000000e+01 3.027443334051181047e-102
2.300000000000000000e+01 1.176930889086440440e-97
2.400000000000000000e+01 1.898682409622739368e-93
2.500000000000000000e+01 1.412507173176955107e-89
2.600000000000000000e+01 5.298234405820615970e-86
2.700000000000000000e+01 1.081180234417874128e-82
2.800000000000000000e+01 1.281149080744965446e-79
2.900000000000000000e+01 9.324831145902207596e-77
3.000000000000000000e+01 4.376977701780178407e-74
3.100000000000000000e+01 1.382368346400590495e-71
3.200000000000000000e+01 3.048675859209510743e-69
3.300000000000000000e+01 4.850709710623830530e-67
3.400000000000000000e+01 5.730706965926367340e-65
3.500000000000000000e+01 5.156963613762598153e-63
3.600000000000000000e+01 3.615821649445108489e-61
3.700000000000000000e+01 2.015706680541587102e-59
3.800000000000000000e+01 9.097279660253073308e-58
3.900000000000000000e+01 3.378396798808551589e-56
4.000000000000000000e+01 1.047540672361939376e-54
4.100000000000000000e+01 2.748018215891496096e-53
4.200000000000000000e+01 6.172184848806084003e-52
4.300000000000000000e+01 1.199856004060057154e-50
4.400000000000000000e+01 2.038747308008301475e-49
4.500000000000000000e+01 3.055169103252563174e-48
4.600000000000000000e+01 4.070987727776288950e-47
4.700000000000000000e+01 4.859702759093978170e-46
4.800000000000000000e+01 5.232952035026014550e-45
4.900000000000000000e+01 5.115044373629775890e-44
5.000000000000000000e+01 4.564961969219669182e-43
5.100000000000000000e+01 3.739659176903858439e-42
5.200000000000000000e+01 2.826034489459388637e-41
5.300000000000000000e+01 1.979043106453135582e-40
5.400000000000000000e+01 1.289734982845131378e-39
5.500000000000000000e+01 7.852624272726184987e-39
5.600000000000000000e+01 4.483100465543356332e-38
5.700000000000000000e+01 2.408024024267912053e-37
5.800000000000000000e+01 1.220759041852649920e-36
5.900000000000000000e+01 5.858160651989164576e-36
6.000000000000000000e+01 2.668364953785966449e-35
6.100000000000000000e+01 1.156629378822119069e-34
6.200000000000000000e+01 4.782433580864747278e-34
6.300000000000000000e+01 1.890532184974249456e-33
6.400000000000000000e+01 7.160006102495203080e-33
6.500000000000000000e+01 2.603121824722357798e-32
6.600000000000000000e+01 9.101920423167725792e-32
6.700000000000000000e+01 3.066102063539524944e-31
6.800000000000000000e+01 9.967087575721175901e-31
6.900000000000000000e+01 3.131481066435496817e-30
7.000000000000000000e+01 9.522797622710919699e-30
7.100000000000000000e+01 2.806792525109279128e-29
7.200000000000000000e+01 8.028818150459564445e-29
7.300000000000000000e+01 2.231629726759988051e-28
7.400000000000000000e+01 6.034297131270752179e-28
7.500000000000000000e+01 1.589070666300198599e-27
7.600000000000000000e+01 4.079664916166356863e-27
7.700000000000000000e+01 1.022115174467603512e-26
7.800000000000000000e+01 2.501361943670576755e-26
7.900000000000000000e+01 5.984685005833697542e-26
8.000000000000000000e+01 1.401075350423129710e-25
8.100000000000000000e+01 3.212080193895806157e-25
8.200000000000000000e+01 7.216858538365404929e-25
8.300000000000000000e+01 1.590241820437935627e-24
8.400000000000000000e+01 3.439002629587724368e-24
8.500000000000000000e+01 7.303705279116777337e-24
8.600000000000000000e+01 1.524295141527470673e-23
8.700000000000000000e+01 3.128031451609871906e-23
8.800000000000000000e+01 6.315367791309544645e-23
8.900000000000000000e+01 1.255133018809990425e-22
9.000000000000000000e+01 2.456812091997919772e-22
9.100000000000000000e+01 4.738738312157535722e-22
9.200000000000000000e+01 9.010941772627653146e-22
9.300000000000000000e+01 1.690026231386476581e-21
9.400000000000000000e+01 3.127686255875051678e-21
9.500000000000000000e+01 5.714023759561209853e-21
9.600000000000000000e+01 1.030920259509311587e-20
9.700000000000000000e+01 1.837554028797051837e-20
9.800000000000000000e+01 3.237040746765474599e-20
9.900000000000000000e+01 5.637722813590125354e-20
1.000000000000000000e+02 9.710802078803476081e-20
1.010000000000000000e+02 1.654797188672095806e-19
1.020000000000000000e+02 2.790677258838303058e-19
1.030000000000000000e+02 4.658876400518941435e-19
1.040000000000000000e+02 7.701689683614497330e-19
1.050000000000000000e+02 1.261089171467658729e-18
1.060000000000000000e+02 2.045868167748675586e-18
1.070000000000000000e+02 3.289230461803720058e-18
1.080000000000000000e+02 5.242088442233418671e-18
1.090000000000000000e+02 8.283471040761576353e-18
1.100000000000000000e+02 1.298132851583671814e-17
1.110000000000000000e+02 2.018003231507961696e-17
1.120000000000000000e+02 3.112534750590400088e-17
1.130000000000000000e+02 4.764162686275524459e-17
1.140000000000000000e+02 7.238127037271424376e-17
1.150000000000000000e+02 1.091735049632956871e-16
1.160000000000000000e+02 1.635087623608076818e-16
1.170000000000000000e+02 2.432069889368725317e-16
1.180000000000000000e+02 3.593338828219937481e-16
1.190000000000000000e+02 5.274492762813313403e-16
1.200000000000000000e+02 7.692978408799500739e-16
1.210000000000000000e+02 1.115085426770697281e-15
1.220000000000000000e+02 1.606526403495205572e-15
1.230000000000000000e+02 2.300900462042021567e-15
1.240000000000000000e+02 3.276424009806793930e-15
1.250000000000000000e+02 4.639324585364987581e-15
1.260000000000000000e+02 6.533110263171885182e-15
1.270000000000000000e+02 9.150654104394108038e-15
1.280000000000000000e+02 1.274987140396593074e-14
1.290000000000000000e+02 1.767396073061724620e-14
1.300000000000000000e+02 2.437741550207316200e-14
1.310000000000000000e+02 3.345929916131459266e-14
1.320000000000000000e+02 4.570562327848063572e-14
1.330000000000000000e+02 6.214308488649379011e-14
1.340000000000000000e+02 8.410691945722260701e-14
1.350000000000000000e+02 1.133262233093871070e-13
1.360000000000000000e+02 1.520308100508783502e-13
1.370000000000000000e+02 2.030845082114436519e-13
1.380000000000000000e+02 2.701508022179142392e-13
1.390000000000000000e+02 3.578978896141551141e-13
1.400000000000000000e+02 4.722516000848711813e-13
1.410000000000000000e+02 6.207062256428401309e-13
1.420000000000000000e+02 8.127051788512792401e-13
1.430000000000000000e+02 1.060105563331128175e-12
1.440000000000000000e+02 1.377743248046010775e-12
1.450000000000000000e+02 1.784117928071180542e-12
1.460000000000000000e+02 2.302220978212157612e-12
1.470000000000000000e+02 2.960532715051370804e-12
1.480000000000000000e+02 3.794220035766757717e-12
1.490000000000000000e+02 4.846570361531961418e-12
1.500000000000000000e+02 6.170703448018001261e-12
1.510000000000000000e+02 7.831609009652491956e-12
1.520000000000000000e+02 9.908565317903552278e-12
1.530000000000000000e+02 1.249800206307571956e-11
1.540000000000000000e+02 1.571687990635637926e-11
1.550000000000000000e+02 1.970666939303088917e-11
1.560000000000000000e+02 2.463802335443359072e-11
1.570000000000000000e+02 3.071624970765787164e-11
1.580000000000000000e+02 3.818770578756991155e-11
1.590000000000000000e+02 4.734725114155274887e-11
1.600000000000000000e+02 5.854691321706281916e-11
1.610000000000000000e+02 7.220593971610896178e-11
1.620000000000000000e+02 8.882243272699518989e-11
1.630000000000000000e+02 1.089867832271796630e-10
1.640000000000000000e+02 1.333971503442355245e-10
1.650000000000000000e+02 1.628772580342338950e-10
1.660000000000000000e+02 1.983968127651917001e-10
1.670000000000000000e+02 2.410948795615125564e-10
1.680000000000000000e+02 2.923065905646711802e-10
1.690000000000000000e+02 3.535936002939157550e-10
1.700000000000000000e+02 4.267787452536361079e-10
1.710000000000000000e+02 5.139854126434253490e-10
1.720000000000000000e+02 6.176821739017773763e-10
1.730000000000000000e+02 7.407332938808301950e-10
1.740000000000000000e+02 8.864557858404507588e-10
1.750000000000000000e+02 1.058683746405189757e-09
1.760000000000000000e+02 1.261840773394162324e-09
1.770000000000000000e+02 1.501021343265924979e-09
1.780000000000000000e+02 1.782082104079579259e-09
1.790000000000000000e+02 2.111744124629047195e-09
1.800000000000000000e+02 2.497707231037227327e-09
1.810000000000000000e+02 2.948777658886807364e-09
1.820000000000000000e+02 3.475010352210200629e-09
1.830000000000000000e+02 4.087867350667915104e-09
1.840000000000000000e+02 4.800393823328800877e-09
1.850000000000000000e+02 5.627413431955625663e-09
1.860000000000000000e+02 6.585744838935980310e-09
1.870000000000000000e+02 7.694441315338750230e-09
1.880000000000000000e+02 8.975055553391102661e-09
1.890000000000000000e+02 1.045193194535166570e-08
1.900000000000000000e+02 1.215252875771187353e-08
1.910000000000000000e+02 1.410777280632250707e-08
1.920000000000000000e+02 1.635244942487475777e-08
1.930000000000000000e+02 1.892563071664973284e-08
1.940000000000000000e+02 2.187114528810558228e-08
1.950000000000000000e+02 2.523809288324938968e-08
1.960000000000000000e+02 2.908140757043070685e-08
1.970000000000000000e+02 3.346247337883203205e-08
1.980000000000000000e+02 3.844979654119560605e-08
1.990000000000000000e+02 4.411973877295258707e-08
2.000000000000000000e+02 5.055731630669753642e-08
2.010000000000000000e+02 5.785706970573703083e-08
2.020000000000000000e+02 6.612400980215315463e-08
2.030000000000000000e+02 7.547464544446847070e-08
2.040000000000000000e+02 8.603809909865397470e-08
2.050000000000000000e+02 9.795731672506311759e-08
2.060000000000000000e+02 1.113903787541724754e-07
2.070000000000000000e+02 1.265119194071380714e-07
2.080000000000000000e+02 1.435146620546327415e-07
2.090000000000000000e+02 1.626110787808194200e-07
2.100000000000000000e+02 1.840351828204004761e-07
2.110000000000000000e+02 2.080444630673407790e-07
2.120000000000000000e+02 2.349219704161447074e-07
2.130000000000000000e+02 2.649785662926863261e-07
2.140000000000000000e+02 2.985553443639126638e-07
2.150000000000000000e+02 3.360262370868592386e-07
2.160000000000000000e+02 3.778008194700687306e-07
2.170000000000000000e+02 4.243273231776867258e-07
2.180000000000000000e+02 4.760958749114131653e-07
2.190000000000000000e+02 5.336419738615384556e-07
2.200000000000000000e+02 5.975502239291762591e-07
2.210000000000000000e+02 6.684583373914482240e-07
2.220000000000000000e+02 7.470614277140134727e-07
2.230000000000000000e+02 8.341166103154117682e-07
2.240000000000000000e+02 9.304479312600721847e-07
2.250000000000000000e+02 1.036951645106570737e-06
2.260000000000000000e+02 1.154601864470267518e-06
2.270000000000000000e+02 1.284456605280584714e-06
2.280000000000000000e+02 1.427664253229042086e-06
2.290000000000000000e+02 1.585470478521181022e-06
2.300000000000000000e+02 1.759225627770630076e-06
2.310000000000000000e+02 1.950392623714028891e-06
2.320000000000000000e+02 2.160555405388914780e-06
2.330000000000000000e+02 2.391427943511271122e-06
2.340000000000000000e+02 2.644863868023481113e-06
2.350000000000000000e+02 2.922866747166139344e-06
2.360000000000000000e+02 3.227601059967755418e-06
2.370000000000000000e+02 3.561403906754804495e-06
2.380000000000000000e+02 3.926797505171123511e-06
2.390000000000000000e+02 4.326502522271169591e-06
2.400000000000000000e+02 4.763452296527444841e-06
2.410000000000000000e+02 5.240808007080198567e-06
2.420000000000000000e+02 5.761974851269725353e-06
2.430000000000000000e+02 6.330619295441004536e-06
2.440000000000000000e+02 6.950687468210288706e-06
2.450000000000000000e+02 7.626424769847478390e-06
2.460000000000000000e+02 8.362396776171257280e-06
2.470000000000000000e+02 9.163511520390508325e-06
2.480000000000000000e+02 1.003504324167122120e-05
2.490000000000000000e+02 1.098265769487913969e-05
2.500000000000000000e+02 1.201243912196028834e-05
2.510000000000000000e+02 1.313091899179266603e-05
2.520000000000000000e+02 1.434510662208910170e-05
2.530000000000000000e+02 1.566252180407240382e-05
2.540000000000000000e+02 1.709122955819736102e-05
2.550000000000000000e+02 1.863987715717994799e-05
2.560000000000000000e+02 2.031773356103047410e-05
2.570000000000000000e+02 2.213473141769557324e-05
2.580000000000000000e+02 2.410151179231425259e-05
2.590000000000000000e+02 2.622947179800543769e-05
2.600000000000000000e+02 2.853081531155206624e-05
2.610000000000000000e+02 3.101860696835021474e-05
2.620000000000000000e+02 3.370682964257296305e-05
2.630000000000000000e+02 3.661044563068213247e-05
2.640000000000000000e+02 3.974546176922847247e-05
2.650000000000000000e+02 4.312899873133478688e-05
2.660000000000000000e+02 4.677936476038371588e-05
2.670000000000000000e+02 5.071613411425297439e-05
2.680000000000000000e+02 5.496023050898299735e-05
2.690000000000000000e+02 5.953401586704717426e-05
2.700000000000000000e+02 6.446138469245108989e-05
2.710000000000000000e+02 6.976786441273667304e-05
2.720000000000000000e+02 7.548072204663612030e-05
2.730000000000000000e+02 8.162907757563554539e-05
2.740000000000000000e+02 8.824402441809283673e-05
2.750000000000000000e+02 9.535875742583520417e-05
2.760000000000000000e+02 1.030087088453645943e-04
2.770000000000000000e+02 1.112316927089493167e-04
2.780000000000000000e+02 1.200680581450025420e-04
2.790000000000000000e+02 1.295608521222700159e-04
2.800000000000000000e+02 1.397559921684948564e-04
2.810000000000000000e+02 1.507024496314196701e-04
2.820000000000000000e+02 1.624524440782575336e-04
2.830000000000000000e+02 1.750616494591268146e-04
2.840000000000000000e+02 1.885894126904411939e-04
2.850000000000000000e+02 2.030989853458785657e-04
2.860000000000000000e+02 2.186577691753701562e-04
2.870000000000000000e+02 2.353375762065515887e-04
2.880000000000000000e+02 2.532149042183470399e-04
2.890000000000000000e+02 2.723712284128189170e-04
2.900000000000000000e+02 2.928933101491504646e-04
2.910000000000000000e+02 3.148735236426358905e-04
2.920000000000000000e+02 3.384102015718770087e-04
2.930000000000000000e+02 3.636080005790304410e-04
2.940000000000000000e+02 3.905782876909383327e-04
2.950000000000000000e+02 4.194395487333328816e-04
2.960000000000000000e+02 4.503178198560431268e-04
2.970000000000000000e+02 4.833471433342694402e-04
2.980000000000000000e+02 5.186700488595454711e-04
2.990000000000000000e+02 5.564380615839927078e-04
3.000000000000000000e+02 5.968122382329052499e-04
3.010000000000000000e+02 6.399637326535902605e-04
3.020000000000000000e+02 6.860743922227571529e-04
3.030000000000000000e+02 7.353373865905937085e-04
3.040000000000000000e+02 7.879578702970047553e-04
3.050000000000000000e+02 8.441536808543383423e-04
3.060000000000000000e+02 9.041560739512762360e-04
3.070000000000000000e+02 9.682104974944361108e-04
3.080000000000000000e+02 1.036577406267635533e-03
3.090000000000000000e+02 1.109533119053684883e-03
3.100000000000000000e+02 1.187370720130034472e-03
3.110000000000000000e+02 1.270401007117590150e-03
3.120000000000000000e+02 1.358953487231530062e-03
3.130000000000000000e+02 1.453377424054002037e-03
3.140000000000000000e+02 1.554042937021177066e-03
3.150000000000000000e+02 1.661342155891215415e-03
3.160000000000000000e+02 1.775690432535361818e-03
3.170000000000000000e+02 1.897527612471483450e-03
3.180000000000000000e+02 2.027319368638057662e-03
3.190000000000000000e+02 2.165558599986699365e-03
3.200000000000000000e+02 2.312766897552986749e-03
3.210000000000000000e+02 2.469496080748422983e-03
3.220000000000000000e+02 2.636329806700883367e-03
3.230000000000000000e+02 2.813885255556950946e-03
3.240000000000000000e+02 3.002814894746896716e-03
3.250000000000000000e+02 3.203808325301895060e-03
3.260000000000000000e+02 3.417594213403271110e-03
3.270000000000000000e+02 3.644942310435106414e-03
3.280000000000000000e+02 3.886665564904437115e-03
3.290000000000000000e+02 4.143622329687480024e-03
3.300000000000000000e+02 4.416718668155791144e-03
3.310000000000000000e+02 4.706910762833020623e-03
3.320000000000000000e+02 5.015207430330873191e-03
3.330000000000000000e+02 5.342672746412034310e-03
3.340000000000000000e+02 5.690428785128181198e-03
3.350000000000000000e+02 6.059658476082544799e-03
3.360000000000000000e+02 6.451608583969142309e-03
3.370000000000000000e+02 6.867592814644240574e-03
3.380000000000000000e+02 7.308995052090304714e-03
3.390000000000000000e+02 7.777272730738188714e-03
3.400000000000000000e+02 8.273960347719802946e-03
3.410000000000000000e+02 8.800673119730926738e-03
3.420000000000000000e+02 9.359110789291927301e-03
3.430000000000000000e+02 9.951061585303264817e-03
3.440000000000000000e+02 1.057840634290233874e-02
3.450000000000000000e+02 1.124312278773865678e-02
3.460000000000000000e+02 1.194728998989546404e-02
3.470000000000000000e+02 1.269309299279756074e-02
3.480000000000000000e+02 1.348282762255730884e-02
3.490000000000000000e+02 1.431890548332355462e-02
3.500000000000000000e+02 1.520385914431118812e-02
3.510000000000000000e+02 1.614034752430284353e-02
3.520000000000000000e+02 1.713116147952777404e-02
3.530000000000000000e+02 1.817922960093719745e-02
3.540000000000000000e+02 1.928762422700970244e-02
3.550000000000000000e+02 2.045956767833465029e-02
3.560000000000000000e+02 2.169843872033608637e-02
3.570000000000000000e+02 2.300777926061423062e-02
3.580000000000000000e+02 2.439130128749588886e-02
3.590000000000000000e+02 2.585289405649992059e-02
3.600000000000000000e+02 2.739663153153762062e-02
3.610000000000000000e+02 2.902678008778216898e-02
3.620000000000000000e+02 3.074780648325490043e-02
3.630000000000000000e+02 3.256438610628926283e-02
3.640000000000000000e+02 3.448141150614649625e-02
3.650000000000000000e+02 3.650400121416919053e-02
3.660000000000000000e+02 3.863750886297064036e-02
3.670000000000000000e+02 4.088753261126937960e-02
3.680000000000000000e+02 4.325992488208831727e-02
3.690000000000000000e+02 4.576080242214789623e-02
3.700000000000000000e+02 4.839655669039132080e-02
3.710000000000000000e+02 5.117386458368797936e-02
3.720000000000000000e+02 5.409969950786801957e-02
3.730000000000000000e+02 5.718134280234702521e-02
3.740000000000000000e+02 6.042639552670442393e-02
3.750000000000000000e+02 6.384279061768297070e-02
3.760000000000000000e+02 6.743880542517907695e-02
3.770000000000000000e+02 7.122307463589429288e-02
3.780000000000000000e+02 7.520460359341883672e-02
3.790000000000000000e+02 7.939278202361513270e-02
3.800000000000000000e+02 8.379739817426680448e-02
3.810000000000000000e+02 8.842865337805362602e-02
3.820000000000000000e+02 9.329717704800551126e-02
3.830000000000000000e+02 9.841404211468154917e-02
3.840000000000000000e+02 1.037907809144088256e-01
3.850000000000000000e+02 1.094394015380049795e-01
3.860000000000000000e+02 1.153724046494933320e-01
3.870000000000000000e+02 1.216028007844047049e-01
3.880000000000000000e+02 1.281441281373417729e-01
3.890000000000000000e+02 1.350104708485610761e-01
3.900000000000000000e+02 1.422164777994070761e-01
3.910000000000000000e+02 1.497773819265073025e-01
3.920000000000000000e+02 1.577090200647104645e-01
3.930000000000000000e+02 1.660278533288225555e-01
3.940000000000000000e+02 1.747509880442614794e-01
3.950000000000000000e+02 1.838961972368194642e-01
3.960000000000000000e+02 1.934819426917852581e-01
3.970000000000000000e+02 2.035273975927379408e-01
3.980000000000000000e+02 2.140524697503848606e-01
3.990000000000000000e+02 2.250778254318705207e-01
4.000000000000000000e+02 2.366249138010355912e-01
4.010000000000000000e+02 2.487159919801581465e-01
4.020000000000000000e+02 2.613741507437523093e-01
4.030000000000000000e+02 2.746233408550496358e-01
4.040000000000000000e+02 2.884884000558244899e-01
4.050000000000000000e+02 3.029950807202681506e-01
4.060000000000000000e+02 3.181700781836477310e-01
4.070000000000000000e+02 3.340410597565223183e-01
4.080000000000000000e+02 3.506366944353168646e-01
4.090000000000000000e+02 3.679866833200794440e-01
4.100000000000000000e+02 3.861217907502728086e-01
4.110000000000000000e+02 4.050738761694697709e-01
4.120000000000000000e+02 4.248759267298400921e-01
4.130000000000000000e+02 4.455620906473281573e-01
4.140000000000000000e+02 4.671677113184340424e-01
4.150000000000000000e+02 4.897293622095130194e-01
4.160000000000000000e+02 5.132848825295169837e-01
4.170000000000000000e+02 5.378734136970981794e-01
4.180000000000000000e+02 5.635354366129938786e-01
4.190000000000000000e+02 5.903128097486022297e-01
4.200000000000000000e+02 6.182488080616536097e-01
4.210000000000000000e+02 6.473881627498635494e-01
4.220000000000000000e+02 6.777771018534353153e-01
4.230000000000000000e+02 7.094633917172709081e-01
4.240000000000000000e+02 7.424963793237068233e-01
4.250000000000000000e+02 7.769270355065819311e-01
4.260000000000000000e+02 8.128079990573973124e-01
4.270000000000000000e+02 8.501936217343087909e-01
4.280000000000000000e+02 8.891400141846412808e-01
4.290000000000000000e+02 9.297050927915806451e-01
4.300000000000000000e+02 9.719486274556509153e-01
4.310000000000000000e+02 1.015932290321531317e+00
4.320000000000000000e+02 1.061719705460727026e+00
4.330000000000000000e+02 1.109376499520538406e+00
4.340000000000000000e+02 1.158970353349718208e+00
4.350000000000000000e+02 1.210571054611147446e+00
4.360000000000000000e+02 1.264250551391792987e+00
4.370000000000000000e+02 1.320083006820126581e+00
4.380000000000000000e+02 1.378144854701136124e+00
4.390000000000000000e+02 1.438514856178952694e+00
4.400000000000000000e+02 1.501274157437068713e+00
4.410000000000000000e+02 1.566506348446001340e+00
4.420000000000000000e+02 1.634297522768208166e+00
4.430000000000000000e+02 1.704736338429927001e+00
4.440000000000000000e+02 1.777914079869561403e+00
4.450000000000000000e+02 1.853924720972093265e+00
4.460000000000000000e+02 1.932864989198938233e+00
4.470000000000000000e+02 2.014834430822527889e+00
4.480000000000000000e+02 2.099935477274807560e+00
4.490000000000000000e+02 2.188273512618724492e+00
4.500000000000000000e+02 2.279956942151665888e+00
4.510000000000000000e+02 2.375097262149688859e+00
4.520000000000000000e+02 2.473809130761248198e+00
4.530000000000000000e+02 2.576210440059042206e+00
4.540000000000000000e+02 2.682422389258411144e+00
4.550000000000000000e+02 2.792569559110649635e+00
4.560000000000000000e+02 2.906779987479411798e+00
4.570000000000000000e+02 3.025185246108287540e+00
4.580000000000000000e+02 3.147920518587463690e+00
4.590000000000000000e+02 3.275124679527249505e+00
4.600000000000000000e+02 3.406940374946105798e+00
4.610000000000000000e+02 3.543514103880635702e+00
4.620000000000000000e+02 3.684996301224907622e+00
4.630000000000000000e+02 3.831541421806249126e+00
4.640000000000000000e+02 3.983308025704538125e+00
4.650000000000000000e+02 4.140458864821868090e+00
4.660000000000000000e+02 4.303160970709241084e+00
4.670000000000000000e+02 4.471585743656850909e+00
4.680000000000000000e+02 4.645909043054293974e+00
4.690000000000000000e+02 4.826311279026904266e+00
4.700000000000000000e+02 5.012977505354208496e+00
4.710000000000000000e+02 5.206097513676361643e+00
4.720000000000000000e+02 5.405865928994199265e+00
4.730000000000000000e+02 5.612482306468391080e+00
4.740000000000000000e+02 5.826151229522989361e+00
4.750000000000000000e+02 6.047082409258484503e+00
4.760000000000000000e+02 6.275490785179254516e+00
4.770000000000000000e+02 6.511596627240199275e+00
4.780000000000000000e+02 6.755625639217029743e+00
4.790000000000000000e+02 7.007809063404607741e+00
4.800000000000000000e+02 7.268383786647432565e+00
4.810000000000000000e+02 7.537592447706281007e+00
4.820000000000000000e+02 7.815683545964706269e+00
4.830000000000000000e+02 8.102911551478952035e+00
4.840000000000000000e+02 8.399537016374626575e+00
4.850000000000000000e+02 8.705826687593299695e+00
4.860000000000000000e+02 9.022053620991909995e+00
4.870000000000000000e+02 9.348497296797729561e+00
4.880000000000000000e+02 9.685443736421429861e+00
4.890000000000000000e+02 1.003318562063047104e+01
4.900000000000000000e+02 1.039202240908499775e+01
4.910000000000000000e+02 1.076226046123804458e+01
4.920000000000000000e+02 1.114421315860176165e+01
4.930000000000000000e+02 1.153820102838108674e+01
4.940000000000000000e+02 1.194455186847604544e+01
4.950000000000000000e+02 1.236360087385379813e+01
4.960000000000000000e+02 1.279569076429110375e+01
4.970000000000000000e+02 1.324117191348784672e+01
4.980000000000000000e+02 1.370040247955193990e+01
4.990000000000000000e+02 1.417374853685572944e+01
5.000000000000000000e+02 1.466158420926383776e+01
5.010000000000000000e+02 1.516429180473204497e+01
5.020000000000000000e+02 1.568226195127680000e+01
5.030000000000000000e+02 1.621589373431439540e+01
5.040000000000000000e+02 1.676559483536901851e+01
5.050000000000000000e+02 1.733178167214831333e+01
5.060000000000000000e+02 1.791487953998503357e+01
5.070000000000000000e+02 1.851532275464317578e+01
5.080000000000000000e+02 1.913355479648659596e+01
5.090000000000000000e+02 1.977002845600810232e+01
5.100000000000000000e+02 2.042520598071649829e+01
5.110000000000000000e+02 2.109955922337919532e+01
5.120000000000000000e+02 2.179356979161744334e+01
5.130000000000000000e+02 2.250772919885113410e+01
5.140000000000000000e+02 2.324253901659009003e+01
5.150000000000000000e+02 2.399851102806807646e+01
5.160000000000000000e+02 2.477616738321614420e+01
5.170000000000000000e+02 2.557604075497097185e+01
5.180000000000000000e+02 2.639867449691447376e+01
5.190000000000000000e+02 2.724462280223991684e+01
5.200000000000000000e+02 2.811445086404009785e+01
5.210000000000000000e+02 2.900873503691277833e+01
5.220000000000000000e+02 2.992806299987815422e+01
5.230000000000000000e+02 3.087303392060319140e+01
5.240000000000000000e+02 3.184425862092733794e+01
5.250000000000000000e+02 3.284235974368377242e+01
5.260000000000000000e+02 3.386797192081023411e+01
5.270000000000000000e+02 3.492174194274342369e+01
5.280000000000000000e+02 3.600432892909041982e+01
5.290000000000000000e+02 3.711640450057046792e+01
5.300000000000000000e+02 3.825865295222049411e+01
5.310000000000000000e+02 3.943177142785719269e+01
5.320000000000000000e+02 4.063647009578826896e+01
5.330000000000000000e+02 4.187347232576576062e+01
5.340000000000000000e+02 4.314351486717320938e+01
5.350000000000000000e+02 4.444734802843943555e+01
5.360000000000000000e+02 4.578573585767007614e+01
5.370000000000000000e+02 4.715945632448924130e+01
5.380000000000000000e+02 4.856930150308220817e+01
5.390000000000000000e+02 5.001607775643097398e+01
5.400000000000000000e+02 5.150060592173310425e+01
5.410000000000000000e+02 5.302372149699525750e+01
5.420000000000000000e+02 5.458627482879190040e+01
5.430000000000000000e+02 5.618913130117943666e+01
5.440000000000000000e+02 5.783317152575627773e+01
5.450000000000000000e+02 5.951929153285892937e+01
5.460000000000000000e+02 6.124840296388384075e+01
5.470000000000000000e+02 6.302143326472451434e+01
5.480000000000000000e+02 6.483932588031396449e+01
5.490000000000000000e+02 6.670304045026115602e+01
5.500000000000000000e+02 6.861355300557082160e+01
5.510000000000000000e+02 7.057185616643570825e+01
5.520000000000000000e+02 7.257895934108972824e+01
5.530000000000000000e+02 7.463588892571095812e+01
5.540000000000000000e+02 7.674368850536215803e+01
5.550000000000000000e+02 7.890341905595791161e+01
5.560000000000000000e+02 8.111615914724593779e+01
5.570000000000000000e+02 8.338300514679002617e+01
5.580000000000000000e+02 8.570507142494332697e+01
5.590000000000000000e+02 8.808349056079860873e+01
5.600000000000000000e+02 9.051941354910309201e+01
5.610000000000000000e+02 9.301401000812523989e+01
5.620000000000000000e+02 9.556846838846023218e+01
5.630000000000000000e+02 9.818399618276148999e+01
5.640000000000000000e+02 1.008618201363839830e+02
5.650000000000000000e+02 1.036031864589272260e+02
5.660000000000000000e+02 1.064093610366631424e+02
5.670000000000000000e+02 1.092816296458355936e+02
5.680000000000000000e+02 1.122212981668180305e+02
5.690000000000000000e+02 1.152296927991143036e+02
5.700000000000000000e+02 1.183081602771892875e+02
5.710000000000000000e+02 1.214580680871145830e+02
5.720000000000000000e+02 1.246808046840151007e+02
5.730000000000000000e+02 1.279777797103014478e+02
5.740000000000000000e+02 1.313504242146739784e+02
5.750000000000000000e+02 1.348001908718833590e+02
5.760000000000000000e+02 1.383285542032325566e+02
5.770000000000000000e+02 1.419370107978052715e+02
5.780000000000000000e+02 1.456270795344058513e+02
5.790000000000000000e+02 1.494003018041946689e+02
5.800000000000000000e+02 1.532582417340041729e+02
5.810000000000000000e+02 1.572024864103197501e+02
5.820000000000000000e+02 1.612346461039093413e+02
5.830000000000000000e+02 1.653563544950870323e+02
5.840000000000000000e+02 1.695692688995934532e+02
5.850000000000000000e+02 1.738750704950777504e+02
5.860000000000000000e+02 1.782754645481649618e+02
5.870000000000000000e+02 1.827721806420925645e+02
5.880000000000000000e+02 1.873669729048991712e+02
5.890000000000000000e+02 1.920616202381505389e+02
5.900000000000000000e+02 1.968579265461846148e+02
5.910000000000000000e+02 2.017577209658603294e+02
5.920000000000000000e+02 2.067628580967931100e+02
5.930000000000000000e+02 2.118752182320596944e+02
5.940000000000000000e+02 2.170967075893571518e+02
5.950000000000000000e+02 2.224292585425965285e+02
5.960000000000000000e+02 2.278748298539176744e+02
5.970000000000000000e+02 2.334354069061039922e+02
5.980000000000000000e+02 2.391130019353843181e+02
5.990000000000000000e+02 2.449096542646013575e+02
6.000000000000000000e+02 2.508274305367315264e+02
6.010000000000000000e+02 2.568684249487377542e+02
6.020000000000000000e+02 2.630347594857382205e+02
6.030000000000000000e+02 2.693285841554742888e+02
6.040000000000000000e+02 2.757520772230590183e+02
6.050000000000000000e+02 2.823074454459892877e+02
6.060000000000000000e+02 2.889969243094045055e+02
6.070000000000000000e+02 2.958227782615734895e+02
6.080000000000000000e+02 3.027873009495922929e+02
6.090000000000000000e+02 3.098928154552748993e+02
6.100000000000000000e+02 3.171416745312197918e+02
6.110000000000000000e+02 3.245362608370341491e+02
6.120000000000000000e+02 3.320789871756978755e+02
6.130000000000000000e+02 3.397722967300500159e+02
6.140000000000000000e+02 3.476186632993789658e+02
6.150000000000000000e+02 3.556205915360996528e+02
6.160000000000000000e+02 3.637806171824998955e+02
6.170000000000000000e+02 3.721013073075353077e+02
6.180000000000000000e+02 3.805852605436601834e+02
6.190000000000000000e+02 3.892351073236703769e+02
6.200000000000000000e+02 3.980535101175449881e+02
6.210000000000000000e+02 4.070431636692667894e+02
6.220000000000000000e+02 4.162067952336029748e+02
6.230000000000000000e+02 4.255471648128303173e+02
6.240000000000000000e+02 4.350670653933846665e+02
6.250000000000000000e+02 4.447693231824187592e+02
6.260000000000000000e+02 4.546567978442478761e+02
6.270000000000000000e+02 4.647323827366693081e+02
6.280000000000000000e+02 4.749990051471331185e+02
6.290000000000000000e+02 4.854596265287505048e+02
6.300000000000000000e+02 4.961172427361188397e+02
6.310000000000000000e+02 5.069748842609475332e+02
6.320000000000000000e+02 5.180356164674655020e+02
6.330000000000000000e+02 5.293025398275931366e+02
6.340000000000000000e+02 5.407787901558613157e+02
6.350000000000000000e+02 5.524675388440588222e+02
6.360000000000000000e+02 5.643719930955910513e+02
6.370000000000000000e+02 5.764953961595321061e+02
6.380000000000000000e+02 5.888410275643520890e+02
6.390000000000000000e+02 6.014122033513048109e+02
6.400000000000000000e+02 6.142122763074518161e+02
6.410000000000000000e+02 6.272446361983147654e+02
6.420000000000000000e+02 6.405127100001291183e+02
6.430000000000000000e+02 6.540199621316864977e+02
6.440000000000000000e+02 6.677698946857508417e+02
6.450000000000000000e+02 6.817660476600243555e+02
6.460000000000000000e+02 6.960119991876505310e+02
6.470000000000000000e+02 7.105113657672369527e+02
6.480000000000000000e+02 7.252678024923790190e+02
6.490000000000000000e+02 7.402850032806666150e+02
6.500000000000000000e+02 7.555667011021614599e+02
6.510000000000000000e+02 7.711166682073219363e+02
6.520000000000000000e+02 7.869387163543623274e+02
6.530000000000000000e+02 8.030366970360292953e+02
6.540000000000000000e+02 8.194145017057765017e+02
6.550000000000000000e+02 8.360760620033239547e+02
6.560000000000000000e+02 8.530253499795815060e+02
6.570000000000000000e+02 8.702663783209256962e+02
6.580000000000000000e+02 8.878032005728055083e+02
6.590000000000000000e+02 9.056399113626678172e+02
6.600000000000000000e+02 9.237806466221816208e+02
6.610000000000000000e+02 9.422295838087475204e+02
6.620000000000000000e+02 9.609909421262747173e+02
6.630000000000000000e+02 9.800689827452094960e+02
6.640000000000000000e+02 9.994680090217993893e+02
6.650000000000000000e+02 1.019192366716577453e+03
6.660000000000000000e+02 1.039246444212051301e+03
6.670000000000000000e+02 1.059634672729578142e+03
6.680000000000000000e+02 1.080361526545414563e+03
6.690000000000000000e+02 1.101431523205921849e+03
6.700000000000000000e+02 1.122849223741913420e+03
6.710000000000000000e+02 1.144619232882128244e+03
6.720000000000000000e+02 1.166746199265814539e+03
6.730000000000000000e+02 1.189234815654409658e+03
6.740000000000000000e+02 1.212089819142300712e+03
6.750000000000000000e+02 1.235315991366649087e+03
6.760000000000000000e+02 1.258918158716267044e+03
6.770000000000000000e+02 1.282901192539531621e+03
6.780000000000000000e+02 1.307270009351314911e+03
6.790000000000000000e+02 1.332029571038926633e+03
6.800000000000000000e+02 1.357184885067044206e+03
6.810000000000000000e+02 1.382741004681623508e+03
6.820000000000000000e+02 1.408703029112774402e+03
6.830000000000000000e+02 1.435076103776578748e+03
6.840000000000000000e+02 1.461865420475854307e+03
6.850000000000000000e+02 1.489076217599831580e+03
6.860000000000000000e+02 1.516713780322741059e+03
6.870000000000000000e+02 1.544783440801299093e+03
6.880000000000000000e+02 1.573290578371064839e+03
6.890000000000000000e+02 1.602240619741676028e+03
6.900000000000000000e+02 1.631639039190928543e+03
6.910000000000000000e+02 1.661491358757701391e+03
6.920000000000000000e+02 1.691803148433709566e+03
6.930000000000000000e+02 1.722580026354071379e+03
6.940000000000000000e+02 1.753827658986675488e+03
6.950000000000000000e+02 1.785551761320341711e+03
6.960000000000000000e+02 1.817758097051751292e+03
6.970000000000000000e+02 1.850452478771149799e+03
6.980000000000000000e+02 1.883640768146796745e+03
6.990000000000000000e+02 1.917328876108154191e+03
7.000000000000000000e+02 1.951522763027808878e+03
7.010000000000000000e+02 1.986228438902103790e+03
7.020000000000000000e+02 2.021451963530476178e+03
7.030000000000000000e+02 2.057199446693490245e+03
7.040000000000000000e+02 2.093477048329547870e+03
7.050000000000000000e+02 2.130290978710266245e+03
7.060000000000000000e+02 2.167647498614522192e+03
7.070000000000000000e+02 2.205552919501135420e+03
7.080000000000000000e+02 2.244013603680191864e+03
7.090000000000000000e+02 2.283035964482990494e+03
7.100000000000000000e+02 2.322626466430605433e+03
7.110000000000000000e+02 2.362791625401052897e+03
7.120000000000000000e+02 2.403538008795050246e+03
7.130000000000000000e+02 2.444872235700359852e+03
7.140000000000000000e+02 2.486800977054700525e+03
7.150000000000000000e+02 2.529330955807233295e+03
7.160000000000000000e+02 2.572468947078588371e+03
7.170000000000000000e+02 2.616221778319439636e+03
7.180000000000000000e+02 2.660596329467617579e+03
7.190000000000000000e+02 2.705599533103740669e+03
7.200000000000000000e+02 2.751238374605360150e+03
7.210000000000000000e+02 2.797519892299619642e+03
7.220000000000000000e+02 2.844451177614401331e+03
7.230000000000000000e+02 2.892039375227964229e+03
7.240000000000000000e+02 2.940291683217064474e+03
7.250000000000000000e+02 2.989215353203536324e+03
7.260000000000000000e+02 3.038817690499350647e+03
7.270000000000000000e+02 3.089106054250107718e+03
7.280000000000000000e+02 3.140087857576988881e+03
7.290000000000000000e+02 3.191770567717145695e+03
7.300000000000000000e+02 3.244161706162505652e+03
7.310000000000000000e+02 3.297268848797014016e+03
7.320000000000000000e+02 3.351099626032281776e+03
7.330000000000000000e+02 3.405661722941638800e+03
7.340000000000000000e+02 3.460962879392591276e+03
7.350000000000000000e+02 3.517010890177662986e+03
7.360000000000000000e+02 3.573813605143634959e+03
7.370000000000000000e+02 3.631378929319141662e+03
7.380000000000000000e+02 3.689714823040661940e+03
7.390000000000000000e+02 3.748829302076850126e+03
7.400000000000000000e+02 3.808730437751246882e+03
7.410000000000000000e+02 3.869426357063328396e+03
7.420000000000000000e+02 3.930925242807901668e+03
7.430000000000000000e+02 3.993235333692838594e+03
7.440000000000000000e+02 4.056364924455153869e+03
7.450000000000000000e+02 4.120322365975388493e+03
7.460000000000000000e+02 4.185116065390338917e+03
7.470000000000000000e+02 4.250754486204082241e+03
7.480000000000000000e+02 4.317246148397324760e+03
7.490000000000000000e+02 4.384599628535052034e+03
7.500000000000000000e+02 4.452823559872474107e+03
7.510000000000000000e+02 4.521926632459273605e+03
7.520000000000000000e+02 4.591917593242139446e+03
7.530000000000000000e+02 4.662805246165588869e+03
7.540000000000000000e+02 4.734598452271067799e+03
7.550000000000000000e+02 4.807306129794331355e+03
7.560000000000000000e+02 4.880937254261089947e+03
7.570000000000000000e+02 4.955500858580939166e+03
7.580000000000000000e+02 5.031006033139525243e+03
7.590000000000000000e+02 5.107461925889009763e+03
7.600000000000000000e+02 5.184877742436753579e+03
7.610000000000000000e+02 5.263262746132275424e+03
7.620000000000000000e+02 5.342626258152464288e+03
7.630000000000000000e+02 5.422977657585005545e+03
7.640000000000000000e+02 5.504326381510101783e+03
7.650000000000000000e+02 5.586681925080383735e+03
7.660000000000000000e+02 5.670053841599085899e+03
7.670000000000000000e+02 5.754451742596449549e+03
7.680000000000000000e+02 5.839885297904365871e+03
7.690000000000000000e+02 5.926364235729219217e+03
7.700000000000000000e+02 6.013898342723003225e+03
7.710000000000000000e+02 6.102497464052619762e+03
7.720000000000000000e+02 6.192171503467415278e+03
7.730000000000000000e+02 6.282930423364946364e+03
7.740000000000000000e+02 6.374784244854953613e+03
7.750000000000000000e+02 6.467743047821549226e+03
7.760000000000000000e+02 6.561816970983628380e+03
7.770000000000000000e+02 6.657016211953487982e+03
7.780000000000000000e+02 6.753351027293658262e+03
7.790000000000000000e+02 6.850831732571958128e+03
7.800000000000000000e+02 6.949468702414725158e+03
7.810000000000000000e+02 7.049272370558302100e+03
7.820000000000000000e+02 7.150253229898691643e+03
7.830000000000000000e+02 7.252421832539438583e+03
7.840000000000000000e+02 7.355788789837714830e+03
7.850000000000000000e+02 7.460364772448607255e+03
7.860000000000000000e+02 7.566160510367618372e+03
7.870000000000000000e+02 7.673186792971350769e+03
7.880000000000000000e+02 7.781454469056438938e+03
7.890000000000000000e+02 7.890974446876633010e+03
7.900000000000000000e+02 8.001757694178141719e+03
7.910000000000000000e+02 8.113815238233133641e+03
7.920000000000000000e+02 8.227158165871476740e+03
7.930000000000000000e+02 8.341797623510668927e+03
7.940000000000000000e+02 8.457744817183978739e+03
7.950000000000000000e+02 8.575011012566803402e+03
7.960000000000000000e+02 8.693607535001214274e+03
7.970000000000000000e+02 8.813545769518725137e+03
7.980000000000000000e+02 8.934837160861286975e+03
7.990000000000000000e+02 9.057493213500449201e+03
8.000000000000000000e+02 9.181525491654781945e+03
8.010000000000000000e+02 9.306945619305490254e+03
8.020000000000000000e+02 9.433765280210236597e+03
8.030000000000000000e+02 9.561996217915195302e+03
8.040000000000000000e+02 9.691650235765320758e+03
8.050000000000000000e+02 9.822739196912834814e+03
8.060000000000000000e+02 9.955275024323935213e+03
8.070000000000000000e+02 1.008926970078373779e+04
8.080000000000000000e+02 1.022473526889944151e+04
8.090000000000000000e+02 1.036168383110169816e+04
8.100000000000000000e+02 1.050012754964426858e+04
8.110000000000000000e+02 1.064007864660185260e+04
8.120000000000000000e+02 1.078154940386620183e+04
8.130000000000000000e+02 1.092455216314042082e+04
8.140000000000000000e+02 1.106909932593158737e+04
8.150000000000000000e+02 1.121520335354153030e+04
8.160000000000000000e+02 1.136287676705591002e+04
8.170000000000000000e+02 1.151213214733154200e+04
8.180000000000000000e+02 1.166298213498195037e+04
8.190000000000000000e+02 1.181543943036121163e+04
8.200000000000000000e+02 1.196951679354602493e+04
8.210000000000000000e+02 1.212522704431607599e+04
8.220000000000000000e+02 1.228258306213264586e+04
8.230000000000000000e+02 1.244159778611550428e+04
8.240000000000000000e+02 1.260228421501806588e+04
8.250000000000000000e+02 1.276465540720083482e+04
8.260000000000000000e+02 1.292872448060312854e+04
8.270000000000000000e+02 1.309450461271308450e+04
8.280000000000000000e+02 1.326200904053595696e+04
8.290000000000000000e+02 1.343125106056070945e+04
8.300000000000000000e+02 1.360224402872491191e+04
8.310000000000000000e+02 1.377500136037792618e+04
8.320000000000000000e+02 1.394953653024240884e+04
8.330000000000000000e+02 1.412586307237413712e+04
8.340000000000000000e+02 1.430399458012010291e+04
8.350000000000000000e+02 1.448394470607500261e+04
8.360000000000000000e+02 1.466572716203599521e+04
8.370000000000000000e+02 1.484935571895578869e+04
8.380000000000000000e+02 1.503484420689411127e+04
8.390000000000000000e+02 1.522220651496747450e+04
8.400000000000000000e+02 1.541145659129729393e+04
8.410000000000000000e+02 1.560260844295638708e+04
8.420000000000000000e+02 1.579567613591377631e+04
8.430000000000000000e+02 1.599067379497789807e+04
8.440000000000000000e+02 1.618761560373816246e+04
8.450000000000000000e+02 1.638651580450487381e+04
8.460000000000000000e+02 1.658738869824753783e+04
8.470000000000000000e+02 1.679024864453155897e+04
8.480000000000000000e+02 1.699511006145330975e+04
8.490000000000000000e+02 1.720198742557360674e+04
8.500000000000000000e+02 1.741089527184957842e+04
8.510000000000000000e+02 1.762184819356493608e+04
8.520000000000000000e+02 1.783486084225867307e+04
8.530000000000000000e+02 1.804994792765215971e+04
8.540000000000000000e+02 1.826712421757468474e+04
8.550000000000000000e+02 1.848640453788738523e+04
8.560000000000000000e+02 1.870780377240568123e+04
8.570000000000000000e+02 1.893133686282007329e+04
8.580000000000000000e+02 1.915701880861544851e+04
8.590000000000000000e+02 1.938486466698880758e+04
8.600000000000000000e+02 1.961488955276546403e+04
8.610000000000000000e+02 1.984710863831370079e+04
8.620000000000000000e+02 2.008153715345796445e+04
8.630000000000000000e+02 2.031819038539039684e+04
8.640000000000000000e+02 2.055708367858100974e+04
8.650000000000000000e+02 2.079823243468626606e+04
8.660000000000000000e+02 2.104165211245618411e+04
8.670000000000000000e+02 2.128735822763993565e+04
8.680000000000000000e+02 2.153536635288997786e+04
8.690000000000000000e+02 2.178569211766469380e+04
8.700000000000000000e+02 2.203835120812959212e+04
8.710000000000000000e+02 2.229335936705696076e+04
8.720000000000000000e+02 2.255073239372416356e+04
8.730000000000000000e+02 2.281048614381043444e+04
8.740000000000000000e+02 2.307263652929219097e+04
8.750000000000000000e+02 2.333719951833701271e+04
8.760000000000000000e+02 2.360419113519609164e+04
8.770000000000000000e+02 2.387362746009530019e+04
8.780000000000000000e+02 2.414552462912488045e+04
8.790000000000000000e+02 2.441989883412764902e+04
8.800000000000000000e+02 2.469676632258585596e+04
8.810000000000000000e+02 2.497614339750665022e+04
8.820000000000000000e+02 2.525804641730617004e+04
8.830000000000000000e+02 2.554249179569215994e+04
8.840000000000000000e+02 2.582949600154538348e+04
8.850000000000000000e+02 2.611907555879951542e+04
8.860000000000000000e+02 2.641124704631980785e+04
8.870000000000000000e+02 2.670602709778028657e+04
8.880000000000000000e+02 2.700343240153973602e+04
8.890000000000000000e+02 2.730347970051624361e+04
8.900000000000000000e+02 2.760618579206048526e+04
8.910000000000000000e+02 2.791156752782768672e+04
8.920000000000000000e+02 2.821964181364824617e+04
8.930000000000000000e+02 2.853042560939709438e+04
8.940000000000000000e+02 2.884393592886175247e+04
8.950000000000000000e+02 2.916018983960907281e+04
8.960000000000000000e+02 2.947920446285077924e+04
8.970000000000000000e+02 2.980099697330765412e+04
8.980000000000000000e+02 3.012558459907252836e+04
8.990000000000000000e+02 3.045298462147197642e+04
9.000000000000000000e+02 3.078321437492682162e+04
9.010000000000000000e+02 3.111629124681132089e+04
9.020000000000000000e+02 3.145223267731124724e+04
9.030000000000000000e+02 3.179105615928061161e+04
9.040000000000000000e+02 3.213277923809729691e+04
9.050000000000000000e+02 3.247741951151739340e+04
9.060000000000000000e+02 3.282499462952841714e+04
9.070000000000000000e+02 3.317552229420128424e+04
9.080000000000000000e+02 3.352902025954116834e+04
9.090000000000000000e+02 3.388550633133710653e+04
9.100000000000000000e+02 3.424499836701052845e+04
9.110000000000000000e+02 3.460751427546258492e+04
9.120000000000000000e+02 3.497307201692033414e+04
9.130000000000000000e+02 3.534168960278180020e+04
9.140000000000000000e+02 3.571338509545995475e+04
9.150000000000000000e+02 3.608817660822545440e+04
9.160000000000000000e+02 3.646608230504841049e+04
9.170000000000000000e+02 3.684712040043894376e+04
9.180000000000000000e+02 3.723130915928674222e+04
9.190000000000000000e+02 3.761866689669944753e+04
9.200000000000000000e+02 3.800921197784003016e+04
9.210000000000000000e+02 3.840296281776307296e+04
9.220000000000000000e+02 3.879993788124992716e+04
9.230000000000000000e+02 3.920015568264300964e+04
9.240000000000000000e+02 3.960363478567881975e+04
9.250000000000000000e+02 4.001039380332009023e+04
9.260000000000000000e+02 4.042045139758688310e+04
9.270000000000000000e+02 4.083382627938655787e+04
9.280000000000000000e+02 4.125053720834293199e+04
9.290000000000000000e+02 4.167060299262422632e+04
9.300000000000000000e+02 4.209404248877023929e+04
9.310000000000000000e+02 4.252087460151828418e+04
9.320000000000000000e+02 4.295111828362844972e+04
9.330000000000000000e+02 4.338479253570763103e+04
9.340000000000000000e+02 4.382191640603278211e+04
9.350000000000000000e+02 4.426250899037302588e+04
9.360000000000000000e+02 4.470658943181120412e+04
9.370000000000000000e+02 4.515417692056397937e+04
9.380000000000000000e+02 4.560529069380144938e+04
9.390000000000000000e+02 4.605995003546564112e+04
9.400000000000000000e+02 4.651817427608814614e+04
9.410000000000000000e+02 4.697998279260685376e+04
9.420000000000000000e+02 4.744539500818181841e+04
9.430000000000000000e+02 4.791443039201018109e+04
9.440000000000000000e+02 4.838710845914040692e+04
9.450000000000000000e+02 4.886344877028537303e+04
9.460000000000000000e+02 4.934347093163488171e+04
9.470000000000000000e+02 4.982719459466714034e+04
9.480000000000000000e+02 5.031463945595950645e+04
9.490000000000000000e+02 5.080582525699841790e+04
9.500000000000000000e+02 5.130077178398839897e+04
9.510000000000000000e+02 5.179949886766036798e+04
9.520000000000000000e+02 5.230202638307910092e+04
9.530000000000000000e+02 5.280837424944990198e+04
9.540000000000000000e+02 5.331856242992451007e+04
9.550000000000000000e+02 5.383261093140620505e+04
9.560000000000000000e+02 5.435053980435414269e+04
9.570000000000000000e+02 5.487236914258702745e+04
9.580000000000000000e+02 5.539811908308588318e+04
9.590000000000000000e+02 5.592780980579619063e+04
9.600000000000000000e+02 5.646146153342931939e+04
9.610000000000000000e+02 5.699909453126309381e+04
9.620000000000000000e+02 5.754072910694179882e+04
9.630000000000000000e+02 5.808638561027545074e+04
9.640000000000000000e+02 5.863608443303825334e+04
9.650000000000000000e+02 5.918984600876652257e+04
9.660000000000000000e+02 5.974769081255584751e+04
9.670000000000000000e+02 6.030963936085757450e+04
9.680000000000000000e+02 6.087571221127467288e+04
9.690000000000000000e+02 6.144592996235693863e+04
9.700000000000000000e+02 6.202031325339555042e+04
9.710000000000000000e+02 6.259888276421684714e+04
9.720000000000000000e+02 6.318165921497583622e+04
9.730000000000000000e+02 6.376866336594863242e+04
9.740000000000000000e+02 6.435991601732464915e+04
9.750000000000000000e+02 6.495543800899800408e+04
9.760000000000000000e+02 6.555525022035832808e+04
9.770000000000000000e+02 6.615937357008109393e+04
9.780000000000000000e+02 6.676782901591726113e+04
9.790000000000000000e+02 6.738063755448236770e+04
9.800000000000000000e+02 6.799782022104520001e+04
9.810000000000000000e+02 6.861939808931564039e+04
9.820000000000000000e+02 6.924539227123222372e+04
9.830000000000000000e+02 6.987582391674909741e+04
9.840000000000000000e+02 7.051071421362225374e+04
9.850000000000000000e+02 7.115008438719555852e+04
9.860000000000000000e+02 7.179395570018608123e+04
9.870000000000000000e+02 7.244234945246887219e+04
9.880000000000000000e+02 7.309528698086137592e+04
9.890000000000000000e+02 7.375278965890736436e+04
9.900000000000000000e+02 7.441487889666028786e+04
9.910000000000000000e+02 7.508157614046613162e+04
9.920000000000000000e+02 7.575290287274598086e+04
9.930000000000000000e+02 7.642888061177801865e+04
9.940000000000000000e+02 7.710953091147897067e+04
9.950000000000000000e+02 7.779487536118543358e+04
9.960000000000000000e+02 7.848493558543437393e+04
9.970000000000000000e+02 7.917973324374346703e+04
9.980000000000000000e+02 7.987929003039102827e+04
9.990000000000000000e+02 8.058362767419531883e+04
