# BB temperature (K); Intensity through filter (ph/s/m^2/mas^2)
1.000000000000000000e+01 0.000000000000000000e+00
1.100000000000000000e+01 0.000000000000000000e+00
1.200000000000000000e+01 0.000000000000000000e+00
1.300000000000000000e+01 0.000000000000000000e+00
1.400000000000000000e+01 0.000000000000000000e+00
1.500000000000000000e+01 0.000000000000000000e+00
1.600000000000000000e+01 0.000000000000000000e+00
1.700000000000000000e+01 0.000000000000000000e+00
1.800000000000000000e+01 0.000000000000000000e+00
1.900000000000000000e+01 0.000000000000000000e+00
2.000000000000000000e+01 0.000000000000000000e+00
2.100000000000000000e+01 1.148093616166075167e-106
2.200000000000000000e+01 1.219800174091397119e-101
2.300000000000000000e+01 4.742108223943778851e-97
2.400000000000000000e+01 7.648302850705150688e-93
2.500000000000000000e+01 5.687049226150191757e-89
2.600000000000000000e+01 2.131618104116452269e-85
2.700000000000000000e+01 4.345737634283618274e-82
2.800000000000000000e+01 5.143565556864060151e-79
2.900000000000000000e+01 3.738723421956285953e-76
3.000000000000000000e+01 1.752262727517264201e-73
3.100000000000000000e+01 5.524867702614262358e-71
3.200000000000000000e+01 1.216238760664718954e-68
3.300000000000000000e+01 1.931362925576994193e-66
3.400000000000000000e+01 2.277006609957393600e-64
3.500000000000000000e+01 2.044554683072116535e-62
3.600000000000000000e+01 1.430262160442376280e-60
3.700000000000000000e+01 7.954253229950100923e-59
3.800000000000000000e+01 3.581048964509092680e-57
3.900000000000000000e+01 1.326486140347182768e-55
4.000000000000000000e+01 4.102289183702911867e-54
4.100000000000000000e+01 1.073275731446342255e-52
4.200000000000000000e+01 2.404046024822739498e-51
4.300000000000000000e+01 4.660404182067416909e-50
4.400000000000000000e+01 7.896403630228254022e-49
4.500000000000000000e+01 1.179928855793366072e-47
4.600000000000000000e+01 1.567690171966322549e-46
4.700000000000000000e+01 1.865938020499912128e-45
4.800000000000000000e+01 2.003319982325512237e-44
4.900000000000000000e+01 1.952359127519911907e-43
5.000000000000000000e+01 1.737186398347125632e-42
5.100000000000000000e+01 1.418841538178002665e-41
5.200000000000000000e+01 1.068973484841254592e-40
5.300000000000000000e+01 7.463259704808549769e-40
5.400000000000000000e+01 4.849031052132822545e-39
5.500000000000000000e+01 2.943397391104660176e-38
5.600000000000000000e+01 1.675295937279830461e-37
5.700000000000000000e+01 8.971253782233088459e-37
5.800000000000000000e+01 4.534220633555775647e-36
5.900000000000000000e+01 2.169283041462024230e-35
6.000000000000000000e+01 9.851105962318466883e-35
6.100000000000000000e+01 4.257180076604339745e-34
6.200000000000000000e+01 1.754965574464799433e-33
6.300000000000000000e+01 6.916715953987040595e-33
6.400000000000000000e+01 2.611742322440042292e-32
6.500000000000000000e+01 9.467118431227422077e-32
6.600000000000000000e+01 3.300414332800183477e-31
6.700000000000000000e+01 1.108511652260096453e-30
6.800000000000000000e+01 3.592912260512952427e-30
6.900000000000000000e+01 1.125536496399913316e-29
7.000000000000000000e+01 3.412815863990566340e-29
7.100000000000000000e+01 1.003008091846827136e-28
7.200000000000000000e+01 2.860876528916513775e-28
7.300000000000000000e+01 7.929225165551047145e-28
7.400000000000000000e+01 2.137983554454836763e-27
7.500000000000000000e+01 5.614331308527703931e-27
7.600000000000000000e+01 1.437357250541693731e-26
7.700000000000000000e+01 3.591152465371666501e-26
7.800000000000000000e+01 8.764210664810511047e-26
7.900000000000000000e+01 2.091165517760688534e-25
8.000000000000000000e+01 4.882340985592679139e-25
8.100000000000000000e+01 1.116300775487554368e-24
8.200000000000000000e+01 2.501382204307150436e-24
8.300000000000000000e+01 5.497191655724723224e-24
8.400000000000000000e+01 1.185672980814014902e-23
8.500000000000000000e+01 2.511535081258491489e-23
8.600000000000000000e+01 5.228023949054606777e-23
8.700000000000000000e+01 1.070091750473772560e-22
8.800000000000000000e+01 2.154958252239660689e-22
8.900000000000000000e+01 4.271979641719678512e-22
9.000000000000000000e+01 8.341025530424418773e-22
9.100000000000000000e+01 1.604823178703451896e-21
9.200000000000000000e+01 3.044110647808520038e-21
9.300000000000000000e+01 5.695322091333445237e-21
9.400000000000000000e+01 1.051456690744987322e-20
9.500000000000000000e+01 1.916294885206285267e-20
9.600000000000000000e+01 3.449102880034130189e-20
9.700000000000000000e+01 6.133249106267458220e-20
9.800000000000000000e+01 1.077895482051228395e-19
9.900000000000000000e+01 1.872917878644519572e-19
1.000000000000000000e+02 3.218586051934407956e-19
1.010000000000000000e+02 5.472152850348701397e-19
1.020000000000000000e+02 9.207353929047868536e-19
1.030000000000000000e+02 1.533650798774563475e-18
1.040000000000000000e+02 2.529645200976503924e-18
1.050000000000000000e+02 4.132909126869315455e-18
1.060000000000000000e+02 6.690094658889306621e-18
1.070000000000000000e+02 1.073251503853194875e-17
1.080000000000000000e+02 1.706758551040500460e-17
1.090000000000000000e+02 2.691215837083062136e-17
1.100000000000000000e+02 4.208540935462885437e-17
1.110000000000000000e+02 6.528572930330913607e-17
1.120000000000000000e+02 1.004852391975040295e-16
1.130000000000000000e+02 1.534878148925747997e-16
1.140000000000000000e+02 2.327128183566454295e-16
1.150000000000000000e+02 3.502882712501498185e-16
1.160000000000000000e+02 5.235654648934872845e-16
1.170000000000000000e+02 7.772038389628003434e-16
1.180000000000000000e+02 1.146022688533287230e-15
1.190000000000000000e+02 1.678877722847334662e-15
1.200000000000000000e+02 2.443899190569605576e-15
1.210000000000000000e+02 3.535528461174753087e-15
1.220000000000000000e+02 5.083916769747923220e-15
1.230000000000000000e+02 7.267409513351809620e-15
1.240000000000000000e+02 1.032903949159832646e-14
1.250000000000000000e+02 1.459820171342276899e-14
1.260000000000000000e+02 2.051899141332314351e-14
1.270000000000000000e+02 2.868706821642768724e-14
1.280000000000000000e+02 3.989737763821536106e-14
1.290000000000000000e+02 5.520563347400666659e-14
1.300000000000000000e+02 7.600716112781212355e-14
1.310000000000000000e+02 1.041375457441955554e-13
1.320000000000000000e+02 1.420005469188341742e-13
1.330000000000000000e+02 1.927299645573643933e-13
1.340000000000000000e+02 2.603936033685493808e-13
1.350000000000000000e+02 3.502492266942958672e-13
1.360000000000000000e+02 4.690644595178680585e-13
1.370000000000000000e+02 6.255150471545038571e-13
1.380000000000000000e+02 8.306787584555092232e-13
1.390000000000000000e+02 1.098645605607740154e-12
1.400000000000000000e+02 1.447269009765703581e-12
1.410000000000000000e+02 1.899087154131688914e-12
1.420000000000000000e+02 2.482449123985980864e-12
1.430000000000000000e+02 3.232886636455572646e-12
1.440000000000000000e+02 4.194779321633475112e-12
1.450000000000000000e+02 5.423369752046927088e-12
1.460000000000000000e+02 6.987193861967172139e-12
1.470000000000000000e+02 8.971003196342548091e-12
1.480000000000000000e+02 1.147926773865229624e-11
1.490000000000000000e+02 1.464036205847063119e-11
1.500000000000000000e+02 1.861155337761881840e-11
1.510000000000000000e+02 2.358492807745897840e-11
1.520000000000000000e+02 2.979441337297398951e-11
1.530000000000000000e+02 3.752407359085866158e-11
1.540000000000000000e+02 4.711788595358968332e-11
1.550000000000000000e+02 5.899122924990303733e-11
1.560000000000000000e+02 7.364435054093602267e-11
1.570000000000000000e+02 9.167811040338538695e-11
1.580000000000000000e+02 1.138123464555517081e-10
1.590000000000000000e+02 1.409072383745147107e-10
1.600000000000000000e+02 1.739881056344451224e-10
1.610000000000000000e+02 2.142741221346201180e-10
1.620000000000000000e+02 2.632114901140336544e-10
1.630000000000000000e+02 3.225116796556536485e-10
1.640000000000000000e+02 3.941954100699535977e-10
1.650000000000000000e+02 4.806431259309015859e-10
1.660000000000000000e+02 5.846528039476371748e-10
1.670000000000000000e+02 7.095060176335100069e-10
1.680000000000000000e+02 8.590432853339443067e-10
1.690000000000000000e+02 1.037749834058927420e-09
1.700000000000000000e+02 1.250853027206649051e-09
1.710000000000000000e+02 1.504432829141596563e-09
1.720000000000000000e+02 1.805546814188658669e-09
1.730000000000000000e+02 2.162371372414742404e-09
1.740000000000000000e+02 2.584360920084003418e-09
1.750000000000000000e+02 3.082427089386169675e-09
1.760000000000000000e+02 3.669140050443415155e-09
1.770000000000000000e+02 4.358954309190231225e-09
1.780000000000000000e+02 5.168461527980028820e-09
1.790000000000000000e+02 6.116673132181122058e-09
1.800000000000000000e+02 7.225335696055073570e-09
1.810000000000000000e+02 8.519282345322827887e-09
1.820000000000000000e+02 1.002682367246639443e-08
1.830000000000000000e+02 1.178018193441900383e-08
1.840000000000000000e+02 1.381597259128025304e-08
1.850000000000000000e+02 1.617573754945191702e-08
1.860000000000000000e+02 1.890653479349713526e-08
1.870000000000000000e+02 2.206158942843608463e-08
1.880000000000000000e+02 2.570101150842440276e-08
1.890000000000000000e+02 2.989258639911985558e-08
1.900000000000000000e+02 3.471264380979004336e-08
1.910000000000000000e+02 4.024701203758868865e-08
1.920000000000000000e+02 4.659206439062920031e-08
1.930000000000000000e+02 5.385586519867862796e-08
1.940000000000000000e+02 6.215942328061077250e-08
1.950000000000000000e+02 7.163806121628466730e-08
1.960000000000000000e+02 8.244290926729749223e-08
1.970000000000000000e+02 9.474253330611667823e-08
1.980000000000000000e+02 1.087247066463724515e-07
1.990000000000000000e+02 1.245983362185219699e-07
2.000000000000000000e+02 1.425955541045441269e-07
2.010000000000000000e+02 1.629739860326217960e-07
2.020000000000000000e+02 1.860192090376861734e-07
2.030000000000000000e+02 2.120474111159846200e-07
2.040000000000000000e+02 2.414082663411463830e-07
2.050000000000000000e+02 2.744880395652267253e-07
2.060000000000000000e+02 3.117129355004552117e-07
2.070000000000000000e+02 3.535527076654800761e-07
2.080000000000000000e+02 4.005245433832337619e-07
2.090000000000000000e+02 4.531972417356089450e-07
2.100000000000000000e+02 5.121957021123238946e-07
2.110000000000000000e+02 5.782057417369895995e-07
2.120000000000000000e+02 6.519792613118026861e-07
2.130000000000000000e+02 7.343397786926960122e-07
2.140000000000000000e+02 8.261883512884128282e-07
2.150000000000000000e+02 9.285099086689987230e-07
2.160000000000000000e+02 1.042380017670711607e-06
2.170000000000000000e+02 1.168972103094477708e-06
2.180000000000000000e+02 1.309565147912759545e-06
2.190000000000000000e+02 1.465551897724090023e-06
2.200000000000000000e+02 1.638447595024513578e-06
2.210000000000000000e+02 1.829899269699702832e-06
2.220000000000000000e+02 2.041695612979552988e-06
2.230000000000000000e+02 2.275777462937306402e-06
2.240000000000000000e+02 2.534248930456826529e-06
2.250000000000000000e+02 2.819389195433118374e-06
2.260000000000000000e+02 3.133665003811510881e-06
2.270000000000000000e+02 3.479743896908815849e-06
2.280000000000000000e+02 3.860508205294104812e-06
2.290000000000000000e+02 4.279069840336046878e-06
2.300000000000000000e+02 4.738785917347099599e-06
2.310000000000000000e+02 5.243275245070562226e-06
2.320000000000000000e+02 5.796435717063751051e-06
2.330000000000000000e+02 6.402462641327680211e-06
2.340000000000000000e+02 7.065868045319536823e-06
2.350000000000000000e+02 7.791500994257744364e-06
2.360000000000000000e+02 8.584568961388937516e-06
2.370000000000000000e+02 9.450660289630801787e-06
2.380000000000000000e+02 1.039576778473288730e-05
2.390000000000000000e+02 1.142631348080830656e-05
2.400000000000000000e+02 1.254917461978104527e-05
2.410000000000000000e+02 1.377171088696550035e-05
2.420000000000000000e+02 1.510179294564574077e-05
2.430000000000000000e+02 1.654783231415007507e-05
2.440000000000000000e+02 1.811881262952189599e-05
2.450000000000000000e+02 1.982432234246730895e-05
2.460000000000000000e+02 2.167458888881561004e-05
2.470000000000000000e+02 2.368051438325573013e-05
2.480000000000000000e+02 2.585371288161240222e-05
2.490000000000000000e+02 2.820654925839736753e-05
2.500000000000000000e+02 3.075217974681204551e-05
2.510000000000000000e+02 3.350459418879067549e-05
2.520000000000000000e+02 3.647866004305109073e-05
2.530000000000000000e+02 3.969016819946994431e-05
2.540000000000000000e+02 4.315588064841249289e-05
2.550000000000000000e+02 4.689358005392890694e-05
2.560000000000000000e+02 5.092212127997627376e-05
2.570000000000000000e+02 5.526148491903617110e-05
2.580000000000000000e+02 5.993283287267643341e-05
2.590000000000000000e+02 6.495856603374405662e-05
2.600000000000000000e+02 7.036238411998198522e-05
2.610000000000000000e+02 7.616934770893053178e-05
2.620000000000000000e+02 8.240594252400249746e-05
2.630000000000000000e+02 8.910014602161787673e-05
2.640000000000000000e+02 9.628149632923623685e-05
2.650000000000000000e+02 1.039811635840465833e-04
2.660000000000000000e+02 1.122320237219526169e-04
2.670000000000000000e+02 1.210687347663352322e-04
2.680000000000000000e+02 1.305278156658818344e-04
2.690000000000000000e+02 1.406477277305345623e-04
2.700000000000000000e+02 1.514689587143480426e-04
2.710000000000000000e+02 1.630341095937345032e-04
2.720000000000000000e+02 1.753879840892361998e-04
2.730000000000000000e+02 1.885776809785841984e-04
2.740000000000000000e+02 2.026526892483886122e-04
2.750000000000000000e+02 2.176649861313561607e-04
2.760000000000000000e+02 2.336691380754483613e-04
2.770000000000000000e+02 2.507224046908736290e-04
2.780000000000000000e+02 2.688848457202577640e-04
2.790000000000000000e+02 2.882194310767538146e-04
2.800000000000000000e+02 3.087921539942396765e-04
2.810000000000000000e+02 3.306721473331056304e-04
2.820000000000000000e+02 3.539318030844608399e-04
2.830000000000000000e+02 3.786468951148906355e-04
2.840000000000000000e+02 4.048967051931602352e-04
2.850000000000000000e+02 4.327641523395161431e-04
2.860000000000000000e+02 4.623359255374497653e-04
2.870000000000000000e+02 4.937026198469943129e-04
2.880000000000000000e+02 5.269588759577968629e-04
2.890000000000000000e+02 5.622035232193762968e-04
2.900000000000000000e+02 5.995397261851011543e-04
2.910000000000000000e+02 6.390751347055676802e-04
2.920000000000000000e+02 6.809220376061394858e-04
2.930000000000000000e+02 7.251975199825403317e-04
2.940000000000000000e+02 7.720236241474447104e-04
2.950000000000000000e+02 8.215275142601032076e-04
2.960000000000000000e+02 8.738416446701185959e-04
2.970000000000000000e+02 9.291039320055299606e-04
2.980000000000000000e+02 9.874579310344435128e-04
2.990000000000000000e+02 1.049053014328513297e-03
3.000000000000000000e+02 1.114044555755613203e-03
3.010000000000000000e+02 1.182594117828150368e-03
3.020000000000000000e+02 1.254869642932514339e-03
3.030000000000000000e+02 1.331045648464255268e-03
3.040000000000000000e+02 1.411303425892678582e-03
3.050000000000000000e+02 1.495831243777660585e-03
3.060000000000000000e+02 1.584824554760622074e-03
3.070000000000000000e+02 1.678486206550724091e-03
3.080000000000000000e+02 1.777026656926566656e-03
3.090000000000000000e+02 1.880664192772833060e-03
3.100000000000000000e+02 1.989625153170548368e-03
3.110000000000000000e+02 2.104144156558947296e-03
3.120000000000000000e+02 2.224464331986130208e-03
3.130000000000000000e+02 2.350837554465135416e-03
3.140000000000000000e+02 2.483524684451368821e-03
3.150000000000000000e+02 2.622795811456731050e-03
3.160000000000000000e+02 2.768930501815360708e-03
3.170000000000000000e+02 2.922218050615280928e-03
3.180000000000000000e+02 3.082957737809947571e-03
3.190000000000000000e+02 3.251459088523265054e-03
3.200000000000000000e+02 3.428042137561329149e-03
3.210000000000000000e+02 3.613037698143985264e-03
3.220000000000000000e+02 3.806787634869005735e-03
3.230000000000000000e+02 4.009645140921740472e-03
3.240000000000000000e+02 4.221975019542986360e-03
3.250000000000000000e+02 4.444153969767856462e-03
3.260000000000000000e+02 4.676570876448730985e-03
3.270000000000000000e+02 4.919627104575404961e-03
3.280000000000000000e+02 5.173736797906090118e-03
3.290000000000000000e+02 5.439327181923137022e-03
3.300000000000000000e+02 5.716838871128135900e-03
3.310000000000000000e+02 6.006726180691368544e-03
3.320000000000000000e+02 6.309457442471685246e-03
3.330000000000000000e+02 6.625515325423404593e-03
3.340000000000000000e+02 6.955397160408054343e-03
3.350000000000000000e+02 7.299615269429690113e-03
3.360000000000000000e+02 7.658697299313984956e-03
3.370000000000000000e+02 8.033186559852273367e-03
3.380000000000000000e+02 8.423642366433635453e-03
3.390000000000000000e+02 8.830640387189378493e-03
3.400000000000000000e+02 9.254772994676335740e-03
3.410000000000000000e+02 9.696649622127080648e-03
3.420000000000000000e+02 1.015689712429734479e-02
3.430000000000000000e+02 1.063616014294323057e-02
3.440000000000000000e+02 1.113510147696300176e-02
3.450000000000000000e+02 1.165440245724095290e-02
3.460000000000000000e+02 1.219476332623352713e-02
3.470000000000000000e+02 1.275690362234080041e-02
3.480000000000000000e+02 1.334156256910935638e-02
3.490000000000000000e+02 1.394949946931616121e-02
3.500000000000000000e+02 1.458149410398621587e-02
3.510000000000000000e+02 1.523834713640039897e-02
3.520000000000000000e+02 1.592088052115412516e-02
3.530000000000000000e+02 1.662993791833098506e-02
3.540000000000000000e+02 1.736638511286022618e-02
3.550000000000000000e+02 1.813111043913096312e-02
3.560000000000000000e+02 1.892502521094121398e-02
3.570000000000000000e+02 1.974906415686429606e-02
3.580000000000000000e+02 2.060418586112032491e-02
3.590000000000000000e+02 2.149137321004630438e-02
3.600000000000000000e+02 2.241163384426323943e-02
3.610000000000000000e+02 2.336600061664501765e-02
3.620000000000000000e+02 2.435553205619987727e-02
3.630000000000000000e+02 2.538131283798097590e-02
3.640000000000000000e+02 2.644445425915015191e-02
3.650000000000000000e+02 2.754609472132471537e-02
3.660000000000000000e+02 2.868740021934510290e-02
3.670000000000000000e+02 2.986956483660779121e-02
3.680000000000000000e+02 3.109381124711612515e-02
3.690000000000000000e+02 3.236139122440914034e-02
3.700000000000000000e+02 3.367358615753666268e-02
3.710000000000000000e+02 3.503170757425785181e-02
3.720000000000000000e+02 3.643709767164815538e-02
3.730000000000000000e+02 3.789112985430995173e-02
3.740000000000000000e+02 3.939520928038968417e-02
3.750000000000000000e+02 4.095077341561582235e-02
3.760000000000000000e+02 4.255929259558037525e-02
3.770000000000000000e+02 4.422227059649733866e-02
3.780000000000000000e+02 4.594124521468228445e-02
3.790000000000000000e+02 4.771778885500755490e-02
3.800000000000000000e+02 4.955350912859877305e-02
3.810000000000000000e+02 5.145004946005012764e-02
3.820000000000000000e+02 5.340908970444702142e-02
3.830000000000000000e+02 5.543234677449707104e-02
3.840000000000000000e+02 5.752157527808291620e-02
3.850000000000000000e+02 5.967856816656261915e-02
3.860000000000000000e+02 6.190515739415667490e-02
3.870000000000000000e+02 6.420321458877384369e-02
3.880000000000000000e+02 6.657465173464201247e-02
3.890000000000000000e+02 6.902142186712371952e-02
3.900000000000000000e+02 7.154551978011053359e-02
3.910000000000000000e+02 7.414898274640600861e-02
3.920000000000000000e+02 7.683389125151988963e-02
3.930000000000000000e+02 7.960236974131387755e-02
3.940000000000000000e+02 8.245658738395347798e-02
3.950000000000000000e+02 8.539875884663664096e-02
3.960000000000000000e+02 8.843114508758706527e-02
3.970000000000000000e+02 9.155605416381561168e-02
3.980000000000000000e+02 9.477584205517115834e-02
3.990000000000000000e+02 9.809291350521932851e-02
4.000000000000000000e+02 1.015097228795050488e-01
4.010000000000000000e+02 1.050287750417733534e-01
4.020000000000000000e+02 1.086526262487409744e-01
4.030000000000000000e+02 1.123838850640300202e-01
4.040000000000000000e+02 1.162252132918943498e-01
4.050000000000000000e+02 1.201793269313890522e-01
4.060000000000000000e+02 1.242489971516512887e-01
4.070000000000000000e+02 1.284370512889843052e-01
4.080000000000000000e+02 1.327463738664533821e-01
4.090000000000000000e+02 1.371799076367258841e-01
4.100000000000000000e+02 1.417406546489066443e-01
4.110000000000000000e+02 1.464316773401438398e-01
4.120000000000000000e+02 1.512560996527994306e-01
4.130000000000000000e+02 1.562171081780027171e-01
4.140000000000000000e+02 1.613179533264280097e-01
4.150000000000000000e+02 1.665619505271569711e-01
4.160000000000000000e+02 1.719524814555143388e-01
4.170000000000000000e+02 1.774929952907857433e-01
4.180000000000000000e+02 1.831870100047500727e-01
4.190000000000000000e+02 1.890381136819851704e-01
4.200000000000000000e+02 1.950499658729280550e-01
4.210000000000000000e+02 2.012262989806961611e-01
4.220000000000000000e+02 2.075709196827017766e-01
4.230000000000000000e+02 2.140877103881163590e-01
4.240000000000000000e+02 2.207806307322656703e-01
4.250000000000000000e+02 2.276537191090681478e-01
4.260000000000000000e+02 2.347110942426464952e-01
4.270000000000000000e+02 2.419569567992764791e-01
4.280000000000000000e+02 2.493955910408611198e-01
4.290000000000000000e+02 2.570313665211423904e-01
4.300000000000000000e+02 2.648687398258966486e-01
4.310000000000000000e+02 2.729122563583802896e-01
4.320000000000000000e+02 2.811665521713244131e-01
4.330000000000000000e+02 2.896363558468058597e-01
4.340000000000000000e+02 2.983264904253460359e-01
4.350000000000000000e+02 3.072418753856216433e-01
4.360000000000000000e+02 3.163875286761997918e-01
4.370000000000000000e+02 3.257685688007349589e-01
4.380000000000000000e+02 3.353902169581018944e-01
4.390000000000000000e+02 3.452577992389591066e-01
4.400000000000000000e+02 3.553767488802760388e-01
4.410000000000000000e+02 3.657526085793788573e-01
4.420000000000000000e+02 3.763910328691090212e-01
4.430000000000000000e+02 3.872977905557060119e-01
4.440000000000000000e+02 3.984787672210737819e-01
4.450000000000000000e+02 4.099399677911000905e-01
4.460000000000000000e+02 4.216875191717499027e-01
4.470000000000000000e+02 4.337276729546687970e-01
4.480000000000000000e+02 4.460668081940695751e-01
4.490000000000000000e+02 4.587114342567088499e-01
4.500000000000000000e+02 4.716681937467885333e-01
4.510000000000000000e+02 4.849438655076454552e-01
4.520000000000000000e+02 4.985453677021339791e-01
4.530000000000000000e+02 5.124797609736272408e-01
4.540000000000000000e+02 5.267542516896002169e-01
4.550000000000000000e+02 5.413761952697871971e-01
4.560000000000000000e+02 5.563530996009429241e-01
4.570000000000000000e+02 5.716926285402627039e-01
4.580000000000000000e+02 5.874026055095491472e-01
4.590000000000000000e+02 6.034910171822516212e-01
4.600000000000000000e+02 6.199660172655301338e-01
4.610000000000000000e+02 6.368359303795287918e-01
4.620000000000000000e+02 6.541092560360807218e-01
4.630000000000000000e+02 6.717946727190884371e-01
4.640000000000000000e+02 6.899010420688707068e-01
4.650000000000000000e+02 7.084374131727824153e-01
4.660000000000000000e+02 7.274130269644596414e-01
4.670000000000000000e+02 7.468373207340675002e-01
4.680000000000000000e+02 7.667199327519599317e-01
4.690000000000000000e+02 7.870707070081947032e-01
4.700000000000000000e+02 8.078996980703847530e-01
4.710000000000000000e+02 8.292171760623788801e-01
4.720000000000000000e+02 8.510336317663265149e-01
4.730000000000000000e+02 8.733597818506820820e-01
4.740000000000000000e+02 8.962065742267605328e-01
4.750000000000000000e+02 9.195851935364716123e-01
4.760000000000000000e+02 9.435070667739006156e-01
4.770000000000000000e+02 9.679838690434245940e-01
4.780000000000000000e+02 9.930275294571015987e-01
4.790000000000000000e+02 1.018650237174074658e+00
4.800000000000000000e+02 1.044864447584794798e+00
4.810000000000000000e+02 1.071682888642866427e+00
4.820000000000000000e+02 1.099118567347374897e+00
4.830000000000000000e+02 1.127184776378566733e+00
4.840000000000000000e+02 1.155895100889794413e+00
4.850000000000000000e+02 1.185263425458662701e+00
4.860000000000000000e+02 1.215303941200346127e+00
4.870000000000000000e+02 1.246031153046065487e+00
4.880000000000000000e+02 1.277459887189759558e+00
4.890000000000000000e+02 1.309605298705997622e+00
4.900000000000000000e+02 1.342482879342215885e+00
4.910000000000000000e+02 1.376108465488390609e+00
4.920000000000000000e+02 1.410498246327280825e+00
4.930000000000000000e+02 1.445668772168407612e+00
4.940000000000000000e+02 1.481636962968958970e+00
4.950000000000000000e+02 1.518420117044847029e+00
4.960000000000000000e+02 1.556035919975148563e+00
4.970000000000000000e+02 1.594502453703207312e+00
4.980000000000000000e+02 1.633838205837693902e+00
4.990000000000000000e+02 1.674062079156944272e+00
5.000000000000000000e+02 1.715193401319917488e+00
5.010000000000000000e+02 1.757251934787150471e+00
5.020000000000000000e+02 1.800257886955094477e+00
5.030000000000000000e+02 1.844231920507265032e+00
5.040000000000000000e+02 1.889195163985625925e+00
5.050000000000000000e+02 1.935169222585694015e+00
5.060000000000000000e+02 1.982176189178824544e+00
5.070000000000000000e+02 2.030238655565210326e+00
5.080000000000000000e+02 2.079379723961103377e+00
5.090000000000000000e+02 2.129623018723809658e+00
5.100000000000000000e+02 2.180992698318050760e+00
5.110000000000000000e+02 2.233513467527237228e+00
5.120000000000000000e+02 2.287210589913304393e+00
5.130000000000000000e+02 2.342109900528717592e+00
5.140000000000000000e+02 2.398237818884291883e+00
5.150000000000000000e+02 2.455621362176489075e+00
5.160000000000000000e+02 2.514288158777882920e+00
5.170000000000000000e+02 2.574266461994474842e+00
5.180000000000000000e+02 2.635585164093586119e+00
5.190000000000000000e+02 2.698273810606029333e+00
5.200000000000000000e+02 2.762362614906346270e+00
5.210000000000000000e+02 2.827882473074824432e+00
5.220000000000000000e+02 2.894864979045076669e+00
5.230000000000000000e+02 2.963342440040990233e+00
5.240000000000000000e+02 3.033347892306807125e+00
5.250000000000000000e+02 3.104915117134164237e+00
5.260000000000000000e+02 3.178078657189912004e+00
5.270000000000000000e+02 3.252873833148521854e+00
5.280000000000000000e+02 3.329336760632960246e+00
5.290000000000000000e+02 3.407504367467824480e+00
5.300000000000000000e+02 3.487414411248657142e+00
5.310000000000000000e+02 3.569105497231254365e+00
5.320000000000000000e+02 3.652617096544863884e+00
5.330000000000000000e+02 3.737989564733160908e+00
5.340000000000000000e+02 3.825264160626860921e+00
5.350000000000000000e+02 3.914483065551883634e+00
5.360000000000000000e+02 4.005689402876946303e+00
5.370000000000000000e+02 4.098927257904501076e+00
5.380000000000000000e+02 4.194241698108900351e+00
5.390000000000000000e+02 4.291678793725719032e+00
5.400000000000000000e+02 4.391285638696104776e+00
5.410000000000000000e+02 4.493110371970108652e+00
5.420000000000000000e+02 4.597202199172853554e+00
5.430000000000000000e+02 4.703611414637502541e+00
5.440000000000000000e+02 4.812389423808886235e+00
5.450000000000000000e+02 4.923588766021717689e+00
5.460000000000000000e+02 5.037263137657285839e+00
5.470000000000000000e+02 5.153467415682564834e+00
5.480000000000000000e+02 5.272257681575548638e+00
5.490000000000000000e+02 5.393691245640805043e+00
5.500000000000000000e+02 5.517826671719051390e+00
5.510000000000000000e+02 5.644723802294691950e+00
5.520000000000000000e+02 5.774443784005121039e+00
5.530000000000000000e+02 5.907049093555738040e+00
5.540000000000000000e+02 6.042603564044451758e+00
5.550000000000000000e+02 6.181172411699574987e+00
5.560000000000000000e+02 6.322822263034931112e+00
5.570000000000000000e+02 6.467621182425956405e+00
5.580000000000000000e+02 6.615638700110717529e+00
5.590000000000000000e+02 6.766945840619502661e+00
5.600000000000000000e+02 6.921615151636908436e+00
5.610000000000000000e+02 7.079720733300128188e+00
5.620000000000000000e+02 7.241338267937202922e+00
5.630000000000000000e+02 7.406545050248998230e+00
5.640000000000000000e+02 7.575420017938665040e+00
5.650000000000000000e+02 7.748043782792218614e+00
5.660000000000000000e+02 7.924498662214025657e+00
5.670000000000000000e+02 8.104868711220808208e+00
5.680000000000000000e+02 8.289239754897849366e+00
5.690000000000000000e+02 8.477699421321059248e+00
5.700000000000000000e+02 8.670337174948478776e+00
5.710000000000000000e+02 8.867244350484856596e+00
5.720000000000000000e+02 9.068514187222838530e+00
5.730000000000000000e+02 9.274241863864393309e+00
5.740000000000000000e+02 9.484524533825901216e+00
5.750000000000000000e+02 9.699461361030495610e+00
5.760000000000000000e+02 9.919153556191115939e+00
5.770000000000000000e+02 1.014370441358772545e+01
5.780000000000000000e+02 1.037321934834209358e+01
5.790000000000000000e+02 1.060780593419360684e+01
5.800000000000000000e+02 1.084757394177943191e+01
5.810000000000000000e+02 1.109263537742242178e+01
5.820000000000000000e+02 1.134310452243000356e+01
5.830000000000000000e+02 1.159909797290746525e+01
5.840000000000000000e+02 1.186073468008877541e+01
5.850000000000000000e+02 1.212813599118819674e+01
5.860000000000000000e+02 1.240142569077596058e+01
5.870000000000000000e+02 1.268073004268106274e+01
5.880000000000000000e+02 1.296617783242434996e+01
5.890000000000000000e+02 1.325790041018501952e+01
5.900000000000000000e+02 1.355603173430356989e+01
5.910000000000000000e+02 1.386070841532418818e+01
5.920000000000000000e+02 1.417206976057963708e+01
5.930000000000000000e+02 1.449025781932155255e+01
5.940000000000000000e+02 1.481541742839905496e+01
5.950000000000000000e+02 1.514769625848858858e+01
5.960000000000000000e+02 1.548724486087779084e+01
5.970000000000000000e+02 1.583421671480625470e+01
5.980000000000000000e+02 1.618876827536580976e+01
5.990000000000000000e+02 1.655105902196325118e+01
6.000000000000000000e+02 1.692125150734796435e+01
6.010000000000000000e+02 1.729951140720729441e+01
6.020000000000000000e+02 1.768600757033205184e+01
6.030000000000000000e+02 1.808091206935490547e+01
6.040000000000000000e+02 1.848440025206404869e+01
6.050000000000000000e+02 1.889665079329460440e+01
6.060000000000000000e+02 1.931784574740024851e+01
6.070000000000000000e+02 1.974817060130740387e+01
6.080000000000000000e+02 2.018781432815431032e+01
6.090000000000000000e+02 2.063696944151728729e+01
6.100000000000000000e+02 2.109583205022642005e+01
6.110000000000000000e+02 2.156460191377286861e+01
6.120000000000000000e+02 2.204348249830985296e+01
6.130000000000000000e+02 2.253268103324959526e+01
6.140000000000000000e+02 2.303240856845809503e+01
6.150000000000000000e+02 2.354288003204979063e+01
6.160000000000000000e+02 2.406431428878406109e+01
6.170000000000000000e+02 2.459693419906552236e+01
6.180000000000000000e+02 2.514096667854978762e+01
6.190000000000000000e+02 2.569664275835673806e+01
6.200000000000000000e+02 2.626419764589277150e+01
6.210000000000000000e+02 2.684387078628404311e+01
6.220000000000000000e+02 2.743590592442196652e+01
6.230000000000000000e+02 2.804055116762288691e+01
6.240000000000000000e+02 2.865805904890328293e+01
6.250000000000000000e+02 2.928868659087204307e+01
6.260000000000000000e+02 2.993269537024116289e+01
6.270000000000000000e+02 3.059035158295634460e+01
6.280000000000000000e+02 3.126192610994880994e+01
6.290000000000000000e+02 3.194769458350936731e+01
6.300000000000000000e+02 3.264793745428639227e+01
6.310000000000000000e+02 3.336294005890826497e+01
6.320000000000000000e+02 3.409299268823200180e+01
6.330000000000000000e+02 3.483839065621856435e+01
6.340000000000000000e+02 3.559943436943622430e+01
6.350000000000000000e+02 3.637642939719265200e+01
6.360000000000000000e+02 3.716968654229673064e+01
6.370000000000000000e+02 3.797952191245091313e+01
6.380000000000000000e+02 3.880625699227471870e+01
6.390000000000000000e+02 3.965021871596025704e+01
6.400000000000000000e+02 4.051173954056034177e+01
6.410000000000000000e+02 4.139115751990964043e+01
6.420000000000000000e+02 4.228881637917964298e+01
6.430000000000000000e+02 4.320506559006753378e+01
6.440000000000000000e+02 4.414026044661989090e+01
6.450000000000000000e+02 4.509476214169089303e+01
6.460000000000000000e+02 4.606893784403602865e+01
6.470000000000000000e+02 4.706316077604071779e+01
6.480000000000000000e+02 4.807781029208493351e+01
6.490000000000000000e+02 4.911327195754294905e+01
6.500000000000000000e+02 5.016993762841916293e+01
6.510000000000000000e+02 5.124820553161917758e+01
6.520000000000000000e+02 5.234848034585667165e+01
6.530000000000000000e+02 5.347117328319544072e+01
6.540000000000000000e+02 5.461670217122690474e+01
6.550000000000000000e+02 5.578549153588215148e+01
6.560000000000000000e+02 5.697797268487884992e+01
6.570000000000000000e+02 5.819458379180234431e+01
6.580000000000000000e+02 5.943576998082017582e+01
6.590000000000000000e+02 6.070198341203030878e+01
6.600000000000000000e+02 6.199368336744154107e+01
6.610000000000000000e+02 6.331133633758621215e+01
6.620000000000000000e+02 6.465541610876410061e+01
6.630000000000000000e+02 6.602640385091692110e+01
6.640000000000000000e+02 6.742478820613250434e+01
6.650000000000000000e+02 6.885106537777781455e+01
6.660000000000000000e+02 7.030573922025996580e+01
6.670000000000000000e+02 7.178932132941386612e+01
6.680000000000000000e+02 7.330233113351606278e+01
6.690000000000000000e+02 7.484529598492287050e+01
6.700000000000000000e+02 7.641875125233227095e+01
6.710000000000000000e+02 7.802324041366794916e+01
6.720000000000000000e+02 7.965931514958418802e+01
6.730000000000000000e+02 8.132753543759039871e+01
6.740000000000000000e+02 8.302846964679376640e+01
6.750000000000000000e+02 8.476269463325840547e+01
6.760000000000000000e+02 8.653079583597950375e+01
6.770000000000000000e+02 8.833336737347119083e+01
6.780000000000000000e+02 9.017101214096570061e+01
6.790000000000000000e+02 9.204434190822280470e+01
6.800000000000000000e+02 9.395397741794748470e+01
6.810000000000000000e+02 9.590054848481352678e+01
6.820000000000000000e+02 9.788469409509201569e+01
6.830000000000000000e+02 9.990706250688185719e+01
6.840000000000000000e+02 1.019683113509407093e+02
6.850000000000000000e+02 1.040691077321143609e+02
6.860000000000000000e+02 1.062101283313618296e+02
6.870000000000000000e+02 1.083920595083747855e+02
6.880000000000000000e+02 1.106155974047879624e+02
6.890000000000000000e+02 1.128814480479791769e+02
6.900000000000000000e+02 1.151903274554563268e+02
6.910000000000000000e+02 1.175429617398279021e+02
6.920000000000000000e+02 1.199400872143564953e+02
6.930000000000000000e+02 1.223824504990904387e+02
6.940000000000000000e+02 1.248708086275728277e+02
6.950000000000000000e+02 1.274059291541240668e+02
6.960000000000000000e+02 1.299885902616956912e+02
6.970000000000000000e+02 1.326195808702923955e+02
6.980000000000000000e+02 1.352997007459598251e+02
6.990000000000000000e+02 1.380297606103345061e+02
7.000000000000000000e+02 1.408105822507536971e+02
7.010000000000000000e+02 1.436429986309215678e+02
7.020000000000000000e+02 1.465278540021288336e+02
7.030000000000000000e+02 1.494660040150227189e+02
7.040000000000000000e+02 1.524583158319240397e+02
7.050000000000000000e+02 1.555056682396878216e+02
7.060000000000000000e+02 1.586089517631048977e+02
7.070000000000000000e+02 1.617690687788402784e+02
7.080000000000000000e+02 1.649869336299050815e+02
7.090000000000000000e+02 1.682634727406594664e+02
7.100000000000000000e+02 1.715996247323411694e+02
7.110000000000000000e+02 1.749963405391180515e+02
7.120000000000000000e+02 1.784545835246599381e+02
7.130000000000000000e+02 1.819753295992258586e+02
7.140000000000000000e+02 1.855595673372637862e+02
7.150000000000000000e+02 1.892082980955186144e+02
7.160000000000000000e+02 1.929225361316441649e+02
7.170000000000000000e+02 1.967033087233163258e+02
7.180000000000000000e+02 2.005516562878424338e+02
7.190000000000000000e+02 2.044686325022632616e+02
7.200000000000000000e+02 2.084553044239437725e+02
7.210000000000000000e+02 2.125127526116481533e+02
7.220000000000000000e+02 2.166420712470953731e+02
7.230000000000000000e+02 2.208443682569908617e+02
7.240000000000000000e+02 2.251207654355298473e+02
7.250000000000000000e+02 2.294723985673689981e+02
7.260000000000000000e+02 2.339004175510605705e+02
7.270000000000000000e+02 2.384059865229464208e+02
7.280000000000000000e+02 2.429902839815054278e+02
7.290000000000000000e+02 2.476545029121521395e+02
7.300000000000000000e+02 2.523998509124804173e+02
7.310000000000000000e+02 2.572275503179479870e+02
7.320000000000000000e+02 2.621388383279975756e+02
7.330000000000000000e+02 2.671349671326100292e+02
7.340000000000000000e+02 2.722172040392842973e+02
7.350000000000000000e+02 2.773868316004397911e+02
7.360000000000000000e+02 2.826451477412361442e+02
7.370000000000000000e+02 2.879934658878069058e+02
7.380000000000000000e+02 2.934331150958990975e+02
7.390000000000000000e+02 2.989654401799182892e+02
7.400000000000000000e+02 3.045918018423695912e+02
7.410000000000000000e+02 3.103135768036934792e+02
7.420000000000000000e+02 3.161321579324888944e+02
7.430000000000000000e+02 3.220489543761195819e+02
7.440000000000000000e+02 3.280653916916991193e+02
7.450000000000000000e+02 3.341829119774475885e+02
7.460000000000000000e+02 3.404029740044173877e+02
7.470000000000000000e+02 3.467270533485806823e+02
7.480000000000000000e+02 3.531566425232747406e+02
7.490000000000000000e+02 3.596932511119986202e+02
7.500000000000000000e+02 3.663384059015580760e+02
7.510000000000000000e+02 3.730936510155498809e+02
7.520000000000000000e+02 3.799605480481843642e+02
7.530000000000000000e+02 3.869406761984369041e+02
7.540000000000000000e+02 3.940356324045258134e+02
7.550000000000000000e+02 4.012470314787094026e+02
7.560000000000000000e+02 4.085765062423973859e+02
7.570000000000000000e+02 4.160257076615720280e+02
7.580000000000000000e+02 4.235963049825106168e+02
7.590000000000000000e+02 4.312899858678074452e+02
7.600000000000000000e+02 4.391084565326867732e+02
7.610000000000000000e+02 4.470534418816025664e+02
7.620000000000000000e+02 4.551266856451188687e+02
7.630000000000000000e+02 4.633299505170650150e+02
7.640000000000000000e+02 4.716650182919604504e+02
7.650000000000000000e+02 4.801336900027026786e+02
7.660000000000000000e+02 4.887377860585136204e+02
7.670000000000000000e+02 4.974791463831375609e+02
7.680000000000000000e+02 5.063596305532844895e+02
7.690000000000000000e+02 5.153811179373155937e+02
7.700000000000000000e+02 5.245455078341611852e+02
7.710000000000000000e+02 5.338547196124682159e+02
7.720000000000000000e+02 5.433106928499710193e+02
7.730000000000000000e+02 5.529153874730762936e+02
7.740000000000000000e+02 5.626707838966617601e+02
7.750000000000000000e+02 5.725788831640780927e+02
7.760000000000000000e+02 5.826417070873483226e+02
7.770000000000000000e+02 5.928612983875635791e+02
7.780000000000000000e+02 6.032397208354605027e+02
7.790000000000000000e+02 6.137790593921840809e+02
7.800000000000000000e+02 6.244814203502219243e+02
7.810000000000000000e+02 6.353489314745078218e+02
7.820000000000000000e+02 6.463837421436884370e+02
7.830000000000000000e+02 6.575880234915445044e+02
7.840000000000000000e+02 6.689639685485635709e+02
7.850000000000000000e+02 6.805137923836559821e+02
7.860000000000000000e+02 6.922397322460093392e+02
7.870000000000000000e+02 7.041440477070723318e+02
7.880000000000000000e+02 7.162290208026674918e+02
7.890000000000000000e+02 7.284969561752188838e+02
7.900000000000000000e+02 7.409501812160965528e+02
7.910000000000000000e+02 7.535910462080652223e+02
7.920000000000000000e+02 7.664219244678338328e+02
7.930000000000000000e+02 7.794452124887004629e+02
7.940000000000000000e+02 7.926633300832835403e+02
7.950000000000000000e+02 8.060787205263353599e+02
7.960000000000000000e+02 8.196938506976314329e+02
7.970000000000000000e+02 8.335112112249278198e+02
7.980000000000000000e+02 8.475333166269831509e+02
7.990000000000000000e+02 8.617627054566336255e+02
8.000000000000000000e+02 8.762019404439225809e+02
8.010000000000000000e+02 8.908536086392696234e+02
8.020000000000000000e+02 9.057203215566815970e+02
8.030000000000000000e+02 9.208047153169887906e+02
8.040000000000000000e+02 9.361094507911139999e+02
8.050000000000000000e+02 9.516372137433512535e+02
8.060000000000000000e+02 9.673907149746642062e+02
8.070000000000000000e+02 9.833726904659855563e+02
8.080000000000000000e+02 9.995859015215179397e+02
8.090000000000000000e+02 1.016033134912028231e+03
8.100000000000000000e+02 1.032717203018125474e+03
8.110000000000000000e+02 1.049640943973525509e+03
8.120000000000000000e+02 1.066807221808282748e+03
8.130000000000000000e+02 1.084218926591992840e+03
8.140000000000000000e+02 1.101878974576958626e+03
8.150000000000000000e+02 1.119790308341306854e+03
8.160000000000000000e+02 1.137955896932057613e+03
8.170000000000000000e+02 1.156378736008132364e+03
8.180000000000000000e+02 1.175061847983301050e+03
8.190000000000000000e+02 1.194008282169057793e+03
8.200000000000000000e+02 1.213221114917419072e+03
8.210000000000000000e+02 1.232703449763639583e+03
8.220000000000000000e+02 1.252458417568838740e+03
8.230000000000000000e+02 1.272489176662533282e+03
8.240000000000000000e+02 1.292798912985062543e+03
8.250000000000000000e+02 1.313390840229912783e+03
8.260000000000000000e+02 1.334268199985920774e+03
8.270000000000000000e+02 1.355434261879360747e+03
8.280000000000000000e+02 1.376892323715901284e+03
8.290000000000000000e+02 1.398645711622429872e+03
8.300000000000000000e+02 1.420697780188738307e+03
8.310000000000000000e+02 1.443051912609062356e+03
8.320000000000000000e+02 1.465711520823467481e+03
8.330000000000000000e+02 1.488680045659078360e+03
8.340000000000000000e+02 1.511960956971140831e+03
8.350000000000000000e+02 1.535557753783917178e+03
8.360000000000000000e+02 1.559473964431400418e+03
8.370000000000000000e+02 1.583713146697846469e+03
8.380000000000000000e+02 1.608278887958119640e+03
8.390000000000000000e+02 1.633174805317837354e+03
8.400000000000000000e+02 1.658404545753318416e+03
8.410000000000000000e+02 1.683971786251318917e+03
8.420000000000000000e+02 1.709880233948557361e+03
8.430000000000000000e+02 1.736133626271017647e+03
8.440000000000000000e+02 1.762735731073028091e+03
8.450000000000000000e+02 1.789690346776103979e+03
8.460000000000000000e+02 1.817001302507557739e+03
8.470000000000000000e+02 1.844672458238859235e+03
8.480000000000000000e+02 1.872707704923748224e+03
8.490000000000000000e+02 1.901110964636090785e+03
8.500000000000000000e+02 1.929886190707470405e+03
8.510000000000000000e+02 1.959037367864515772e+03
8.520000000000000000e+02 1.988568512365949800e+03
8.530000000000000000e+02 2.018483672139357395e+03
8.540000000000000000e+02 2.048786926917672645e+03
8.550000000000000000e+02 2.079482388375369283e+03
8.560000000000000000e+02 2.110574200264353749e+03
8.570000000000000000e+02 2.142066538549555389e+03
8.580000000000000000e+02 2.173963611544206742e+03
8.590000000000000000e+02 2.206269660044807097e+03
8.600000000000000000e+02 2.238988957465767726e+03
8.610000000000000000e+02 2.272125809973724699e+03
8.620000000000000000e+02 2.305684556621526099e+03
8.630000000000000000e+02 2.339669569481871804e+03
8.640000000000000000e+02 2.374085253780618132e+03
8.650000000000000000e+02 2.408936048029726862e+03
8.660000000000000000e+02 2.444226424159856833e+03
8.670000000000000000e+02 2.479960887652602196e+03
8.680000000000000000e+02 2.516143977672355504e+03
8.690000000000000000e+02 2.552780267197802459e+03
8.700000000000000000e+02 2.589874363153036484e+03
8.710000000000000000e+02 2.627430906538294948e+03
8.720000000000000000e+02 2.665454572560298857e+03
8.730000000000000000e+02 2.703950070762200539e+03
8.740000000000000000e+02 2.742922145153135716e+03
8.750000000000000000e+02 2.782375574337364014e+03
8.760000000000000000e+02 2.822315171643001577e+03
8.770000000000000000e+02 2.862745785250336212e+03
8.780000000000000000e+02 2.903672298319722813e+03
8.790000000000000000e+02 2.945099629119051315e+03
8.800000000000000000e+02 2.987032731150778091e+03
8.810000000000000000e+02 3.029476593278527616e+03
8.820000000000000000e+02 3.072436239853239385e+03
8.830000000000000000e+02 3.115916730838888725e+03
8.840000000000000000e+02 3.159923161937726036e+03
8.850000000000000000e+02 3.204460664715077655e+03
8.860000000000000000e+02 3.249534406723679240e+03
8.870000000000000000e+02 3.295149591627533482e+03
8.880000000000000000e+02 3.341311459325307169e+03
8.890000000000000000e+02 3.388025286073233474e+03
8.900000000000000000e+02 3.435296384607547225e+03
8.910000000000000000e+02 3.483130104266416311e+03
8.920000000000000000e+02 3.531531831111390602e+03
8.930000000000000000e+02 3.580506988048347921e+03
8.940000000000000000e+02 3.630061034947936605e+03
8.950000000000000000e+02 3.680199468765510119e+03
8.960000000000000000e+02 3.730927823660550530e+03
8.970000000000000000e+02 3.782251671115568570e+03
8.980000000000000000e+02 3.834176620054489376e+03
8.990000000000000000e+02 3.886708316960503907e+03
9.000000000000000000e+02 3.939852445993390120e+03
9.010000000000000000e+02 3.993614729106304821e+03
9.020000000000000000e+02 4.048000926162020278e+03
9.030000000000000000e+02 4.103016835048623761e+03
9.040000000000000000e+02 4.158668291794668221e+03
9.050000000000000000e+02 4.214961170683767705e+03
9.060000000000000000e+02 4.271901384368623440e+03
9.070000000000000000e+02 4.329494883984498301e+03
9.080000000000000000e+02 4.387747659262120578e+03
9.090000000000000000e+02 4.446665738640006566e+03
9.100000000000000000e+02 4.506255189376217459e+03
9.110000000000000000e+02 4.566522117659524156e+03
9.120000000000000000e+02 4.627472668720001820e+03
9.130000000000000000e+02 4.689113026939015981e+03
9.140000000000000000e+02 4.751449415958626560e+03
9.150000000000000000e+02 4.814488098790388904e+03
9.160000000000000000e+02 4.878235377923556371e+03
9.170000000000000000e+02 4.942697595432674461e+03
9.180000000000000000e+02 5.007881133084562862e+03
9.190000000000000000e+02 5.073792412444684487e+03
9.200000000000000000e+02 5.140437894982889702e+03
9.210000000000000000e+02 5.207824082178555727e+03
9.220000000000000000e+02 5.275957515625081214e+03
9.230000000000000000e+02 5.344844777133751450e+03
9.240000000000000000e+02 5.414492488836986013e+03
9.250000000000000000e+02 5.484907313290931597e+03
9.260000000000000000e+02 5.556095953577411819e+03
9.270000000000000000e+02 5.628065153405255842e+03
9.280000000000000000e+02 5.700821697210943057e+03
9.290000000000000000e+02 5.774372410258620221e+03
9.300000000000000000e+02 5.848724158739455561e+03
9.310000000000000000e+02 5.923883849870323502e+03
9.320000000000000000e+02 5.999858431991842735e+03
9.330000000000000000e+02 6.076654894665732172e+03
9.340000000000000000e+02 6.154280268771498413e+03
9.350000000000000000e+02 6.232741626602463839e+03
9.360000000000000000e+02 6.312046081961095297e+03
9.370000000000000000e+02 6.392200790253663399e+03
9.380000000000000000e+02 6.473212948584225160e+03
9.390000000000000000e+02 6.555089795847901769e+03
9.400000000000000000e+02 6.637838612823473341e+03
9.410000000000000000e+02 6.721466722265287899e+03
9.420000000000000000e+02 6.805981488994463689e+03
9.430000000000000000e+02 6.891390319989392083e+03
9.440000000000000000e+02 6.977700664475531994e+03
9.450000000000000000e+02 7.064920014014523076e+03
9.460000000000000000e+02 7.153055902592548591e+03
9.470000000000000000e+02 7.242115906708022521e+03
9.480000000000000000e+02 7.332107645458540901e+03
9.490000000000000000e+02 7.423038780627120104e+03
9.500000000000000000e+02 7.514917016767718451e+03
9.510000000000000000e+02 7.607750101290023849e+03
9.520000000000000000e+02 7.701545824543527488e+03
9.530000000000000000e+02 7.796312019900849918e+03
9.540000000000000000e+02 7.892056563840357740e+03
9.550000000000000000e+02 7.988787376028026301e+03
9.560000000000000000e+02 8.086512419398572092e+03
9.570000000000000000e+02 8.185239700235843884e+03
9.580000000000000000e+02 8.284977268252474460e+03
9.590000000000000000e+02 8.385733216668782916e+03
9.600000000000000000e+02 8.487515682290922996e+03
9.610000000000000000e+02 8.590332845588309283e+03
9.620000000000000000e+02 8.694192930770235762e+03
9.630000000000000000e+02 8.799104205861811351e+03
9.640000000000000000e+02 8.905074982779062339e+03
9.650000000000000000e+02 9.012113617403345415e+03
9.660000000000000000e+02 9.120228509654951267e+03
9.670000000000000000e+02 9.229428103565949641e+03
9.680000000000000000e+02 9.339720887352295904e+03
9.690000000000000000e+02 9.451115393485124514e+03
9.700000000000000000e+02 9.563620198761340362e+03
9.710000000000000000e+02 9.677243924373342452e+03
9.720000000000000000e+02 9.791995235978052733e+03
9.730000000000000000e+02 9.907882843765151847e+03
9.740000000000000000e+02 1.002491550252449088e+04
9.750000000000000000e+02 1.014310201171279550e+04
9.760000000000000000e+02 1.026245121551949705e+04
9.770000000000000000e+02 1.038297200293188689e+04
9.780000000000000000e+02 1.050467330779939039e+04
9.790000000000000000e+02 1.062756410889710423e+04
9.800000000000000000e+02 1.075165342998852248e+04
9.810000000000000000e+02 1.087695033988748582e+04
9.820000000000000000e+02 1.100346395251933427e+04
9.830000000000000000e+02 1.113120342698125023e+04
9.840000000000000000e+02 1.126017796760183410e+04
9.850000000000000000e+02 1.139039682399984304e+04
9.860000000000000000e+02 1.152186929114217128e+04
9.870000000000000000e+02 1.165460470940100095e+04
9.880000000000000000e+02 1.178861246461017618e+04
9.890000000000000000e+02 1.192390198812072595e+04
9.900000000000000000e+02 1.206048275685564658e+04
9.910000000000000000e+02 1.219836429336383844e+04
9.920000000000000000e+02 1.233755616587322402e+04
9.930000000000000000e+02 1.247806798834310030e+04
9.940000000000000000e+02 1.261990942051563434e+04
9.950000000000000000e+02 1.276309016796658943e+04
9.960000000000000000e+02 1.290761998215520907e+04
9.970000000000000000e+02 1.305350866047329509e+04
9.980000000000000000e+02 1.320076604629347457e+04
9.990000000000000000e+02 1.334940202901666089e+04
