# BB temperature (K); Intensity through filter (ph/s/m^2/mas^2)
1.000000000000000000e+01 0.000000000000000000e+00
1.100000000000000000e+01 0.000000000000000000e+00
1.200000000000000000e+01 0.000000000000000000e+00
1.300000000000000000e+01 0.000000000000000000e+00
1.400000000000000000e+01 0.000000000000000000e+00
1.500000000000000000e+01 0.000000000000000000e+00
1.600000000000000000e+01 0.000000000000000000e+00
1.700000000000000000e+01 0.000000000000000000e+00
1.800000000000000000e+01 0.000000000000000000e+00
1.900000000000000000e+01 0.000000000000000000e+00
2.000000000000000000e+01 0.000000000000000000e+00
2.100000000000000000e+01 2.107556555021488921e-117
2.200000000000000000e+01 5.599678472609681531e-112
2.300000000000000000e+01 5.038919451228748854e-107
2.400000000000000000e+01 1.758544814194272459e-102
2.500000000000000000e+01 2.667481707576550921e-98
2.600000000000000000e+01 1.936990737023948851e-94
2.700000000000000000e+01 7.312210923689119288e-91
2.800000000000000000e+01 1.540512331677663303e-87
2.900000000000000000e+01 1.925931057220791903e-84
3.000000000000000000e+01 1.507307295206704761e-81
3.100000000000000000e+01 7.739129092916709651e-79
3.200000000000000000e+01 2.716503266428614098e-76
3.300000000000000000e+01 6.760080018979389145e-74
3.400000000000000000e+01 1.231614568874789115e-71
3.500000000000000000e+01 1.690075299962492205e-69
3.600000000000000000e+01 1.791050123764769071e-67
3.700000000000000000e+01 1.498376409234332127e-65
3.800000000000000000e+01 1.008789889618431690e-63
3.900000000000000000e+01 5.558427297379421847e-62
4.000000000000000000e+01 2.543707669041542602e-60
4.100000000000000000e+01 9.794086764767240893e-59
4.200000000000000000e+01 3.209323147893400327e-57
4.300000000000000000e+01 9.041816011681566179e-56
4.400000000000000000e+01 2.210526709777895629e-54
4.500000000000000000e+01 4.729130911911655403e-53
4.600000000000000000e+01 8.921990548758611651e-52
4.700000000000000000e+01 1.494970854435060827e-50
4.800000000000000000e+01 2.239593710906299905e-49
4.900000000000000000e+01 3.018215528008336555e-48
5.000000000000000000e+01 3.680251373574383254e-47
5.100000000000000000e+01 4.082163353650747930e-46
5.200000000000000000e+01 4.139791291199543791e-45
5.300000000000000000e+01 3.856487548376540164e-44
5.400000000000000000e+01 3.314754384242344647e-43
5.500000000000000000e+01 2.639709850939870577e-42
5.600000000000000000e+01 1.955208119223846136e-41
5.700000000000000000e+01 1.351894825042493653e-40
5.800000000000000000e+01 8.755658222077057789e-40
5.900000000000000000e+01 5.328707952122078708e-39
6.000000000000000000e+01 3.056667003403327685e-38
6.100000000000000000e+01 1.657271947291381719e-37
6.200000000000000000e+01 8.515519889966112217e-37
6.300000000000000000e+01 4.157034638329882674e-36
6.400000000000000000e+01 1.932548286543268847e-35
6.500000000000000000e+01 8.574536653920896052e-35
6.600000000000000000e+01 3.638549074706786742e-34
6.700000000000000000e+01 1.479567773306887309e-33
6.800000000000000000e+01 5.776090044280694807e-33
6.900000000000000000e+01 2.168621799591935947e-32
7.000000000000000000e+01 7.843333411281908052e-32
7.100000000000000000e+01 2.736915932708601223e-31
7.200000000000000000e+01 9.227974581474315435e-31
7.300000000000000000e+01 3.010519146816139508e-30
7.400000000000000000e+01 9.515690438286951744e-30
7.500000000000000000e+01 2.917742286947300106e-29
7.600000000000000000e+01 8.689143069446135627e-29
7.700000000000000000e+01 2.516052417224991172e-28
7.800000000000000000e+01 7.091526753182275061e-28
7.900000000000000000e+01 1.947504822187464234e-27
8.000000000000000000e+01 5.216217603503086410e-27
8.100000000000000000e+01 1.363861845889476726e-26
8.200000000000000000e+01 3.484195302512690668e-26
8.300000000000000000e+01 8.703898763456093952e-26
8.400000000000000000e+01 2.127889860832064024e-25
8.500000000000000000e+01 5.094916962347259684e-25
8.600000000000000000e+01 1.195614722231956555e-24
8.700000000000000000e+01 2.751761649321929174e-24
8.800000000000000000e+01 6.215578204978433142e-24
8.900000000000000000e+01 1.378721099130764858e-23
9.000000000000000000e+01 3.005082735010550983e-23
9.100000000000000000e+01 6.439781613254280171e-23
9.200000000000000000e+01 1.357560938672698647e-22
9.300000000000000000e+01 2.816758430442652615e-22
9.400000000000000000e+01 5.755205949650729406e-22
9.500000000000000000e+01 1.158518283852749325e-21
9.600000000000000000e+01 2.298670595983231953e-21
9.700000000000000000e+01 4.497542104108297699e-21
9.800000000000000000e+01 8.681272313742576242e-21
9.900000000000000000e+01 1.653783767478724574e-20
1.000000000000000000e+02 3.110511180808919392e-20
1.010000000000000000e+02 5.778382389143508780e-20
1.020000000000000000e+02 1.060619579611165906e-19
1.030000000000000000e+02 1.924168716041999396e-19
1.040000000000000000e+02 3.451455748804222377e-19
1.050000000000000000e+02 6.123181115770437824e-19
1.060000000000000000e+02 1.074737150384234421e-18
1.070000000000000000e+02 1.866841668971721859e-18
1.080000000000000000e+02 3.210093656790919796e-18
1.090000000000000000e+02 5.465794147300338019e-18
1.100000000000000000e+02 9.217861687253877905e-18
1.110000000000000000e+02 1.540140300182396855e-17
1.120000000000000000e+02 2.550065986137189511e-17
1.130000000000000000e+02 4.185117329116315565e-17
1.140000000000000000e+02 6.809721572648873837e-17
1.150000000000000000e+02 1.098786975486390167e-16
1.160000000000000000e+02 1.758545789703246371e-16
1.170000000000000000e+02 2.792160004595030558e-16
1.180000000000000000e+02 4.399068475616974117e-16
1.190000000000000000e+02 6.878589185175985171e-16
1.200000000000000000e+02 1.067672060645307820e-15
1.210000000000000000e+02 1.645338174777698171e-15
1.220000000000000000e+02 2.517837031840186137e-15
1.230000000000000000e+02 3.826741145966866705e-15
1.240000000000000000e+02 5.777382033834329078e-15
1.250000000000000000e+02 8.665683872274770474e-15
1.260000000000000000e+02 1.291550477153364821e-14
1.270000000000000000e+02 1.913029387540032914e-14
1.280000000000000000e+02 2.816414157847882912e-14
1.290000000000000000e+02 4.121895487798329177e-14
1.300000000000000000e+02 5.997663595023453961e-14
1.310000000000000000e+02 8.677791089367433687e-14
1.320000000000000000e+02 1.248630098231391379e-13
1.330000000000000000e+02 1.786939393342494511e-13
1.340000000000000000e+02 2.543838590755657971e-13
1.350000000000000000e+02 3.602663749060825032e-13
1.360000000000000000e+02 5.076467550059584344e-13
1.370000000000000000e+02 7.117886011906882619e-13
1.380000000000000000e+02 9.932038935768434660e-13
1.390000000000000000e+02 1.379332205278276847e-12
1.400000000000000000e+02 1.906717009741641918e-12
1.410000000000000000e+02 2.623814273485086915e-12
1.420000000000000000e+02 3.594602002754447215e-12
1.430000000000000000e+02 4.903200345157750680e-12
1.440000000000000000e+02 6.659761706028675734e-12
1.450000000000000000e+02 9.007950843180228144e-12
1.460000000000000000e+02 1.213440805673057909e-11
1.470000000000000000e+02 1.628067672033266871e-11
1.480000000000000000e+02 2.175818220034311046e-11
1.490000000000000000e+02 2.896697578751991274e-11
1.500000000000000000e+02 3.841910819376438017e-11
1.510000000000000000e+02 5.076767653691828164e-11
1.520000000000000000e+02 6.684280122379038668e-11
1.530000000000000000e+02 8.769604006657033894e-11
1.540000000000000000e+02 1.146550423695211368e-10
1.550000000000000000e+02 1.493905924339507300e-10
1.560000000000000000e+02 1.939985976573999695e-10
1.570000000000000000e+02 2.511000498165244712e-10
1.580000000000000000e+02 3.239625389441214007e-10
1.590000000000000000e+02 4.166475383110796394e-10
1.600000000000000000e+02 5.341884185279840054e-10
1.610000000000000000e+02 6.828050021724881368e-10
1.620000000000000000e+02 8.701614525830244590e-10
1.630000000000000000e+02 1.105675418081085238e-09
1.640000000000000000e+02 1.400887644147160723e-09
1.650000000000000000e+02 1.769902741068410533e-09
1.660000000000000000e+02 2.229913475352046494e-09
1.670000000000000000e+02 2.801822863906112361e-09
1.680000000000000000e+02 3.510980517008190345e-09
1.690000000000000000e+02 4.388052128159860354e-09
1.700000000000000000e+02 5.470043777313456077e-09
1.710000000000000000e+02 6.801505832556383746e-09
1.720000000000000000e+02 8.435944740830186741e-09
1.730000000000000000e+02 1.043747493025321796e-08
1.740000000000000000e+02 1.288274744777473196e-08
1.750000000000000000e+02 1.586319687207800498e-08
1.760000000000000000e+02 1.948765352206095252e-08
1.770000000000000000e+02 2.388537407850247282e-08
1.780000000000000000e+02 2.920955050689368897e-08
1.790000000000000000e+02 3.564136467279726238e-08
1.800000000000000000e+02 4.339466434121575930e-08
1.810000000000000000e+02 5.272134541593261065e-08
1.820000000000000000e+02 6.391753537526517331e-08
1.830000000000000000e+02 7.733068397284303639e-08
1.840000000000000000e+02 9.336767947576433076e-08
1.850000000000000000e+02 1.125041220918538462e-07
1.860000000000000000e+02 1.352949008810865332e-07
1.870000000000000000e+02 1.623862364461659938e-07
1.880000000000000000e+02 1.945293691507001013e-07
1.890000000000000000e+02 2.325960916216183287e-07
1.900000000000000000e+02 2.775963449610010419e-07
1.910000000000000000e+02 3.306981205311004307e-07
1.920000000000000000e+02 3.932499334990912672e-07
1.930000000000000000e+02 4.668061606531396173e-07
1.940000000000000000e+02 5.531555634509591862e-07
1.950000000000000000e+02 6.543533479623309640e-07
1.960000000000000000e+02 7.727571464481107263e-07
1.970000000000000000e+02 9.110673409137262608e-07
1.980000000000000000e+02 1.072372187222330802e-06
1.990000000000000000e+02 1.260198239392122560e-06
2.000000000000000000e+02 1.478566617677604171e-06
2.010000000000000000e+02 1.732055711092241113e-06
2.020000000000000000e+02 2.025870955319345124e-06
2.030000000000000000e+02 2.365922380630629956e-06
2.040000000000000000e+02 2.758910681641461500e-06
2.050000000000000000e+02 3.212422621633759945e-06
2.060000000000000000e+02 3.735036648928823067e-06
2.070000000000000000e+02 4.336439671551023853e-06
2.080000000000000000e+02 5.027556009348047456e-06
2.090000000000000000e+02 5.820689619983558305e-06
2.100000000000000000e+02 6.729680776952678982e-06
2.110000000000000000e+02 7.770078464148403731e-06
2.120000000000000000e+02 8.959329842685911577e-06
2.130000000000000000e+02 1.031698824182803705e-05
2.140000000000000000e+02 1.186494122710421665e-05
2.150000000000000000e+02 1.362766040522909047e-05
2.160000000000000000e+02 1.563247473735645008e-05
2.170000000000000000e+02 1.790986924969557327e-05
2.180000000000000000e+02 2.049381115371378312e-05
2.190000000000000000e+02 2.342210551719106794e-05
2.200000000000000000e+02 2.673678276241347353e-05
2.210000000000000000e+02 3.048452040892250656e-05
2.220000000000000000e+02 3.471710162560152923e-05
2.230000000000000000e+02 3.949191331059511247e-05
2.240000000000000000e+02 4.487248657773619884e-05
2.250000000000000000e+02 5.092908269490189029e-05
2.260000000000000000e+02 5.773932769313094198e-05
2.270000000000000000e+02 6.538889904550201763e-05
2.280000000000000000e+02 7.397226800177499040e-05
2.290000000000000000e+02 8.359350135870739556e-05
2.300000000000000000e+02 9.436712664684168152e-05
2.310000000000000000e+02 1.064190649224652975e-04
2.320000000000000000e+02 1.198876355684226109e-04
2.330000000000000000e+02 1.349246377295358981e-04
2.340000000000000000e+02 1.516965132375958612e-04
2.350000000000000000e+02 1.703855961172203674e-04
2.360000000000000000e+02 1.911914540073568621e-04
2.370000000000000000e+02 2.143323270838036118e-04
2.380000000000000000e+02 2.400466703258243874e-04
2.390000000000000000e+02 2.685948052347011668e-04
2.400000000000000000e+02 3.002606873838516090e-04
2.410000000000000000e+02 3.353537964588773515e-04
2.420000000000000000e+02 3.742111557315362809e-04
2.430000000000000000e+02 4.171994882040494404e-04
2.440000000000000000e+02 4.647175169592696791e-04
2.450000000000000000e+02 5.171984175579435886e-04
2.460000000000000000e+02 5.751124306364511054e-04
2.470000000000000000e+02 6.389696431768940961e-04
2.480000000000000000e+02 7.093229472460381956e-04
2.490000000000000000e+02 7.867711853302668864e-04
2.500000000000000000e+02 8.719624917301638549e-04
2.510000000000000000e+02 9.655978398204422518e-04
2.520000000000000000e+02 1.068434805328450461e-03
2.530000000000000000e+02 1.181291556137215601e-03
2.540000000000000000e+02 1.305051079476681310e-03
2.550000000000000000e+02 1.440665657729226379e-03
2.560000000000000000e+02 1.589161604442463922e-03
2.570000000000000000e+02 1.751644272513430125e-03
2.580000000000000000e+02 1.929303346883310538e-03
2.590000000000000000e+02 2.123418434460554085e-03
2.600000000000000000e+02 2.335364964372210056e-03
2.610000000000000000e+02 2.566620412028381391e-03
2.620000000000000000e+02 2.818770860872423217e-03
2.630000000000000000e+02 3.093517916079605891e-03
2.640000000000000000e+02 3.392685984859083060e-03
2.650000000000000000e+02 3.718229938407804566e-03
2.660000000000000000e+02 4.072243170960098205e-03
2.670000000000000000e+02 4.456966071772677784e-03
2.680000000000000000e+02 4.874794926281436104e-03
2.690000000000000000e+02 5.328291263063112716e-03
2.700000000000000000e+02 5.820191663631528803e-03
2.710000000000000000e+02 6.353418052493944521e-03
2.720000000000000000e+02 6.931088485288054712e-03
2.730000000000000000e+02 7.556528453213565491e-03
2.740000000000000000e+02 8.233282722364013845e-03
2.750000000000000000e+02 8.965127726953724466e-03
2.760000000000000000e+02 9.756084535821633527e-03
2.770000000000000000e+02 1.061043241197718104e-02
2.780000000000000000e+02 1.153272298533361377e-02
2.790000000000000000e+02 1.252779505914992063e-02
2.800000000000000000e+02 1.360079007107465113e-02
2.810000000000000000e+02 1.475716823005135403e-02
2.820000000000000000e+02 1.600272535070722951e-02
2.830000000000000000e+02 1.734361040720241651e-02
2.840000000000000000e+02 1.878634382886718371e-02
2.850000000000000000e+02 2.033783656029750433e-02
2.860000000000000000e+02 2.200540990891584545e-02
2.870000000000000000e+02 2.379681620333295999e-02
2.880000000000000000e+02 2.572026028616752197e-02
2.890000000000000000e+02 2.778442186529339261e-02
2.900000000000000000e+02 2.999847874778843390e-02
2.910000000000000000e+02 3.237213098115451076e-02
2.920000000000000000e+02 3.491562592666341835e-02
2.930000000000000000e+02 3.763978428996004461e-02
2.940000000000000000e+02 4.055602713431985529e-02
2.950000000000000000e+02 4.367640390221253638e-02
2.960000000000000000e+02 4.701362147106852296e-02
2.970000000000000000e+02 5.058107426937762108e-02
2.980000000000000000e+02 5.439287547947064400e-02
2.990000000000000000e+02 5.846388935354374788e-02
3.000000000000000000e+02 6.280976466968260508e-02
3.010000000000000000e+02 6.744696935482796807e-02
3.020000000000000000e+02 7.239282630179413869e-02
3.030000000000000000e+02 7.766555040761234652e-02
3.040000000000000000e+02 8.328428686061283004e-02
3.050000000000000000e+02 8.926915070379194683e-02
3.060000000000000000e+02 9.564126770212612316e-02
3.070000000000000000e+02 1.024228165415971281e-01
3.080000000000000000e+02 1.096370723877799630e-01
3.090000000000000000e+02 1.173084518319182229e-01
3.100000000000000000e+02 1.254625592524683808e-01
3.110000000000000000e+02 1.341262346201375910e-01
3.120000000000000000e+02 1.433276027744655179e-01
3.130000000000000000e+02 1.530961242000132283e-01
3.140000000000000000e+02 1.634626473302156213e-01
3.150000000000000000e+02 1.744594624069355504e-01
3.160000000000000000e+02 1.861203569237188105e-01
3.170000000000000000e+02 1.984806726806988830e-01
3.180000000000000000e+02 2.115773644790270025e-01
3.190000000000000000e+02 2.254490604826241140e-01
3.200000000000000000e+02 2.401361242749402158e-01
3.210000000000000000e+02 2.556807186382974995e-01
3.220000000000000000e+02 2.721268710832493443e-01
3.230000000000000000e+02 2.895205411552428942e-01
3.240000000000000000e+02 3.079096895456985838e-01
3.250000000000000000e+02 3.273443490344376539e-01
3.260000000000000000e+02 3.478766972901861654e-01
3.270000000000000000e+02 3.695611315556640575e-01
3.280000000000000000e+02 3.924543452435345081e-01
3.290000000000000000e+02 4.166154064692345060e-01
3.300000000000000000e+02 4.421058385464413099e-01
3.310000000000000000e+02 4.689897024706438100e-01
3.320000000000000000e+02 4.973336814159838304e-01
3.330000000000000000e+02 5.272071672702223211e-01
3.340000000000000000e+02 5.586823492323409468e-01
3.350000000000000000e+02 5.918343044969496258e-01
3.360000000000000000e+02 6.267410910493005360e-01
3.370000000000000000e+02 6.634838425943266893e-01
3.380000000000000000e+02 7.021468656427296562e-01
3.390000000000000000e+02 7.428177387767256334e-01
3.400000000000000000e+02 7.855874141176353298e-01
3.410000000000000000e+02 8.305503210170556150e-01
3.420000000000000000e+02 8.778044719928985717e-01
3.430000000000000000e+02 9.274515709311091927e-01
3.440000000000000000e+02 9.795971235733855753e-01
3.450000000000000000e+02 1.034350550310731531e+00
3.460000000000000000e+02 1.091825301302147500e+00
3.470000000000000000e+02 1.152138973937246735e+00
3.480000000000000000e+02 1.215413432661041071e+00
3.490000000000000000e+02 1.281774931178581323e+00
3.500000000000000000e+02 1.351354237056574092e+00
3.510000000000000000e+02 1.424286758738527725e+00
3.520000000000000000e+02 1.500712674989365780e+00
3.530000000000000000e+02 1.580777066784865292e+00
3.540000000000000000e+02 1.664630051660653365e+00
3.550000000000000000e+02 1.752426920534869037e+00
3.560000000000000000e+02 1.844328277017963424e+00
3.570000000000000000e+02 1.940500179222464983e+00
3.580000000000000000e+02 2.041114284084872832e+00
3.590000000000000000e+02 2.146347994211188936e+00
3.600000000000000000e+02 2.256384607256903152e+00
3.610000000000000000e+02 2.371413467851575252e+00
3.620000000000000000e+02 2.491630122077466591e+00
3.630000000000000000e+02 2.617236474510949318e+00
3.640000000000000000e+02 2.748440947834739134e+00
3.650000000000000000e+02 2.885458645028259550e+00
3.660000000000000000e+02 3.028511514142727901e+00
3.670000000000000000e+02 3.177828515666828668e+00
3.680000000000000000e+02 3.333645792488075354e+00
3.690000000000000000e+02 3.496206842454255614e+00
3.700000000000000000e+02 3.665762693538576755e+00
3.710000000000000000e+02 3.842572081611379975e+00
3.720000000000000000e+02 4.026901630820527878e+00
3.730000000000000000e+02 4.219026036581827732e+00
3.740000000000000000e+02 4.419228251180057576e+00
3.750000000000000000e+02 4.627799671980385554e+00
3.760000000000000000e+02 4.845040332249239690e+00
3.770000000000000000e+02 5.071259094582854843e+00
3.780000000000000000e+02 5.306773846940991746e+00
3.790000000000000000e+02 5.551911701282479683e+00
3.800000000000000000e+02 5.807009194798516738e+00
3.810000000000000000e+02 6.072412493738851502e+00
3.820000000000000000e+02 6.348477599825116613e+00
3.830000000000000000e+02 6.635570559244951205e+00
3.840000000000000000e+02 6.934067674219571487e+00
3.850000000000000000e+02 7.244355717136831352e+00
3.860000000000000000e+02 7.566832147240917905e+00
3.870000000000000000e+02 7.901905329869084227e+00
3.880000000000000000e+02 8.249994758225037472e+00
3.890000000000000000e+02 8.611531277677805463e+00
3.900000000000000000e+02 8.986957312574144652e+00
3.910000000000000000e+02 9.376727095551748548e+00
3.920000000000000000e+02 9.781306899339739402e+00
3.930000000000000000e+02 1.020117527103221633e+01
3.940000000000000000e+02 1.063682326881977325e+01
3.950000000000000000e+02 1.108875470116318773e+01
3.960000000000000000e+02 1.155748636839271981e+01
3.970000000000000000e+02 1.204354830671570831e+01
3.980000000000000000e+02 1.254748403461436368e+01
3.990000000000000000e+02 1.306985080161495816e+01
4.000000000000000000e+02 1.361121983940886260e+01
4.010000000000000000e+02 1.417217661530509432e+01
4.020000000000000000e+02 1.475332108799340425e+01
4.030000000000000000e+02 1.535526796559613416e+01
4.040000000000000000e+02 1.597864696598637657e+01
4.050000000000000000e+02 1.662410307934928966e+01
4.060000000000000000e+02 1.729229683296271958e+01
4.070000000000000000e+02 1.798390455817249389e+01
4.080000000000000000e+02 1.869961865953721869e+01
4.090000000000000000e+02 1.944014788611663747e+01
4.100000000000000000e+02 2.020621760487693663e+01
4.110000000000000000e+02 2.099857007618574301e+01
4.120000000000000000e+02 2.181796473136895997e+01
4.130000000000000000e+02 2.266517845230083594e+01
4.140000000000000000e+02 2.354100585299814696e+01
4.150000000000000000e+02 2.444625956318855842e+01
4.160000000000000000e+02 2.538177051382300320e+01
4.170000000000000000e+02 2.634838822450073081e+01
4.180000000000000000e+02 2.734698109277570666e+01
4.190000000000000000e+02 2.837843668531197494e+01
4.200000000000000000e+02 2.944366203085525768e+01
4.210000000000000000e+02 3.054358391498750791e+01
4.220000000000000000e+02 3.167914917663048868e+01
4.230000000000000000e+02 3.285132500626394858e+01
4.240000000000000000e+02 3.406109924582342074e+01
4.250000000000000000e+02 3.530948069024219649e+01
4.260000000000000000e+02 3.659749939060162660e+01
4.270000000000000000e+02 3.792620695885286608e+01
4.280000000000000000e+02 3.929667687407361143e+01
4.290000000000000000e+02 4.071000479022208651e+01
4.300000000000000000e+02 4.216730884535040502e+01
4.310000000000000000e+02 4.366972997223913922e+01
4.320000000000000000e+02 4.521843221041400795e+01
4.330000000000000000e+02 4.681460301950601632e+01
4.340000000000000000e+02 4.845945359391465956e+01
4.350000000000000000e+02 5.015421917873505464e+01
4.360000000000000000e+02 5.190015938690794428e+01
4.370000000000000000e+02 5.369855851755201570e+01
4.380000000000000000e+02 5.555072587543760676e+01
4.390000000000000000e+02 5.745799609155996990e+01
4.400000000000000000e+02 5.942172944477057683e+01
4.410000000000000000e+02 6.144331218442412279e+01
4.420000000000000000e+02 6.352415685399890322e+01
4.430000000000000000e+02 6.566570261564784516e+01
4.440000000000000000e+02 6.786941557563693550e+01
4.450000000000000000e+02 7.013678911062815757e+01
4.460000000000000000e+02 7.246934419476289690e+01
4.470000000000000000e+02 7.486862972750239464e+01
4.480000000000000000e+02 7.733622286218100328e+01
4.490000000000000000e+02 7.987372933522809149e+01
4.500000000000000000e+02 8.248278379601401866e+01
4.510000000000000000e+02 8.516505013727568496e+01
4.520000000000000000e+02 8.792222182607659420e+01
4.530000000000000000e+02 9.075602223525653756e+01
4.540000000000000000e+02 9.366820497532592071e+01
4.550000000000000000e+02 9.666055422675901809e+01
4.560000000000000000e+02 9.973488507264086422e+01
4.570000000000000000e+02 1.028930438316225917e+02
4.580000000000000000e+02 1.061369083911388316e+02
4.590000000000000000e+02 1.094683885408421418e+02
4.600000000000000000e+02 1.128894263062079233e+02
4.610000000000000000e+02 1.164019962822647045e+02
4.620000000000000000e+02 1.200081059674029547e+02
4.630000000000000000e+02 1.237097960972171080e+02
4.640000000000000000e+02 1.275091409783343437e+02
4.650000000000000000e+02 1.314082488221843619e+02
4.660000000000000000e+02 1.354092620786634882e+02
4.670000000000000000e+02 1.395143577696481998e+02
4.680000000000000000e+02 1.437257478223103533e+02
4.690000000000000000e+02 1.480456794021895348e+02
4.700000000000000000e+02 1.524764352459761199e+02
4.710000000000000000e+02 1.570203339939581895e+02
4.720000000000000000e+02 1.616797305220882492e+02
4.730000000000000000e+02 1.664570162736220880e+02
4.740000000000000000e+02 1.713546195902850116e+02
4.750000000000000000e+02 1.763750060429197504e+02
4.760000000000000000e+02 1.815206787615703945e+02
4.770000000000000000e+02 1.867941787649567402e+02
4.780000000000000000e+02 1.921980852892942835e+02
4.790000000000000000e+02 1.977350161164139024e+02
4.800000000000000000e+02 2.034076279011373174e+02
4.810000000000000000e+02 2.092186164978620582e+02
4.820000000000000000e+02 2.151707172863128505e+02
4.830000000000000000e+02 2.212667054964135502e+02
4.840000000000000000e+02 2.275093965322360248e+02
4.850000000000000000e+02 2.339016462949820152e+02
4.860000000000000000e+02 2.404463515049530145e+02
4.870000000000000000e+02 2.471464500224659275e+02
4.880000000000000000e+02 2.540049211676699770e+02
4.890000000000000000e+02 2.610247860392217376e+02
4.900000000000000000e+02 2.682091078317759525e+02
4.910000000000000000e+02 2.755609921522482182e+02
4.920000000000000000e+02 2.830835873348088398e+02
4.930000000000000000e+02 2.907800847545631200e+02
4.940000000000000000e+02 2.986537191398788309e+02
4.950000000000000000e+02 3.067077688833167031e+02
4.960000000000000000e+02 3.149455563511251057e+02
4.970000000000000000e+02 3.233704481912556048e+02
4.980000000000000000e+02 3.319858556398593805e+02
4.990000000000000000e+02 3.407952348262248847e+02
5.000000000000000000e+02 3.498020870761158108e+02
5.010000000000000000e+02 3.590099592134695285e+02
5.020000000000000000e+02 3.684224438604158536e+02
5.030000000000000000e+02 3.780431797355803383e+02
5.040000000000000000e+02 3.878758519506276912e+02
5.050000000000000000e+02 3.979241923050129230e+02
5.060000000000000000e+02 4.081919795788975875e+02
5.070000000000000000e+02 4.186830398241951912e+02
5.080000000000000000e+02 4.294012466537103023e+02
5.090000000000000000e+02 4.403505215283297503e+02
5.100000000000000000e+02 4.515348340422352749e+02
5.110000000000000000e+02 4.629582022060959048e+02
5.120000000000000000e+02 4.746246927282083448e+02
5.130000000000000000e+02 4.865384212935480264e+02
5.140000000000000000e+02 4.987035528406967728e+02
5.150000000000000000e+02 5.111243018366117212e+02
5.160000000000000000e+02 5.238049325492021353e+02
5.170000000000000000e+02 5.367497593176800592e+02
5.180000000000000000e+02 5.499631468206522413e+02
5.190000000000000000e+02 5.634495103419188808e+02
5.200000000000000000e+02 5.772133160339487858e+02
5.210000000000000000e+02 5.912590811789976897e+02
5.220000000000000000e+02 6.055913744478388026e+02
5.230000000000000000e+02 6.202148161560738799e+02
5.240000000000000000e+02 6.351340785179953627e+02
5.250000000000000000e+02 6.503538858979679844e+02
5.260000000000000000e+02 6.658790150593017643e+02
5.270000000000000000e+02 6.817142954105858053e+02
5.280000000000000000e+02 6.978646092494542472e+02
5.290000000000000000e+02 7.143348920037565222e+02
5.300000000000000000e+02 7.311301324701054227e+02
5.310000000000000000e+02 7.482553730497717197e+02
5.320000000000000000e+02 7.657157099819025916e+02
5.330000000000000000e+02 7.835162935740351031e+02
5.340000000000000000e+02 8.016623284298798353e+02
5.350000000000000000e+02 8.201590736743480647e+02
5.360000000000000000e+02 8.390118431757981625e+02
5.370000000000000000e+02 8.582260057654785896e+02
5.380000000000000000e+02 8.778069854541375889e+02
5.390000000000000000e+02 8.977602616457854765e+02
5.400000000000000000e+02 9.180913693485758813e+02
5.410000000000000000e+02 9.388058993827914946e+02
5.420000000000000000e+02 9.599094985859090912e+02
5.430000000000000000e+02 9.814078700147222207e+02
5.440000000000000000e+02 1.003306773144498493e+03
5.450000000000000000e+02 1.025612024065156447e+03
5.460000000000000000e+02 1.048329495674437794e+03
5.470000000000000000e+02 1.071465117868052857e+03
5.480000000000000000e+02 1.095024877726788418e+03
5.490000000000000000e+02 1.119014819700548060e+03
5.500000000000000000e+02 1.143441045789320697e+03
5.510000000000000000e+02 1.168309715721043631e+03
5.520000000000000000e+02 1.193627047126357866e+03
5.530000000000000000e+02 1.219399315710228620e+03
5.540000000000000000e+02 1.245632855420420356e+03
5.550000000000000000e+02 1.272334058612808121e+03
5.560000000000000000e+02 1.299509376213508858e+03
5.570000000000000000e+02 1.327165317877826737e+03
5.580000000000000000e+02 1.355308452145980482e+03
5.590000000000000000e+02 1.383945406595621762e+03
5.600000000000000000e+02 1.413082867991106923e+03
5.610000000000000000e+02 1.442727582429535460e+03
5.620000000000000000e+02 1.472886355483516127e+03
5.630000000000000000e+02 1.503566052340672286e+03
5.640000000000000000e+02 1.534773597939856472e+03
5.650000000000000000e+02 1.566515977104079184e+03
5.660000000000000000e+02 1.598800234670128930e+03
5.670000000000000000e+02 1.631633475614880808e+03
5.680000000000000000e+02 1.665022865178280881e+03
5.690000000000000000e+02 1.698975628982999297e+03
5.700000000000000000e+02 1.733499053150742839e+03
5.710000000000000000e+02 1.768600484415219626e+03
5.720000000000000000e+02 1.804287330231744590e+03
5.730000000000000000e+02 1.840567058883487334e+03
5.740000000000000000e+02 1.877447199584342343e+03
5.750000000000000000e+02 1.914935342578432028e+03
5.760000000000000000e+02 1.953039139236219171e+03
5.770000000000000000e+02 1.991766302147239230e+03
5.780000000000000000e+02 2.031124605209436822e+03
5.790000000000000000e+02 2.071121883715105014e+03
5.800000000000000000e+02 2.111766034433429923e+03
5.810000000000000000e+02 2.153065015689623579e+03
5.820000000000000000e+02 2.195026847440655729e+03
5.830000000000000000e+02 2.237659611347573900e+03
5.840000000000000000e+02 2.280971450844413084e+03
5.850000000000000000e+02 2.324970571203686632e+03
5.860000000000000000e+02 2.369665239598473363e+03
5.870000000000000000e+02 2.415063785161075430e+03
5.880000000000000000e+02 2.461174599038267843e+03
5.890000000000000000e+02 2.508006134443134670e+03
5.900000000000000000e+02 2.555566906703477343e+03
5.910000000000000000e+02 2.603865493306820099e+03
5.920000000000000000e+02 2.652910533941995254e+03
5.930000000000000000e+02 2.702710730537313793e+03
5.940000000000000000e+02 2.753274847295328527e+03
5.950000000000000000e+02 2.804611710724193017e+03
5.960000000000000000e+02 2.856730209665604434e+03
5.970000000000000000e+02 2.909639295319351277e+03
5.980000000000000000e+02 2.963347981264462305e+03
5.990000000000000000e+02 3.017865343476957150e+03
6.000000000000000000e+02 3.073200520344204051e+03
6.010000000000000000e+02 3.129362712675902912e+03
6.020000000000000000e+02 3.186361183711669582e+03
6.030000000000000000e+02 3.244205259125259545e+03
6.040000000000000000e+02 3.302904327025414204e+03
6.050000000000000000e+02 3.362467837953345224e+03
6.060000000000000000e+02 3.422905304876856462e+03
6.070000000000000000e+02 3.484226303181127605e+03
6.080000000000000000e+02 3.546440470656137222e+03
6.090000000000000000e+02 3.609557507480765707e+03
6.100000000000000000e+02 3.673587176203556737e+03
6.110000000000000000e+02 3.738539301720171352e+03
6.120000000000000000e+02 3.804423771247516470e+03
6.130000000000000000e+02 3.871250534294586487e+03
6.140000000000000000e+02 3.939029602629994770e+03
6.150000000000000000e+02 4.007771050246232790e+03
6.160000000000000000e+02 4.077485013320652797e+03
6.170000000000000000e+02 4.148181690173184506e+03
6.180000000000000000e+02 4.219871341220792601e+03
6.190000000000000000e+02 4.292564288928704627e+03
6.200000000000000000e+02 4.366270917758394717e+03
6.210000000000000000e+02 4.441001674112349974e+03
6.220000000000000000e+02 4.516767066275629986e+03
6.230000000000000000e+02 4.593577664354225817e+03
6.240000000000000000e+02 4.671444100210240322e+03
6.250000000000000000e+02 4.750377067393883408e+03
6.260000000000000000e+02 4.830387321072316809e+03
6.270000000000000000e+02 4.911485677955352003e+03
6.280000000000000000e+02 4.993683016218014927e+03
6.290000000000000000e+02 5.076990275419974751e+03
6.300000000000000000e+02 5.161418456421893097e+03
6.310000000000000000e+02 5.246978621298657345e+03
6.320000000000000000e+02 5.333681893249544373e+03
6.330000000000000000e+02 5.421539456505332055e+03
6.340000000000000000e+02 5.510562556232336647e+03
6.350000000000000000e+02 5.600762498433433393e+03
6.360000000000000000e+02 5.692150649846065789e+03
6.370000000000000000e+02 5.784738437837222591e+03
6.380000000000000000e+02 5.878537350295459873e+03
6.390000000000000000e+02 5.973558935519934494e+03
6.400000000000000000e+02 6.069814802106474417e+03
6.410000000000000000e+02 6.167316618830733205e+03
6.420000000000000000e+02 6.266076114528395010e+03
6.430000000000000000e+02 6.366105077972501931e+03
6.440000000000000000e+02 6.467415357747852795e+03
6.450000000000000000e+02 6.570018862122582505e+03
6.460000000000000000e+02 6.673927558916836460e+03
6.470000000000000000e+02 6.779153475368639192e+03
6.480000000000000000e+02 6.885708697996927185e+03
6.490000000000000000e+02 6.993605372461793195e+03
6.500000000000000000e+02 7.102855703421939324e+03
6.510000000000000000e+02 7.213471954389357961e+03
6.520000000000000000e+02 7.325466447581284228e+03
6.530000000000000000e+02 7.438851563769401764e+03
6.540000000000000000e+02 7.553639742126346391e+03
6.550000000000000000e+02 7.669843480069530415e+03
6.560000000000000000e+02 7.787475333102256627e+03
6.570000000000000000e+02 7.906547914652239342e+03
6.580000000000000000e+02 8.027073895907440601e+03
6.590000000000000000e+02 8.149066005649309773e+03
6.600000000000000000e+02 8.272537030083431091e+03
6.610000000000000000e+02 8.397499812667605511e+03
6.620000000000000000e+02 8.523967253937362329e+03
6.630000000000000000e+02 8.651952311328932410e+03
6.640000000000000000e+02 8.781467998999733027e+03
6.650000000000000000e+02 8.912527387646323405e+03
6.660000000000000000e+02 9.045143604319920996e+03
6.670000000000000000e+02 9.179329832239434836e+03
6.680000000000000000e+02 9.315099310602081459e+03
6.690000000000000000e+02 9.452465334391587021e+03
6.700000000000000000e+02 9.591441254183990168e+03
6.710000000000000000e+02 9.732040475951094777e+03
6.720000000000000000e+02 9.874276460861534360e+03
6.730000000000000000e+02 1.001816272507954636e+04
6.740000000000000000e+02 1.016371283956142724e+04
6.750000000000000000e+02 1.031094042984968110e+04
6.760000000000000000e+02 1.045985917586493451e+04
6.770000000000000000e+02 1.061048281169558140e+04
6.780000000000000000e+02 1.076282512538522860e+04
6.790000000000000000e+02 1.091689995871790961e+04
6.800000000000000000e+02 1.107272120700116102e+04
6.810000000000000000e+02 1.123030281884689430e+04
6.820000000000000000e+02 1.138965879595017577e+04
6.830000000000000000e+02 1.155080319286586564e+04
6.840000000000000000e+02 1.171375011678316332e+04
6.850000000000000000e+02 1.187851372729809555e+04
6.860000000000000000e+02 1.204510823618395807e+04
6.870000000000000000e+02 1.221354790715971103e+04
6.880000000000000000e+02 1.238384705565638251e+04
6.890000000000000000e+02 1.255602004858150940e+04
6.900000000000000000e+02 1.273008130408157194e+04
6.910000000000000000e+02 1.290604529130252013e+04
6.920000000000000000e+02 1.308392653014839925e+04
6.930000000000000000e+02 1.326373959103803645e+04
6.940000000000000000e+02 1.344549909465989185e+04
6.950000000000000000e+02 1.362921971172504891e+04
6.960000000000000000e+02 1.381491616271837847e+04
6.970000000000000000e+02 1.400260321764789114e+04
6.980000000000000000e+02 1.419229569579231975e+04
6.990000000000000000e+02 1.438400846544691376e+04
7.000000000000000000e+02 1.457775644366755478e+04
7.010000000000000000e+02 1.477355459601306939e+04
7.020000000000000000e+02 1.497141793628592677e+04
7.030000000000000000e+02 1.517136152627123738e+04
7.040000000000000000e+02 1.537340047547405629e+04
7.050000000000000000e+02 1.557754994085515864e+04
7.060000000000000000e+02 1.578382512656511972e+04
7.070000000000000000e+02 1.599224128367685444e+04
7.080000000000000000e+02 1.620281370991659060e+04
7.090000000000000000e+02 1.641555774939329785e+04
7.100000000000000000e+02 1.663048879232662512e+04
7.110000000000000000e+02 1.684762227477330453e+04
7.120000000000000000e+02 1.706697367835211116e+04
7.130000000000000000e+02 1.728855852996738031e+04
7.140000000000000000e+02 1.751239240153107312e+04
7.150000000000000000e+02 1.773849090968347082e+04
7.160000000000000000e+02 1.796686971551241732e+04
7.170000000000000000e+02 1.819754452427131764e+04
7.180000000000000000e+02 1.843053108509570302e+04
7.190000000000000000e+02 1.866584519071845716e+04
7.200000000000000000e+02 1.890350267718388932e+04
7.210000000000000000e+02 1.914351942356037398e+04
7.220000000000000000e+02 1.938591135165181913e+04
7.230000000000000000e+02 1.963069442570794126e+04
7.240000000000000000e+02 1.987788465213320887e+04
7.250000000000000000e+02 2.012749807919476370e+04
7.260000000000000000e+02 2.037955079672901047e+04
7.270000000000000000e+02 2.063405893584722071e+04
7.280000000000000000e+02 2.089103866863989242e+04
7.290000000000000000e+02 2.115050620788006927e+04
7.300000000000000000e+02 2.141247780672559384e+04
7.310000000000000000e+02 2.167696975842026950e+04
7.320000000000000000e+02 2.194399839599397819e+04
7.330000000000000000e+02 2.221358009196187049e+04
7.340000000000000000e+02 2.248573125802241339e+04
7.350000000000000000e+02 2.276046834475465585e+04
7.360000000000000000e+02 2.303780784131431210e+04
7.370000000000000000e+02 2.331776627512920459e+04
7.380000000000000000e+02 2.360036021159348820e+04
7.390000000000000000e+02 2.388560625376123426e+04
7.400000000000000000e+02 2.417352104203901763e+04
7.410000000000000000e+02 2.446412125387769993e+04
7.420000000000000000e+02 2.475742360346335772e+04
7.430000000000000000e+02 2.505344484140746499e+04
7.440000000000000000e+02 2.535220175443622065e+04
7.450000000000000000e+02 2.565371116507915576e+04
7.460000000000000000e+02 2.595798993135700584e+04
7.470000000000000000e+02 2.626505494646880106e+04
7.480000000000000000e+02 2.657492313847832702e+04
7.490000000000000000e+02 2.688761146999985431e+04
7.500000000000000000e+02 2.720313693788320961e+04
7.510000000000000000e+02 2.752151657289824288e+04
7.520000000000000000e+02 2.784276743941859240e+04
7.530000000000000000e+02 2.816690663510493687e+04
7.540000000000000000e+02 2.849395129058762177e+04
7.550000000000000000e+02 2.882391856914866366e+04
7.560000000000000000e+02 2.915682566640335062e+04
7.570000000000000000e+02 2.949268980998114057e+04
7.580000000000000000e+02 2.983152825920623582e+04
7.590000000000000000e+02 3.017335830477750278e+04
7.600000000000000000e+02 3.051819726844803517e+04
7.610000000000000000e+02 3.086606250270424789e+04
7.620000000000000000e+02 3.121697139044446158e+04
7.630000000000000000e+02 3.157094134465722891e+04
7.640000000000000000e+02 3.192798980809908244e+04
7.650000000000000000e+02 3.228813425297207868e+04
7.660000000000000000e+02 3.265139218060085477e+04
7.670000000000000000e+02 3.301778112110944494e+04
7.680000000000000000e+02 3.338731863309770415e+04
7.690000000000000000e+02 3.376002230331746250e+04
7.700000000000000000e+02 3.413590974634842860e+04
7.710000000000000000e+02 3.451499860427374369e+04
7.720000000000000000e+02 3.489730654635537212e+04
7.730000000000000000e+02 3.528285126870922250e+04
7.740000000000000000e+02 3.567165049398005067e+04
7.750000000000000000e+02 3.606372197101619531e+04
7.760000000000000000e+02 3.645908347454408067e+04
7.770000000000000000e+02 3.685775280484265386e+04
7.780000000000000000e+02 3.725974778741758928e+04
7.790000000000000000e+02 3.766508627267540578e+04
7.800000000000000000e+02 3.807378613559746736e+04
7.810000000000000000e+02 3.848586527541393298e+04
7.820000000000000000e+02 3.890134161527750257e+04
7.830000000000000000e+02 3.932023310193727229e+04
7.840000000000000000e+02 3.974255770541246602e+04
7.850000000000000000e+02 4.016833341866611590e+04
7.860000000000000000e+02 4.059757825727875024e+04
7.870000000000000000e+02 4.103031025912216137e+04
7.880000000000000000e+02 4.146654748403303529e+04
7.890000000000000000e+02 4.190630801348681416e+04
7.900000000000000000e+02 4.234960995027147874e+04
7.910000000000000000e+02 4.279647141816139629e+04
7.920000000000000000e+02 4.324691056159137224e+04
7.930000000000000000e+02 4.370094554533065821e+04
7.940000000000000000e+02 4.415859455415722186e+04
7.950000000000000000e+02 4.461987579253199510e+04
7.960000000000000000e+02 4.508480748427335493e+04
7.970000000000000000e+02 4.555340787223181542e+04
7.980000000000000000e+02 4.602569521796479239e+04
7.990000000000000000e+02 4.650168780141154275e+04
8.000000000000000000e+02 4.698140392056851852e+04
8.010000000000000000e+02 4.746486189116466267e+04
8.020000000000000000e+02 4.795208004633711971e+04
8.030000000000000000e+02 4.844307673630712816e+04
8.040000000000000000e+02 4.893787032805621129e+04
8.050000000000000000e+02 4.943647920500262990e+04
8.060000000000000000e+02 4.993892176667808963e+04
8.070000000000000000e+02 5.044521642840477580e+04
8.080000000000000000e+02 5.095538162097283202e+04
8.090000000000000000e+02 5.146943579031786794e+04
8.100000000000000000e+02 5.198739739719916543e+04
8.110000000000000000e+02 5.250928491687798669e+04
8.120000000000000000e+02 5.303511683879639168e+04
8.130000000000000000e+02 5.356491166625632468e+04
8.140000000000000000e+02 5.409868791609927575e+04
8.150000000000000000e+02 5.463646411838614586e+04
8.160000000000000000e+02 5.517825881607769406e+04
8.170000000000000000e+02 5.572409056471533404e+04
8.180000000000000000e+02 5.627397793210241070e+04
8.190000000000000000e+02 5.682793949798595713e+04
8.200000000000000000e+02 5.738599385373885161e+04
8.210000000000000000e+02 5.794815960204259318e+04
8.220000000000000000e+02 5.851445535657036817e+04
8.230000000000000000e+02 5.908489974167088803e+04
8.240000000000000000e+02 5.965951139205252548e+04
8.250000000000000000e+02 6.023830895246801811e+04
8.260000000000000000e+02 6.082131107739990694e+04
8.270000000000000000e+02 6.140853643074630236e+04
8.280000000000000000e+02 6.200000368550724670e+04
8.290000000000000000e+02 6.259573152347183350e+04
8.300000000000000000e+02 6.319573863490572694e+04
8.310000000000000000e+02 6.380004371823931433e+04
8.320000000000000000e+02 6.440866547975660069e+04
8.330000000000000000e+02 6.502162263328451081e+04
8.340000000000000000e+02 6.563893389988304989e+04
8.350000000000000000e+02 6.626061800753587158e+04
8.360000000000000000e+02 6.688669369084177015e+04
8.370000000000000000e+02 6.751717969070657273e+04
8.380000000000000000e+02 6.815209475403587567e+04
8.390000000000000000e+02 6.879145763342837745e+04
8.400000000000000000e+02 6.943528708686999744e+04
8.410000000000000000e+02 7.008360187742850394e+04
8.420000000000000000e+02 7.073642077294920455e+04
8.430000000000000000e+02 7.139376254575091298e+04
8.440000000000000000e+02 7.205564597232303640e+04
8.450000000000000000e+02 7.272208983302318666e+04
8.460000000000000000e+02 7.339311291177556268e+04
8.470000000000000000e+02 7.406873399577019154e+04
8.480000000000000000e+02 7.474897187516286795e+04
8.490000000000000000e+02 7.543384534277583589e+04
8.500000000000000000e+02 7.612337319379934343e+04
8.510000000000000000e+02 7.681757422549389594e+04
8.520000000000000000e+02 7.751646723689341161e+04
8.530000000000000000e+02 7.822007102850914816e+04
8.540000000000000000e+02 7.892840440203435719e+04
8.550000000000000000e+02 7.964148616004997166e+04
8.560000000000000000e+02 8.035933510573090462e+04
8.570000000000000000e+02 8.108197004255330830e+04
8.580000000000000000e+02 8.180940977400277916e+04
8.590000000000000000e+02 8.254167310328323219e+04
8.600000000000000000e+02 8.327877883302664850e+04
8.610000000000000000e+02 8.402074576500394323e+04
8.620000000000000000e+02 8.476759269983645936e+04
8.630000000000000000e+02 8.551933843670837814e+04
8.640000000000000000e+02 8.627600177308026468e+04
8.650000000000000000e+02 8.703760150440321013e+04
8.660000000000000000e+02 8.780415642383402155e+04
8.670000000000000000e+02 8.857568532195132866e+04
8.680000000000000000e+02 8.935220698647275276e+04
8.690000000000000000e+02 9.013374020197258506e+04
8.700000000000000000e+02 9.092030374960099289e+04
8.710000000000000000e+02 9.171191640680370620e+04
8.720000000000000000e+02 9.250859694704278081e+04
8.730000000000000000e+02 9.331036413951843861e+04
8.740000000000000000e+02 9.411723674889175163e+04
8.750000000000000000e+02 9.492923353500831581e+04
8.760000000000000000e+02 9.574637325262295781e+04
8.770000000000000000e+02 9.656867465112531499e+04
8.780000000000000000e+02 9.739615647426652140e+04
8.790000000000000000e+02 9.822883745988678129e+04
8.800000000000000000e+02 9.906673633964413602e+04
8.810000000000000000e+02 9.990987183874388575e+04
8.820000000000000000e+02 1.007582626756693207e+05
8.830000000000000000e+02 1.016119275619135151e+05
8.840000000000000000e+02 1.024708852017117460e+05
8.850000000000000000e+02 1.033351542917753832e+05
8.860000000000000000e+02 1.042047535210265632e+05
8.870000000000000000e+02 1.050797015703339130e+05
8.880000000000000000e+02 1.059600171122495085e+05
8.890000000000000000e+02 1.068457188107465190e+05
8.900000000000000000e+02 1.077368253209582472e+05
8.910000000000000000e+02 1.086333552889180573e+05
8.920000000000000000e+02 1.095353273513004387e+05
8.930000000000000000e+02 1.104427601351630001e+05
8.940000000000000000e+02 1.113556722576896427e+05
8.950000000000000000e+02 1.122740823259348690e+05
8.960000000000000000e+02 1.131980089365689200e+05
8.970000000000000000e+02 1.141274706756242522e+05
8.980000000000000000e+02 1.150624861182430905e+05
8.990000000000000000e+02 1.160030738284257677e+05
9.000000000000000000e+02 1.169492523587805044e+05
9.010000000000000000e+02 1.179010402502741345e+05
9.020000000000000000e+02 1.188584560319838929e+05
9.030000000000000000e+02 1.198215182208504411e+05
9.040000000000000000e+02 1.207902453214317065e+05
9.050000000000000000e+02 1.217646558256583958e+05
9.060000000000000000e+02 1.227447682125898136e+05
9.070000000000000000e+02 1.237306009481716610e+05
9.080000000000000000e+02 1.247221724849942984e+05
9.090000000000000000e+02 1.257195012620523485e+05
9.100000000000000000e+02 1.267226057045056223e+05
9.110000000000000000e+02 1.277315042234408320e+05
9.120000000000000000e+02 1.287462152156346274e+05
9.130000000000000000e+02 1.297667570633178111e+05
9.140000000000000000e+02 1.307931481339405873e+05
9.150000000000000000e+02 1.318254067799389013e+05
9.160000000000000000e+02 1.328635513385020022e+05
9.170000000000000000e+02 1.339076001313412853e+05
9.180000000000000000e+02 1.349575714644599939e+05
9.190000000000000000e+02 1.360134836279241135e+05
9.200000000000000000e+02 1.370753548956348968e+05
9.210000000000000000e+02 1.381432035251016787e+05
9.220000000000000000e+02 1.392170477572167001e+05
9.230000000000000000e+02 1.402969058160305140e+05
9.240000000000000000e+02 1.413827959085286420e+05
9.250000000000000000e+02 1.424747362244098913e+05
9.260000000000000000e+02 1.435727449358649901e+05
9.270000000000000000e+02 1.446768401973571454e+05
9.280000000000000000e+02 1.457870401454032981e+05
9.290000000000000000e+02 1.469033628983566305e+05
9.300000000000000000e+02 1.480258265561906155e+05
9.310000000000000000e+02 1.491544492002835032e+05
9.320000000000000000e+02 1.502892488932048145e+05
9.330000000000000000e+02 1.514302436785022437e+05
9.340000000000000000e+02 1.525774515804903349e+05
9.350000000000000000e+02 1.537308906040398870e+05
9.360000000000000000e+02 1.548905787343689590e+05
9.370000000000000000e+02 1.560565339368346322e+05
9.380000000000000000e+02 1.572287741567260528e+05
9.390000000000000000e+02 1.584073173190590751e+05
9.400000000000000000e+02 1.595921813283714291e+05
9.410000000000000000e+02 1.607833840685194300e+05
9.420000000000000000e+02 1.619809434024759976e+05
9.430000000000000000e+02 1.631848771721294906e+05
9.440000000000000000e+02 1.643952031980839092e+05
9.450000000000000000e+02 1.656119392794604064e+05
9.460000000000000000e+02 1.668351031936997606e+05
9.470000000000000000e+02 1.680647126963660994e+05
9.480000000000000000e+02 1.693007855209519039e+05
9.490000000000000000e+02 1.705433393786840315e+05
9.500000000000000000e+02 1.717923919583311072e+05
9.510000000000000000e+02 1.730479609260117868e+05
9.520000000000000000e+02 1.743100639250047388e+05
9.530000000000000000e+02 1.755787185755591781e+05
9.540000000000000000e+02 1.768539424747070880e+05
9.550000000000000000e+02 1.781357531960762572e+05
9.560000000000000000e+02 1.794241682897049177e+05
9.570000000000000000e+02 1.807192052818568191e+05
9.580000000000000000e+02 1.820208816748386889e+05
9.590000000000000000e+02 1.833292149468174903e+05
9.600000000000000000e+02 1.846442225516399485e+05
9.610000000000000000e+02 1.859659219186527480e+05
9.620000000000000000e+02 1.872943304525236890e+05
9.630000000000000000e+02 1.886294655330650858e+05
9.640000000000000000e+02 1.899713445150566404e+05
9.650000000000000000e+02 1.913199847280711401e+05
9.660000000000000000e+02 1.926754034763005038e+05
9.670000000000000000e+02 1.940376180383829633e+05
9.680000000000000000e+02 1.954066456672316126e+05
9.690000000000000000e+02 1.967825035898644710e+05
9.700000000000000000e+02 1.981652090072348365e+05
9.710000000000000000e+02 1.995547790940637642e+05
9.720000000000000000e+02 2.009512309986731561e+05
9.730000000000000000e+02 2.023545818428199855e+05
9.740000000000000000e+02 2.037648487215322093e+05
9.750000000000000000e+02 2.051820487029453507e+05
9.760000000000000000e+02 2.066061988281401864e+05
9.770000000000000000e+02 2.080373161109822104e+05
9.780000000000000000e+02 2.094754175379615917e+05
9.790000000000000000e+02 2.109205200680346752e+05
9.800000000000000000e+02 2.123726406324666459e+05
9.810000000000000000e+02 2.138317961346750380e+05
9.820000000000000000e+02 2.152980034500746988e+05
9.830000000000000000e+02 2.167712794259240036e+05
9.840000000000000000e+02 2.182516408811718575e+05
9.850000000000000000e+02 2.197391046063060930e+05
9.860000000000000000e+02 2.212336873632030329e+05
9.870000000000000000e+02 2.227354058849780122e+05
9.880000000000000000e+02 2.242442768758376187e+05
9.890000000000000000e+02 2.257603170109318453e+05
9.900000000000000000e+02 2.272835429362091527e+05
9.910000000000000000e+02 2.288139712682709796e+05
9.920000000000000000e+02 2.303516185942284064e+05
9.930000000000000000e+02 2.318965014715598372e+05
9.940000000000000000e+02 2.334486364279695263e+05
9.950000000000000000e+02 2.350080399612471520e+05
9.960000000000000000e+02 2.365747285391292826e+05
9.970000000000000000e+02 2.381487185991610459e+05
9.980000000000000000e+02 2.397300265485595446e+05
9.990000000000000000e+02 2.413186687640780583e+05
