# BB temperature (K); Intensity through filter (ph/s/m^2/mas^2)
1.000000000000000000e+01 0.000000000000000000e+00
1.100000000000000000e+01 0.000000000000000000e+00
1.200000000000000000e+01 0.000000000000000000e+00
1.300000000000000000e+01 0.000000000000000000e+00
1.400000000000000000e+01 0.000000000000000000e+00
1.500000000000000000e+01 0.000000000000000000e+00
1.600000000000000000e+01 0.000000000000000000e+00
1.700000000000000000e+01 0.000000000000000000e+00
1.800000000000000000e+01 0.000000000000000000e+00
1.900000000000000000e+01 0.000000000000000000e+00
2.000000000000000000e+01 0.000000000000000000e+00
2.100000000000000000e+01 1.096200194811729061e-107
2.200000000000000000e+01 1.160013248581537495e-102
2.300000000000000000e+01 4.492710939525398914e-98
2.400000000000000000e+01 7.220440510182545719e-94
2.500000000000000000e+01 5.351099266187394258e-90
2.600000000000000000e+01 1.999470647909463292e-86
2.700000000000000000e+01 4.064499083619077568e-83
2.800000000000000000e+01 4.797664408946527933e-80
2.900000000000000000e+01 3.478491659174346457e-77
3.000000000000000000e+01 1.626464921645195978e-74
3.100000000000000000e+01 5.117017757894556681e-72
3.200000000000000000e+01 1.124167891341626850e-69
3.300000000000000000e+01 1.781793704678254519e-67
3.400000000000000000e+01 2.097003906476013249e-65
3.500000000000000000e+01 1.879887345398960933e-63
3.600000000000000000e+01 1.313107541802222896e-61
3.700000000000000000e+01 7.292658527502422171e-60
3.800000000000000000e+01 3.279033429166879501e-58
3.900000000000000000e+01 1.213198675666399818e-56
4.000000000000000000e+01 3.747925817456399834e-55
4.100000000000000000e+01 9.796048662502852096e-54
4.200000000000000000e+01 2.192271805443355947e-52
4.300000000000000000e+01 4.246411798934012832e-51
4.400000000000000000e+01 7.189648067441790956e-50
4.500000000000000000e+01 1.073605753246916317e-48
4.600000000000000000e+01 1.425571839833762376e-47
4.700000000000000000e+01 1.695873340002466779e-46
4.800000000000000000e+01 1.819867331567800357e-45
4.900000000000000000e+01 1.772828467083341433e-44
5.000000000000000000e+01 1.576863269424018035e-43
5.100000000000000000e+01 1.287489852754067310e-42
5.200000000000000000e+01 9.697496382579911889e-42
5.300000000000000000e+01 6.768981655948098315e-41
5.400000000000000000e+01 4.397137751856887891e-40
5.500000000000000000e+01 2.668711000305851708e-39
5.600000000000000000e+01 1.518790873376271950e-38
5.700000000000000000e+01 8.132587471903265910e-38
5.800000000000000000e+01 4.110190198937106167e-37
5.900000000000000000e+01 1.966404576105873594e-36
6.000000000000000000e+01 8.930011018107569928e-36
6.100000000000000000e+01 3.859327478068410167e-35
6.200000000000000000e+01 1.591081439494706034e-34
6.300000000000000000e+01 6.271463638893625564e-34
6.400000000000000000e+01 2.368398753971599172e-33
6.500000000000000000e+01 8.586331420480921347e-33
6.600000000000000000e+01 2.993869909613687357e-32
6.700000000000000000e+01 1.005745577144254087e-31
6.800000000000000000e+01 3.260514998750431747e-31
6.900000000000000000e+01 1.021642058111125636e-30
7.000000000000000000e+01 3.098554060537024952e-30
7.100000000000000000e+01 9.108875119098756689e-30
7.200000000000000000e+01 2.598843882565626375e-29
7.300000000000000000e+01 7.205081734449837146e-29
7.400000000000000000e+01 1.943325673244115751e-28
7.500000000000000000e+01 5.104791345109182373e-28
7.600000000000000000e+01 1.307340674706692229e-27
7.700000000000000000e+01 3.267435773721463196e-27
7.800000000000000000e+01 7.977007386596389705e-27
7.900000000000000000e+01 1.904031425861276444e-26
8.000000000000000000e+01 4.447097288223465081e-26
8.100000000000000000e+01 1.017177256262439205e-25
8.200000000000000000e+01 2.280164678882380785e-25
8.300000000000000000e+01 5.013042934123905477e-25
8.400000000000000000e+01 1.081691214207495527e-24
8.500000000000000000e+01 2.292232783466414000e-24
8.600000000000000000e+01 4.773547084296344739e-24
8.700000000000000000e+01 9.774886876959221269e-24
8.800000000000000000e+01 1.969334168362285682e-23
8.900000000000000000e+01 3.905729449179735991e-23
9.000000000000000000e+01 7.629345972864544625e-23
9.100000000000000000e+01 1.468561830231275530e-22
9.200000000000000000e+01 2.786922235235163138e-22
9.300000000000000000e+01 5.216559065701763780e-22
9.400000000000000000e+01 9.635196706317473149e-22
9.500000000000000000e+01 1.756858220520960436e-21
9.600000000000000000e+01 3.163642593094713757e-21
9.700000000000000000e+01 5.628340574733930536e-21
9.800000000000000000e+01 9.896381446998281975e-21
9.900000000000000000e+01 1.720401992156166082e-20
1.000000000000000000e+02 2.957938088808894401e-20
1.010000000000000000e+02 5.031484851590481041e-20
1.020000000000000000e+02 8.470088382070644836e-20
1.030000000000000000e+02 1.411548568866681568e-19
1.040000000000000000e+02 2.329411406152910474e-19
1.050000000000000000e+02 3.807681565469235773e-19
1.060000000000000000e+02 6.166746223299981193e-19
1.070000000000000000e+02 9.897948085114846471e-19
1.080000000000000000e+02 1.574839672125665322e-18
1.090000000000000000e+02 2.484471757901579490e-18
1.100000000000000000e+02 3.887218835069485152e-18
1.110000000000000000e+02 6.033206150267448877e-18
1.120000000000000000e+02 9.290843927671263355e-18
1.130000000000000000e+02 1.419875464007172637e-17
1.140000000000000000e+02 2.153875193677823426e-17
1.150000000000000000e+02 3.243770176489581538e-17
1.160000000000000000e+02 4.850874679524127124e-17
1.170000000000000000e+02 7.204583351980140765e-17
1.180000000000000000e+02 1.062899656179443086e-16
1.190000000000000000e+02 1.557913868902860142e-16
1.200000000000000000e+02 2.268993029956608078e-16
1.210000000000000000e+02 3.284201870430678373e-16
1.220000000000000000e+02 4.724976696371286296e-16
1.230000000000000000e+02 6.757820805012585173e-16
1.240000000000000000e+02 9.609765961779510747e-16
1.250000000000000000e+02 1.358870504434888879e-15
1.260000000000000000e+02 1.910999328582564681e-15
1.270000000000000000e+02 2.673107655659396398e-15
1.280000000000000000e+02 3.719634883988388407e-15
1.290000000000000000e+02 5.149498391086739567e-15
1.300000000000000000e+02 7.093514738409094254e-15
1.310000000000000000e+02 9.723879699357045826e-15
1.320000000000000000e+02 1.326622469251855636e-14
1.330000000000000000e+02 1.801488358239206758e-14
1.340000000000000000e+02 2.435214316649872523e-14
1.350000000000000000e+02 3.277241687211947749e-14
1.360000000000000000e+02 4.391247863915647520e-14
1.370000000000000000e+02 5.858912765192667322e-14
1.380000000000000000e+02 7.784593012456090184e-14
1.390000000000000000e+02 1.030110080609336258e-13
1.400000000000000000e+02 1.357682238758858533e-13
1.410000000000000000e+02 1.782445518733375337e-13
1.420000000000000000e+02 2.331169416037177089e-13
1.430000000000000000e+02 3.037425737889610325e-13
1.440000000000000000e+02 3.943170975401865694e-13
1.450000000000000000e+02 5.100662298094701250e-13
1.460000000000000000e+02 6.574770073623683246e-13
1.470000000000000000e+02 8.445760221866939612e-13
1.480000000000000000e+02 1.081263158587788292e-12
1.490000000000000000e+02 1.379710701011062888e-12
1.500000000000000000e+02 1.754839214014623008e-12
1.510000000000000000e+02 2.224883329362898718e-12
1.520000000000000000e+02 2.812062530990929781e-12
1.530000000000000000e+02 3.543374229196789384e-12
1.540000000000000000e+02 4.451528885029680717e-12
1.550000000000000000e+02 5.576049710233697677e-12
1.560000000000000000e+02 6.964562554696738606e-12
1.570000000000000000e+02 8.674305031208588646e-12
1.580000000000000000e+02 1.077388774718342796e-11
1.590000000000000000e+02 1.334534474724868952e-11
1.600000000000000000e+02 1.648651495330234959e-11
1.610000000000000000e+02 2.031380155549462257e-11
1.620000000000000000e+02 2.496536199591561165e-11
1.630000000000000000e+02 3.060478743546047738e-11
1.640000000000000000e+02 3.742533744382445240e-11
1.650000000000000000e+02 4.565480314474680282e-11
1.660000000000000000e+02 5.556108022676673410e-11
1.670000000000000000e+02 6.745854213849082128e-11
1.680000000000000000e+02 8.171531347252610300e-11
1.690000000000000000e+02 9.876155405076774042e-11
1.700000000000000000e+02 1.190988756035791505e-10
1.710000000000000000e+02 1.433110252354040584e-10
1.720000000000000000e+02 1.720759831390464531e-10
1.730000000000000000e+02 2.061796363103934008e-10
1.740000000000000000e+02 2.465312053752901039e-10
1.750000000000000000e+02 2.941806181214307798e-10
1.760000000000000000e+02 3.503380409813955727e-10
1.770000000000000000e+02 4.163957985891207680e-10
1.780000000000000000e+02 4.939529316816074777e-10
1.790000000000000000e+02 5.848426650905619052e-10
1.800000000000000000e+02 6.911630804141255844e-10
1.810000000000000000e+02 8.153113122252743500e-10
1.820000000000000000e+02 9.600216124080349455e-10
1.830000000000000000e+02 1.128407654461184714e-09
1.840000000000000000e+02 1.324009478415874082e-09
1.850000000000000000e+02 1.550845507421082390e-09
1.860000000000000000e+02 1.813470099099315472e-09
1.870000000000000000e+02 2.117037128502899661e-09
1.880000000000000000e+02 2.467370134943967832e-09
1.890000000000000000e+02 2.871039602162196272e-09
1.900000000000000000e+02 3.335447980263327770e-09
1.910000000000000000e+02 3.868923098635725298e-09
1.920000000000000000e+02 4.480820661655408730e-09
1.930000000000000000e+02 5.181636563442167658e-09
1.940000000000000000e+02 5.983129804247357932e-09
1.950000000000000000e+02 6.898456839250359468e-09
1.960000000000000000e+02 7.942318240623825650e-09
1.970000000000000000e+02 9.131118605702962580e-09
1.980000000000000000e+02 1.048314069796049404e-08
1.990000000000000000e+02 1.201873486324288596e-08
2.000000000000000000e+02 1.376052482135594788e-08
2.010000000000000000e+02 1.573363099258547258e-08
2.020000000000000000e+02 1.796591258008261463e-08
2.030000000000000000e+02 2.048822969221166439e-08
2.040000000000000000e+02 2.333472685392097833e-08
2.050000000000000000e+02 2.654313932292405460e-08
2.060000000000000000e+02 3.015512369492777721e-08
2.070000000000000000e+02 3.421661435227771123e-08
2.080000000000000000e+02 3.877820738215569735e-08
2.090000000000000000e+02 4.389557366381247896e-08
2.100000000000000000e+02 4.962990289918780678e-08
2.110000000000000000e+02 5.604838043760158140e-08
2.120000000000000000e+02 6.322469882292222228e-08
2.130000000000000000e+02 7.123960607066431403e-08
2.140000000000000000e+02 8.018149276275430037e-08
2.150000000000000000e+02 9.014702012915595396e-08
2.160000000000000000e+02 1.012417913680739689e-07
2.170000000000000000e+02 1.135810685399701614e-07
2.180000000000000000e+02 1.272905374550339734e-07
2.190000000000000000e+02 1.425071230589543034e-07
2.200000000000000000e+02 1.593798579077332068e-07
2.210000000000000000e+02 1.780708064087706272e-07
2.220000000000000000e+02 1.987560475924098354e-07
2.230000000000000000e+02 2.216267192654697504e-07
2.240000000000000000e+02 2.468901264858725408e-07
2.250000000000000000e+02 2.747709173851990945e-07
2.260000000000000000e+02 3.055123294537440805e-07
2.270000000000000000e+02 3.393775094902690513e-07
2.280000000000000000e+02 3.766509105060675040e-07
2.290000000000000000e+02 4.176397689599912279e-07
2.300000000000000000e+02 4.626756657876654228e-07
2.310000000000000000e+02 5.121161747740723355e-07
2.320000000000000000e+02 5.663466019039025714e-07
2.330000000000000000e+02 6.257818194084324216e-07
2.340000000000000000e+02 6.908681983110253826e-07
2.350000000000000000e+02 7.620856433555990303e-07
2.360000000000000000e+02 8.399497342833515677e-07
2.370000000000000000e+02 9.250139775026455733e-07
2.380000000000000000e+02 1.017872172274989973e-06
2.390000000000000000e+02 1.119160895616517525e-06
2.400000000000000000e+02 1.229562110188983464e-06
2.410000000000000000e+02 1.349805899527108697e-06
2.420000000000000000e+02 1.480673335019824605e-06
2.430000000000000000e+02 1.622999479131586440e-06
2.440000000000000000e+02 1.777676529416327946e-06
2.450000000000000000e+02 1.945657107940557462e-06
2.460000000000000000e+02 2.127957700793672915e-06
2.470000000000000000e+02 2.325662252422469856e-06
2.480000000000000000e+02 2.539925919582996392e-06
2.490000000000000000e+02 2.771978989756436218e-06
2.500000000000000000e+02 3.023130968926078919e-06
2.510000000000000000e+02 3.294774843660097117e-06
2.520000000000000000e+02 3.588391522489158326e-06
2.530000000000000000e+02 3.905554461609286269e-06
2.540000000000000000e+02 4.247934479978213625e-06
2.550000000000000000e+02 4.617304768908321886e-06
2.560000000000000000e+02 5.015546101290321317e-06
2.570000000000000000e+02 5.444652245609712981e-06
2.580000000000000000e+02 5.906735589942228390e-06
2.590000000000000000e+02 6.404032981135035798e-06
2.600000000000000000e+02 6.938911784397443252e-06
2.610000000000000000e+02 7.513876168538168435e-06
2.620000000000000000e+02 8.131573622095448356e-06
2.630000000000000000e+02 8.794801705612235199e-06
2.640000000000000000e+02 9.506515045310357743e-06
2.650000000000000000e+02 1.026983257341559482e-05
2.660000000000000000e+02 1.108804502037960863e-05
2.670000000000000000e+02 1.196462266423506924e-05
2.680000000000000000e+02 1.290322334230634106e-05
2.690000000000000000e+02 1.390770073048055202e-05
2.700000000000000000e+02 1.498211289522238423e-05
2.710000000000000000e+02 1.613073112349028122e-05
2.720000000000000000e+02 1.735804903568237713e-05
2.730000000000000000e+02 1.866879198670722532e-05
2.740000000000000000e+02 2.006792676023724656e-05
2.750000000000000000e+02 2.156067156116129853e-05
2.760000000000000000e+02 2.315250631120880078e-05
2.770000000000000000e+02 2.484918325266801661e-05
2.780000000000000000e+02 2.665673786506978844e-05
2.790000000000000000e+02 2.858150009965086213e-05
2.800000000000000000e+02 3.063010593635184347e-05
2.810000000000000000e+02 3.280950926804094983e-05
2.820000000000000000e+02 3.512699411658807587e-05
2.830000000000000000e+02 3.759018718534258850e-05
2.840000000000000000e+02 4.020707075249535734e-05
2.850000000000000000e+02 4.298599590972704401e-05
2.860000000000000000e+02 4.593569615046492398e-05
2.870000000000000000e+02 4.906530131198669209e-05
2.880000000000000000e+02 5.238435187552206566e-05
2.890000000000000000e+02 5.590281362841420949e-05
2.900000000000000000e+02 5.963109269230897308e-05
2.910000000000000000e+02 6.358005092124478471e-05
2.920000000000000000e+02 6.776102167341733725e-05
2.930000000000000000e+02 7.218582596029234945e-05
2.940000000000000000e+02 7.686678897663512869e-05
2.950000000000000000e+02 8.181675701491999215e-05
2.960000000000000000e+02 8.704911476747441347e-05
2.970000000000000000e+02 9.257780301960066231e-05
2.980000000000000000e+02 9.841733673680624819e-05
2.990000000000000000e+02 1.045828235491581723e-04
3.000000000000000000e+02 1.110899826356601843e-04
3.010000000000000000e+02 1.179551640114328171e-04
3.020000000000000000e+02 1.251953682203557465e-04
3.030000000000000000e+02 1.328282664357110414e-04
3.040000000000000000e+02 1.408722209712404941e-04
3.050000000000000000e+02 1.493463062049087218e-04
3.060000000000000000e+02 1.582703299175349291e-04
3.070000000000000000e+02 1.676648550483311967e-04
3.080000000000000000e+02 1.775512218692574173e-04
3.090000000000000000e+02 1.879515705799738158e-04
3.100000000000000000e+02 1.988888643250432157e-04
3.110000000000000000e+02 2.103869126349060031e-04
3.120000000000000000e+02 2.224703952920206089e-04
3.130000000000000000e+02 2.351648866234315471e-04
3.140000000000000000e+02 2.484968802208979200e-04
3.150000000000000000e+02 2.624938140895825660e-04
3.160000000000000000e+02 2.771840962261778313e-04
3.170000000000000000e+02 2.925971306272034619e-04
3.180000000000000000e+02 3.087633437280977271e-04
3.190000000000000000e+02 3.257142112735783904e-04
3.200000000000000000e+02 3.434822856196341066e-04
3.210000000000000000e+02 3.621012234673752820e-04
3.220000000000000000e+02 3.816058140288444158e-04
3.230000000000000000e+02 4.020320076247690098e-04
3.240000000000000000e+02 4.234169447141078045e-04
3.250000000000000000e+02 4.457989853551233041e-04
3.260000000000000000e+02 4.692177390975973235e-04
3.270000000000000000e+02 4.937140953056750508e-04
3.280000000000000000e+02 5.193302539107237485e-04
3.290000000000000000e+02 5.461097565934594587e-04
3.300000000000000000e+02 5.740975183944983101e-04
3.310000000000000000e+02 6.033398597523633149e-04
3.320000000000000000e+02 6.338845389678912905e-04
3.330000000000000000e+02 6.657807850938502131e-04
3.340000000000000000e+02 6.990793312485045572e-04
3.350000000000000000e+02 7.338324483517470222e-04
3.360000000000000000e+02 7.700939792823287451e-04
3.370000000000000000e+02 8.079193734546228451e-04
3.380000000000000000e+02 8.473657218132697342e-04
3.390000000000000000e+02 8.884917922439606892e-04
3.400000000000000000e+02 9.313580653985474404e-04
3.410000000000000000e+02 9.760267709325740277e-04
3.420000000000000000e+02 1.022561924153257782e-03
3.430000000000000000e+02 1.071029363075876907e-03
3.440000000000000000e+02 1.121496785886468136e-03
3.450000000000000000e+02 1.174033788808647848e-03
3.460000000000000000e+02 1.228711904372353000e-03
3.470000000000000000e+02 1.285604640082221037e-03
3.480000000000000000e+02 1.344787517483278516e-03
3.490000000000000000e+02 1.406338111621606738e-03
3.500000000000000000e+02 1.470336090897559267e-03
3.510000000000000000e+02 1.536863257309139781e-03
3.520000000000000000e+02 1.606003587083075024e-03
3.530000000000000000e+02 1.677843271691127538e-03
3.540000000000000000e+02 1.752470759249190758e-03
3.550000000000000000e+02 1.829976796296669747e-03
3.560000000000000000e+02 1.910454469953704005e-03
3.570000000000000000e+02 1.993999250453747790e-03
3.580000000000000000e+02 2.080709034049089533e-03
3.590000000000000000e+02 2.170684186286875230e-03
3.600000000000000000e+02 2.264027585653275061e-03
3.610000000000000000e+02 2.360844667583423401e-03
3.620000000000000000e+02 2.461243468834877282e-03
3.630000000000000000e+02 2.565334672222324957e-03
3.640000000000000000e+02 2.673231651711416041e-03
3.650000000000000000e+02 2.785050517869574332e-03
3.660000000000000000e+02 2.900910163671855616e-03
3.670000000000000000e+02 3.020932310659878509e-03
3.680000000000000000e+02 3.145241555452064994e-03
3.690000000000000000e+02 3.273965416603496700e-03
3.700000000000000000e+02 3.407234381813812208e-03
3.710000000000000000e+02 3.545181955481730308e-03
3.720000000000000000e+02 3.687944706604937613e-03
3.730000000000000000e+02 3.835662317024203863e-03
3.740000000000000000e+02 3.988477630010784682e-03
3.750000000000000000e+02 4.146536699196369351e-03
3.760000000000000000e+02 4.309988837844999816e-03
3.770000000000000000e+02 4.478986668466592748e-03
3.780000000000000000e+02 4.653686172771968367e-03
3.790000000000000000e+02 4.834246741969486227e-03
3.800000000000000000e+02 5.020831227403592389e-03
3.810000000000000000e+02 5.213605991536018718e-03
3.820000000000000000e+02 5.412740959270411455e-03
3.830000000000000000e+02 5.618409669621673638e-03
3.840000000000000000e+02 5.830789327731515821e-03
3.850000000000000000e+02 6.050060857232046965e-03
3.860000000000000000e+02 6.276408952959608607e-03
3.870000000000000000e+02 6.510022134021380656e-03
3.880000000000000000e+02 6.751092797217737342e-03
3.890000000000000000e+02 6.999817270823608523e-03
3.900000000000000000e+02 7.256395868732664484e-03
3.910000000000000000e+02 7.521032944968475409e-03
3.920000000000000000e+02 7.793936948567275515e-03
3.930000000000000000e+02 8.075320478837470090e-03
3.940000000000000000e+02 8.365400341001484261e-03
3.950000000000000000e+02 8.664397602226096146e-03
3.960000000000000000e+02 8.972537648047902714e-03
3.970000000000000000e+02 9.290050239201199864e-03
3.980000000000000000e+02 9.617169568856043932e-03
3.990000000000000000e+02 9.954134320274952291e-03
4.000000000000000000e+02 1.030118772489735206e-02
4.010000000000000000e+02 1.065857762086137167e-02
4.020000000000000000e+02 1.102655651197358318e-02
4.030000000000000000e+02 1.140538162713758581e-02
4.040000000000000000e+02 1.179531498025349762e-02
4.050000000000000000e+02 1.219662343060085377e-02
4.060000000000000000e+02 1.260957874371832627e-02
4.070000000000000000e+02 1.303445765279457984e-02
4.080000000000000000e+02 1.347154192058529036e-02
4.090000000000000000e+02 1.392111840187231810e-02
4.100000000000000000e+02 1.438347910648186435e-02
4.110000000000000000e+02 1.485892126287958505e-02
4.120000000000000000e+02 1.534774738236127645e-02
4.130000000000000000e+02 1.585026532385901132e-02
4.140000000000000000e+02 1.636678835938373822e-02
4.150000000000000000e+02 1.689763524012594109e-02
4.160000000000000000e+02 1.744313026323780422e-02
4.170000000000000000e+02 1.800360333932066875e-02
4.180000000000000000e+02 1.857939006064351223e-02
4.190000000000000000e+02 1.917083177011879441e-02
4.200000000000000000e+02 1.977827563106373393e-02
4.210000000000000000e+02 2.040207469777597163e-02
4.220000000000000000e+02 2.104258798695427327e-02
4.230000000000000000e+02 2.170018054999614532e-02
4.240000000000000000e+02 2.237522354620555959e-02
4.250000000000000000e+02 2.306809431694570311e-02
4.260000000000000000e+02 2.377917646077285299e-02
4.270000000000000000e+02 2.450885990958940469e-02
4.280000000000000000e+02 2.525754100585531764e-02
4.290000000000000000e+02 2.602562258089909444e-02
4.300000000000000000e+02 2.681351403437110328e-02
4.310000000000000000e+02 2.762163141488358994e-02
4.320000000000000000e+02 2.845039750188388047e-02
4.330000000000000000e+02 2.930024188880853836e-02
4.340000000000000000e+02 3.017160106756885257e-02
4.350000000000000000e+02 3.106491851441921248e-02
4.360000000000000000e+02 3.198064477726258320e-02
4.370000000000000000e+02 3.291923756444870702e-02
4.380000000000000000e+02 3.388116183512328988e-02
4.390000000000000000e+02 3.486688989118826715e-02
4.400000000000000000e+02 3.587690147093543919e-02
4.410000000000000000e+02 3.691168384441816802e-02
4.420000000000000000e+02 3.797173191062799824e-02
4.430000000000000000e+02 3.905754829654554949e-02
4.440000000000000000e+02 4.016964345813735238e-02
4.450000000000000000e+02 4.130853578337276288e-02
4.460000000000000000e+02 4.247475169733779671e-02
4.470000000000000000e+02 4.366882576952507006e-02
4.480000000000000000e+02 4.489130082338198963e-02
4.490000000000000000e+02 4.614272804820181845e-02
4.500000000000000000e+02 4.742366711344514485e-02
4.510000000000000000e+02 4.873468628558202259e-02
4.520000000000000000e+02 5.007636254754814498e-02
4.530000000000000000e+02 5.144928172091137869e-02
4.540000000000000000e+02 5.285403859084768230e-02
4.550000000000000000e+02 5.429123703402895934e-02
4.560000000000000000e+02 5.576149014952847677e-02
4.570000000000000000e+02 5.726542039285261593e-02
4.580000000000000000e+02 5.880365971321109553e-02
4.590000000000000000e+02 6.037684969414072039e-02
4.600000000000000000e+02 6.198564169760287235e-02
4.610000000000000000e+02 6.363069701167552161e-02
4.620000000000000000e+02 6.531268700196729560e-02
4.630000000000000000e+02 6.703229326688249501e-02
4.640000000000000000e+02 6.879020779687085307e-02
4.650000000000000000e+02 7.058713313779925447e-02
4.660000000000000000e+02 7.242378255858647473e-02
4.670000000000000000e+02 7.430088022324646269e-02
4.680000000000000000e+02 7.621916136748860260e-02
4.690000000000000000e+02 7.817937248002897188e-02
4.700000000000000000e+02 8.018227148876935773e-02
4.710000000000000000e+02 8.222862795200630570e-02
4.720000000000000000e+02 8.431922325483591496e-02
4.730000000000000000e+02 8.645485081092463275e-02
4.740000000000000000e+02 8.863631626982126921e-02
4.750000000000000000e+02 9.086443772998975543e-02
4.760000000000000000e+02 9.314004595774641460e-02
4.770000000000000000e+02 9.546398461229076149e-02
4.780000000000000000e+02 9.783711047702368935e-02
4.790000000000000000e+02 1.002602936973508163e-01
4.800000000000000000e+02 1.027344180251755917e-01
4.810000000000000000e+02 1.052603810702897186e-01
4.820000000000000000e+02 1.078390945588744432e-01
4.830000000000000000e+02 1.104714845993323286e-01
4.840000000000000000e+02 1.131584919556729851e-01
4.850000000000000000e+02 1.159010723286819089e-01
4.860000000000000000e+02 1.187001966451081830e-01
4.870000000000000000e+02 1.215568513551103930e-01
4.880000000000000000e+02 1.244720387382074051e-01
4.890000000000000000e+02 1.274467772179851410e-01
4.900000000000000000e+02 1.304821016858171978e-01
4.910000000000000000e+02 1.335790638338620884e-01
4.920000000000000000e+02 1.367387324976063745e-01
4.930000000000000000e+02 1.399621940082289850e-01
4.940000000000000000e+02 1.432505525550669956e-01
4.950000000000000000e+02 1.466049305584719853e-01
4.960000000000000000e+02 1.500264690533484047e-01
4.970000000000000000e+02 1.535163280836750743e-01
4.980000000000000000e+02 1.570756871083161532e-01
4.990000000000000000e+02 1.607057454184330769e-01
5.000000000000000000e+02 1.644077225668184039e-01
5.010000000000000000e+02 1.681828588094755328e-01
5.020000000000000000e+02 1.720324155597788285e-01
5.030000000000000000e+02 1.759576758555514431e-01
5.040000000000000000e+02 1.799599448394090806e-01
5.050000000000000000e+02 1.840405502527211468e-01
5.060000000000000000e+02 1.882008429435495511e-01
5.070000000000000000e+02 1.924421973889340887e-01
5.080000000000000000e+02 1.967660122318959925e-01
5.090000000000000000e+02 2.011737108335437396e-01
5.100000000000000000e+02 2.056667418406682157e-01
5.110000000000000000e+02 2.102465797692240068e-01
5.120000000000000000e+02 2.149147256041013532e-01
5.130000000000000000e+02 2.196727074155976900e-01
5.140000000000000000e+02 2.245220809930107142e-01
5.150000000000000000e+02 2.294644304957761671e-01
5.160000000000000000e+02 2.345013691225862895e-01
5.170000000000000000e+02 2.396345397989308457e-01
5.180000000000000000e+02 2.448656158835095520e-01
5.190000000000000000e+02 2.501963018939741268e-01
5.200000000000000000e+02 2.556283342524658386e-01
5.210000000000000000e+02 2.611634820514215360e-01
5.220000000000000000e+02 2.668035478401306615e-01
5.230000000000000000e+02 2.725503684325326081e-01
5.240000000000000000e+02 2.784058157367533259e-01
5.250000000000000000e+02 2.843717976068864672e-01
5.260000000000000000e+02 2.904502587175358808e-01
5.270000000000000000e+02 2.966431814616398710e-01
5.280000000000000000e+02 3.029525868721115733e-01
5.290000000000000000e+02 3.093805355678344027e-01
5.300000000000000000e+02 3.159291287245603597e-01
5.310000000000000000e+02 3.226005090712715240e-01
5.320000000000000000e+02 3.293968619125668407e-01
5.330000000000000000e+02 3.363204161776522372e-01
5.340000000000000000e+02 3.433734454965155503e-01
5.350000000000000000e+02 3.505582693038793440e-01
5.360000000000000000e+02 3.578772539715335266e-01
5.370000000000000000e+02 3.653328139696549459e-01
5.380000000000000000e+02 3.729274130577366342e-01
5.390000000000000000e+02 3.806635655057528100e-01
5.400000000000000000e+02 3.885438373461949091e-01
5.410000000000000000e+02 3.965708476576286223e-01
5.420000000000000000e+02 4.047472698804223112e-01
5.430000000000000000e+02 4.130758331653153204e-01
5.440000000000000000e+02 4.215593237554968176e-01
5.450000000000000000e+02 4.302005864028770610e-01
5.460000000000000000e+02 4.390025258192460367e-01
5.470000000000000000e+02 4.479681081630167983e-01
5.480000000000000000e+02 4.571003625622652167e-01
5.490000000000000000e+02 4.664023826747857870e-01
5.500000000000000000e+02 4.758773282858917431e-01
5.510000000000000000e+02 4.855284269446976109e-01
5.520000000000000000e+02 4.953589756396299393e-01
5.530000000000000000e+02 5.053723425139267089e-01
5.540000000000000000e+02 5.155719686218861453e-01
5.550000000000000000e+02 5.259613697266450894e-01
5.560000000000000000e+02 5.365441381402694665e-01
5.570000000000000000e+02 5.473239446069477765e-01
5.580000000000000000e+02 5.583045402300998994e-01
5.590000000000000000e+02 5.694897584442020211e-01
5.600000000000000000e+02 5.808835170321605679e-01
5.610000000000000000e+02 5.924898201890607119e-01
5.620000000000000000e+02 6.043127606331314405e-01
5.630000000000000000e+02 6.163565217647783978e-01
5.640000000000000000e+02 6.286253798745430332e-01
5.650000000000000000e+02 6.411237064008581399e-01
5.660000000000000000e+02 6.538559702384775241e-01
5.670000000000000000e+02 6.668267400984658755e-01
5.680000000000000000e+02 6.800406869206481186e-01
5.690000000000000000e+02 6.935025863394241874e-01
5.700000000000000000e+02 7.072173212038621593e-01
5.710000000000000000e+02 7.211898841529961190e-01
5.720000000000000000e+02 7.354253802472637824e-01
5.730000000000000000e+02 7.499290296570244596e-01
5.740000000000000000e+02 7.647061704091101531e-01
5.750000000000000000e+02 7.797622611923713531e-01
5.760000000000000000e+02 7.951028842231894211e-01
5.770000000000000000e+02 8.107337481719310013e-01
5.780000000000000000e+02 8.266606911513365574e-01
5.790000000000000000e+02 8.428896837678376830e-01
5.800000000000000000e+02 8.594268322368108226e-01
5.810000000000000000e+02 8.762783815627822603e-01
5.820000000000000000e+02 8.934507187856080002e-01
5.830000000000000000e+02 9.109503762936597138e-01
5.840000000000000000e+02 9.287840352050600323e-01
5.850000000000000000e+02 9.469585288180180083e-01
5.860000000000000000e+02 9.654808461313173495e-01
5.870000000000000000e+02 9.843581354360343427e-01
5.880000000000000000e+02 1.003597707979549725e+00
5.890000000000000000e+02 1.023207041702947739e+00
5.900000000000000000e+02 1.043193785052887401e+00
5.910000000000000000e+02 1.063565760869054966e+00
5.920000000000000000e+02 1.084330970348292178e+00
5.930000000000000000e+02 1.105497597086536388e+00
5.940000000000000000e+02 1.127074011199678871e+00
5.950000000000000000e+02 1.149068773524483555e+00
5.960000000000000000e+02 1.171490639900706121e+00
5.970000000000000000e+02 1.194348565535562345e+00
5.980000000000000000e+02 1.217651709451695208e+00
5.990000000000000000e+02 1.241409439019813821e+00
6.000000000000000000e+02 1.265631334577168809e+00
6.010000000000000000e+02 1.290327194133045641e+00
6.020000000000000000e+02 1.315507038162459175e+00
6.030000000000000000e+02 1.341181114489246262e+00
6.040000000000000000e+02 1.367359903259755871e+00
6.050000000000000000e+02 1.394054122008336893e+00
6.060000000000000000e+02 1.421274730815853093e+00
6.070000000000000000e+02 1.449032937562428902e+00
6.080000000000000000e+02 1.477340203275667507e+00
6.090000000000000000e+02 1.506208247575567150e+00
6.100000000000000000e+02 1.535649054217379295e+00
6.110000000000000000e+02 1.565674876733659682e+00
6.120000000000000000e+02 1.596298244176758363e+00
6.130000000000000000e+02 1.627531966963014165e+00
6.140000000000000000e+02 1.659389142819915453e+00
6.150000000000000000e+02 1.691883162837503951e+00
6.160000000000000000e+02 1.725027717625291279e+00
6.170000000000000000e+02 1.758836803575980934e+00
6.180000000000000000e+02 1.793324729237270487e+00
6.190000000000000000e+02 1.828506121793046724e+00
6.200000000000000000e+02 1.864395933655254023e+00
6.210000000000000000e+02 1.901009449167751164e+00
6.220000000000000000e+02 1.938362291423463279e+00
6.230000000000000000e+02 1.976470429196146350e+00
6.240000000000000000e+02 2.015350183988070754e+00
6.250000000000000000e+02 2.055018237194966790e+00
6.260000000000000000e+02 2.095491637389540251e+00
6.270000000000000000e+02 2.136787807724907395e+00
6.280000000000000000e+02 2.178924553459270275e+00
6.290000000000000000e+02 2.221920069603181336e+00
6.300000000000000000e+02 2.265792948690747100e+00
6.310000000000000000e+02 2.310562188676097861e+00
6.320000000000000000e+02 2.356247200956500087e+00
6.330000000000000000e+02 2.402867818523447330e+00
6.340000000000000000e+02 2.450444304243098337e+00
6.350000000000000000e+02 2.498997359267414620e+00
6.360000000000000000e+02 2.548548131577373699e+00
6.370000000000000000e+02 2.599118224659606291e+00
6.380000000000000000e+02 2.650729706317843437e+00
6.390000000000000000e+02 2.703405117620544917e+00
6.400000000000000000e+02 2.757167481986064317e+00
6.410000000000000000e+02 2.812040314406746511e+00
6.420000000000000000e+02 2.868047630813330251e+00
6.430000000000000000e+02 2.925213957581025426e+00
6.440000000000000000e+02 2.983564341178664314e+00
6.450000000000000000e+02 3.043124357962290194e+00
6.460000000000000000e+02 3.103920124114585732e+00
6.470000000000000000e+02 3.165978305731505849e+00
6.480000000000000000e+02 3.229326129057523698e+00
6.490000000000000000e+02 3.293991390870855351e+00
6.500000000000000000e+02 3.360002469020066052e+00
6.510000000000000000e+02 3.427388333113436936e+00
6.520000000000000000e+02 3.496178555362477347e+00
6.530000000000000000e+02 3.566403321580990493e+00
6.540000000000000000e+02 3.638093442341046480e+00
6.550000000000000000e+02 3.711280364287281586e+00
6.560000000000000000e+02 3.785996181610888023e+00
6.570000000000000000e+02 3.862273647684707711e+00
6.580000000000000000e+02 3.940146186860773447e+00
6.590000000000000000e+02 4.019647906431724316e+00
6.600000000000000000e+02 4.100813608757447604e+00
6.610000000000000000e+02 4.183678803558354531e+00
6.620000000000000000e+02 4.268279720376637165e+00
6.630000000000000000e+02 4.354653321206924943e+00
6.640000000000000000e+02 4.442837313297676616e+00
6.650000000000000000e+02 4.532870162124711833e+00
6.660000000000000000e+02 4.624791104538235054e+00
6.670000000000000000e+02 4.718640162084735579e+00
6.680000000000000000e+02 4.814458154505116383e+00
6.690000000000000000e+02 4.912286713410423999e+00
6.700000000000000000e+02 5.012168296136541912e+00
6.710000000000000000e+02 5.114146199779185054e+00
6.720000000000000000e+02 5.218264575410581863e+00
6.730000000000000000e+02 5.324568442479163721e+00
6.740000000000000000e+02 5.433103703393623363e+00
6.750000000000000000e+02 5.543917158292679837e+00
6.760000000000000000e+02 5.657056520001892963e+00
6.770000000000000000e+02 5.772570429178846219e+00
6.780000000000000000e+02 5.890508469648046308e+00
6.790000000000000000e+02 6.010921183926848599e+00
6.800000000000000000e+02 6.133860088943738020e+00
6.810000000000000000e+02 6.259377691950261280e+00
6.820000000000000000e+02 6.387527506627952434e+00
6.830000000000000000e+02 6.518364069391512139e+00
6.840000000000000000e+02 6.651942955889569298e+00
6.850000000000000000e+02 6.788320797704311182e+00
6.860000000000000000e+02 6.927555299251253018e+00
6.870000000000000000e+02 7.069705254880439327e+00
6.880000000000000000e+02 7.214830566180340909e+00
6.890000000000000000e+02 7.362992259485734436e+00
6.900000000000000000e+02 7.514252503590787668e+00
6.910000000000000000e+02 7.668674627668620403e+00
6.920000000000000000e+02 7.826323139398606799e+00
6.930000000000000000e+02 7.987263743302614571e+00
6.940000000000000000e+02 8.151563359291451150e+00
6.950000000000000000e+02 8.319290141422703400e+00
6.960000000000000000e+02 8.490513496871209043e+00
6.970000000000000000e+02 8.665304105113357025e+00
6.980000000000000000e+02 8.843733937326426542e+00
6.990000000000000000e+02 9.025876276004115795e+00
7.000000000000000000e+02 9.211805734789507483e+00
7.010000000000000000e+02 9.401598278526542174e+00
7.020000000000000000e+02 9.595331243531303400e+00
7.030000000000000000e+02 9.793083358084123446e+00
7.040000000000000000e+02 9.994934763143728418e+00
7.050000000000000000e+02 1.020096703328457899e+01
7.060000000000000000e+02 1.041126319785846377e+01
7.070000000000000000e+02 1.062590776238150880e+01
7.080000000000000000e+02 1.084498673014769921e+01
7.090000000000000000e+02 1.106858762406999475e+01
7.100000000000000000e+02 1.129679950875012828e+01
7.110000000000000000e+02 1.152971301277818306e+01
7.120000000000000000e+02 1.176742035126297381e+01
7.130000000000000000e+02 1.201001534859431175e+01
7.140000000000000000e+02 1.225759346143816941e+01
7.150000000000000000e+02 1.251025180196583619e+01
7.160000000000000000e+02 1.276808916131795968e+01
7.170000000000000000e+02 1.303120603330466309e+01
7.180000000000000000e+02 1.329970463834251149e+01
7.190000000000000000e+02 1.357368894762952038e+01
7.200000000000000000e+02 1.385326470755904538e+01
7.210000000000000000e+02 1.413853946437355269e+01
7.220000000000000000e+02 1.442962258905921402e+01
7.230000000000000000e+02 1.472662530248226886e+01
7.240000000000000000e+02 1.502966070076808691e+01
7.250000000000000000e+02 1.533884378092376544e+01
7.260000000000000000e+02 1.565429146670527238e+01
7.270000000000000000e+02 1.597612263472995231e+01
7.280000000000000000e+02 1.630445814083522293e+01
7.290000000000000000e+02 1.663942084668442334e+01
7.300000000000000000e+02 1.698113564662057584e+01
7.310000000000000000e+02 1.732972949476891600e+01
7.320000000000000000e+02 1.768533143238901317e+01
7.330000000000000000e+02 1.804807261547726682e+01
7.340000000000000000e+02 1.841808634262058675e+01
7.350000000000000000e+02 1.879550808310202115e+01
7.360000000000000000e+02 1.918047550525905365e+01
7.370000000000000000e+02 1.957312850509539714e+01
7.380000000000000000e+02 1.997360923514695941e+01
7.390000000000000000e+02 2.038206213360266617e+01
7.400000000000000000e+02 2.079863395368091616e+01
7.410000000000000000e+02 2.122347379326229699e+01
7.420000000000000000e+02 2.165673312477926871e+01
7.430000000000000000e+02 2.209856582536344405e+01
7.440000000000000000e+02 2.254912820725111544e+01
7.450000000000000000e+02 2.300857904844763624e+01
7.460000000000000000e+02 2.347707962365132417e+01
7.470000000000000000e+02 2.395479373543741985e+01
7.480000000000000000e+02 2.444188774570263334e+01
7.490000000000000000e+02 2.493853060737101401e+01
7.500000000000000000e+02 2.544489389636152410e+01
7.510000000000000000e+02 2.596115184381789120e+01
7.520000000000000000e+02 2.648748136860124092e+01
7.530000000000000000e+02 2.702406211004613112e+01
7.540000000000000000e+02 2.757107646098022968e+01
7.550000000000000000e+02 2.812870960100836726e+01
7.560000000000000000e+02 2.869714953006118918e+01
7.570000000000000000e+02 2.927658710220895699e+01
7.580000000000000000e+02 2.986721605974094729e+01
7.590000000000000000e+02 3.046923306751067173e+01
7.600000000000000000e+02 3.108283774754755768e+01
7.610000000000000000e+02 3.170823271393518183e+01
7.620000000000000000e+02 3.234562360795663949e+01
7.630000000000000000e+02 3.299521913350717739e+01
7.640000000000000000e+02 3.365723109277453773e+01
7.650000000000000000e+02 3.433187442218736152e+01
7.660000000000000000e+02 3.501936722863165130e+01
7.670000000000000000e+02 3.571993082593590429e+01
7.680000000000000000e+02 3.643378977162491594e+01
7.690000000000000000e+02 3.716117190394255942e+01
7.700000000000000000e+02 3.790230837914373296e+01
7.710000000000000000e+02 3.865743370905582310e+01
7.720000000000000000e+02 3.942678579890942103e+01
7.730000000000000000e+02 4.021060598543907361e+01
7.740000000000000000e+02 4.100913907525361424e+01
7.750000000000000000e+02 4.182263338347655690e+01
7.760000000000000000e+02 4.265134077265655321e+01
7.770000000000000000e+02 4.349551669194791970e+01
7.780000000000000000e+02 4.435542021656145550e+01
7.790000000000000000e+02 4.523131408748550086e+01
7.800000000000000000e+02 4.612346475147706570e+01
7.810000000000000000e+02 4.703214240132364665e+01
7.820000000000000000e+02 4.795762101637486552e+01
7.830000000000000000e+02 4.890017840334477484e+01
7.840000000000000000e+02 4.986009623738402752e+01
7.850000000000000000e+02 5.083766010342249331e+01
7.860000000000000000e+02 5.183315953778162566e+01
7.870000000000000000e+02 5.284688807005709776e+01
7.880000000000000000e+02 5.387914326527103981e+01
7.890000000000000000e+02 5.493022676629417589e+01
7.900000000000000000e+02 5.600044433653728504e+01
7.910000000000000000e+02 5.709010590291237008e+01
7.920000000000000000e+02 5.819952559906259637e+01
7.930000000000000000e+02 5.932902180886163990e+01
7.940000000000000000e+02 6.047891721018147848e+01
7.950000000000000000e+02 6.164953881892866150e+01
7.960000000000000000e+02 6.284121803334925005e+01
7.970000000000000000e+02 6.405429067860092118e+01
7.980000000000000000e+02 6.528909705159361465e+01
7.990000000000000000e+02 6.654598196609677530e+01
8.000000000000000000e+02 6.782529479811395845e+01
8.010000000000000000e+02 6.912738953152395993e+01
8.020000000000000000e+02 7.045262480398818639e+01
8.030000000000000000e+02 7.180136395312378284e+01
8.040000000000000000e+02 7.317397506294238951e+01
8.050000000000000000e+02 7.457083101055377483e+01
8.060000000000000000e+02 7.599230951313396076e+01
8.070000000000000000e+02 7.743879317515748539e+01
8.080000000000000000e+02 7.891066953589333366e+01
8.090000000000000000e+02 8.040833111716364101e+01
8.100000000000000000e+02 8.193217547136563894e+01
8.110000000000000000e+02 8.348260522975448339e+01
8.120000000000000000e+02 8.506002815098861447e+01
8.130000000000000000e+02 8.666485716993561539e+01
8.140000000000000000e+02 8.829751044673781735e+01
8.150000000000000000e+02 8.995841141613831837e+01
8.160000000000000000e+02 9.164798883706559707e+01
8.170000000000000000e+02 9.336667684247665022e+01
8.180000000000000000e+02 9.511491498945743217e+01
8.190000000000000000e+02 9.689314830958076641e+01
8.200000000000000000e+02 9.870182735952035102e+01
8.210000000000000000e+02 1.005414082719201758e+02
8.220000000000000000e+02 1.024123528065188964e+02
8.230000000000000000e+02 1.043151284015281846e+02
8.240000000000000000e+02 1.062502082252643447e+02
8.250000000000000000e+02 1.082180712280324713e+02
8.260000000000000000e+02 1.102192021942620244e+02
8.270000000000000000e+02 1.122540917948934833e+02
8.280000000000000000e+02 1.143232366400146987e+02
8.290000000000000000e+02 1.164271393317465311e+02
8.300000000000000000e+02 1.185663085173765410e+02
8.310000000000000000e+02 1.207412589427399325e+02
8.320000000000000000e+02 1.229525115058470988e+02
8.330000000000000000e+02 1.252005933107561759e+02
8.340000000000000000e+02 1.274860377216905931e+02
8.350000000000000000e+02 1.298093844173993716e+02
8.360000000000000000e+02 1.321711794457607425e+02
8.370000000000000000e+02 1.345719752786265815e+02
8.380000000000000000e+02 1.370123308669075755e+02
8.390000000000000000e+02 1.394928116958977853e+02
8.400000000000000000e+02 1.420139898408374961e+02
8.410000000000000000e+02 1.445764440227133605e+02
8.420000000000000000e+02 1.471807596642945271e+02
8.430000000000000000e+02 1.498275289464041862e+02
8.440000000000000000e+02 1.525173508644246567e+02
8.450000000000000000e+02 1.552508312850354457e+02
8.460000000000000000e+02 1.580285830031829164e+02
8.470000000000000000e+02 1.608512257992801437e+02
8.480000000000000000e+02 1.637193864966365027e+02
8.490000000000000000e+02 1.666336990191146867e+02
8.500000000000000000e+02 1.695948044490149016e+02
8.510000000000000000e+02 1.726033510851845563e+02
8.520000000000000000e+02 1.756599945013520028e+02
8.530000000000000000e+02 1.787653976046837840e+02
8.540000000000000000e+02 1.819202306945627470e+02
8.550000000000000000e+02 1.851251715215874469e+02
8.560000000000000000e+02 1.883809053467903709e+02
8.570000000000000000e+02 1.916881250010735869e+02
8.580000000000000000e+02 1.950475309448607959e+02
8.590000000000000000e+02 1.984598313279649631e+02
8.600000000000000000e+02 2.019257420496691680e+02
8.610000000000000000e+02 2.054459868190194527e+02
8.620000000000000000e+02 2.090212972153289286e+02
8.630000000000000000e+02 2.126524127488910665e+02
8.640000000000000000e+02 2.163400809219008636e+02
8.650000000000000000e+02 2.200850572895826645e+02
8.660000000000000000e+02 2.238881055215229594e+02
8.670000000000000000e+02 2.277499974632061708e+02
8.680000000000000000e+02 2.316715131977533702e+02
8.690000000000000000e+02 2.356534411078604876e+02
8.700000000000000000e+02 2.396965779379366381e+02
8.710000000000000000e+02 2.438017288564384728e+02
8.720000000000000000e+02 2.479697075184013784e+02
8.730000000000000000e+02 2.522013361281649111e+02
8.740000000000000000e+02 2.564974455022899065e+02
8.750000000000000000e+02 2.608588751326683450e+02
8.760000000000000000e+02 2.652864732498208582e+02
8.770000000000000000e+02 2.697810968863835228e+02
8.780000000000000000e+02 2.743436119407800788e+02
8.790000000000000000e+02 2.789748932410786324e+02
8.800000000000000000e+02 2.836758246090320199e+02
8.810000000000000000e+02 2.884472989242977974e+02
8.820000000000000000e+02 2.932902181888403561e+02
8.830000000000000000e+02 2.982054935915070928e+02
8.840000000000000000e+02 3.031940455727842618e+02
8.850000000000000000e+02 3.082568038897253473e+02
8.860000000000000000e+02 3.133947076810516137e+02
8.870000000000000000e+02 3.186087055324250059e+02
8.880000000000000000e+02 3.238997555418887941e+02
8.890000000000000000e+02 3.292688253854757932e+02
8.900000000000000000e+02 3.347168923829830760e+02
8.910000000000000000e+02 3.402449435639085777e+02
8.920000000000000000e+02 3.458539757335510103e+02
8.930000000000000000e+02 3.515449955392695642e+02
8.940000000000000000e+02 3.573190195369008961e+02
8.950000000000000000e+02 3.631770742573342545e+02
8.960000000000000000e+02 3.691201962732387756e+02
8.970000000000000000e+02 3.751494322659459044e+02
8.980000000000000000e+02 3.812658390924804053e+02
8.990000000000000000e+02 3.874704838527414381e+02
9.000000000000000000e+02 3.937644439568303483e+02
9.010000000000000000e+02 4.001488071925238046e+02
9.020000000000000000e+02 4.066246717928884777e+02
9.030000000000000000e+02 4.131931465040397597e+02
9.040000000000000000e+02 4.198553506530367940e+02
9.050000000000000000e+02 4.266124142159171129e+02
9.060000000000000000e+02 4.334654778858644022e+02
9.070000000000000000e+02 4.404156931415117811e+02
9.080000000000000000e+02 4.474642223153752525e+02
9.090000000000000000e+02 4.546122386624162459e+02
9.100000000000000000e+02 4.618609264287331371e+02
9.110000000000000000e+02 4.692114809203756636e+02
9.120000000000000000e+02 4.766651085722857033e+02
9.130000000000000000e+02 4.842230270173565714e+02
9.140000000000000000e+02 4.918864651556134504e+02
9.150000000000000000e+02 4.996566632235103498e+02
9.160000000000000000e+02 5.075348728633425708e+02
9.170000000000000000e+02 5.155223571927721196e+02
9.180000000000000000e+02 5.236203908744641922e+02
9.190000000000000000e+02 5.318302601858331400e+02
9.200000000000000000e+02 5.401532630888948461e+02
9.210000000000000000e+02 5.485907093002234660e+02
9.220000000000000000e+02 5.571439203610127606e+02
9.230000000000000000e+02 5.658142297072357678e+02
9.240000000000000000e+02 5.746029827399061105e+02
9.250000000000000000e+02 5.835115368954301402e+02
9.260000000000000000e+02 5.925412617160612854e+02
9.270000000000000000e+02 6.016935389204388684e+02
9.280000000000000000e+02 6.109697624742225344e+02
9.290000000000000000e+02 6.203713386608114888e+02
9.300000000000000000e+02 6.298996861521500250e+02
9.310000000000000000e+02 6.395562360796186567e+02
9.320000000000000000e+02 6.493424321050031267e+02
9.330000000000000000e+02 6.592597304915460654e+02
9.340000000000000000e+02 6.693096001750731148e+02
9.350000000000000000e+02 6.794935228351960177e+02
9.360000000000000000e+02 6.898129929665868758e+02
9.370000000000000000e+02 7.002695179503247118e+02
9.380000000000000000e+02 7.108646181253075156e+02
9.390000000000000000e+02 7.215998268597339802e+02
9.400000000000000000e+02 7.324766906226464016e+02
9.410000000000000000e+02 7.434967690555359923e+02
9.420000000000000000e+02 7.546616350440096994e+02
9.430000000000000000e+02 7.659728747895105698e+02
9.440000000000000000e+02 7.774320878810971180e+02
9.450000000000000000e+02 7.890408873672729442e+02
9.460000000000000000e+02 8.008008998278672834e+02
9.470000000000000000e+02 8.127137654459656915e+02
9.480000000000000000e+02 8.247811380798854088e+02
9.490000000000000000e+02 8.370046853351938125e+02
9.500000000000000000e+02 8.493860886367718876e+02
9.510000000000000000e+02 8.619270433009126009e+02
9.520000000000000000e+02 8.746292586074605424e+02
9.530000000000000000e+02 8.874944578719841957e+02
9.540000000000000000e+02 9.005243785179821998e+02
9.550000000000000000e+02 9.137207721491174652e+02
9.560000000000000000e+02 9.270854046214838036e+02
9.570000000000000000e+02 9.406200561158952951e+02
9.580000000000000000e+02 9.543265212101991892e+02
9.590000000000000000e+02 9.682066089516119973e+02
9.600000000000000000e+02 9.822621429290737751e+02
9.610000000000000000e+02 9.964949613456185489e+02
9.620000000000000000e+02 1.010906917090762136e+03
9.630000000000000000e+02 1.025499877812897466e+03
9.640000000000000000e+02 1.040275725991704348e+03
9.650000000000000000e+02 1.055236359010566048e+03
9.660000000000000000e+02 1.070383689228988260e+03
9.670000000000000000e+02 1.085719644055027402e+03
9.680000000000000000e+02 1.101246166017712312e+03
9.690000000000000000e+02 1.116965212839470951e+03
9.700000000000000000e+02 1.132878757508550734e+03
9.710000000000000000e+02 1.148988788351432731e+03
9.720000000000000000e+02 1.165297309105237900e+03
9.730000000000000000e+02 1.181806338990125596e+03
9.740000000000000000e+02 1.198517912781672749e+03
9.750000000000000000e+02 1.215434080883246224e+03
9.760000000000000000e+02 1.232556909398353582e+03
9.770000000000000000e+02 1.249888480202971095e+03
9.780000000000000000e+02 1.267430891017857221e+03
9.790000000000000000e+02 1.285186255480838099e+03
9.800000000000000000e+02 1.303156703219063729e+03
9.810000000000000000e+02 1.321344379921241398e+03
9.820000000000000000e+02 1.339751447409835691e+03
9.830000000000000000e+02 1.358380083713231443e+03
9.840000000000000000e+02 1.377232483137868940e+03
9.850000000000000000e+02 1.396310856340334340e+03
9.860000000000000000e+02 1.415617430399413479e+03
9.870000000000000000e+02 1.435154448888104525e+03
9.880000000000000000e+02 1.454924171945581065e+03
9.890000000000000000e+02 1.474928876349115626e+03
9.900000000000000000e+02 1.495170855585946811e+03
9.910000000000000000e+02 1.515652419925100276e+03
9.920000000000000000e+02 1.536375896489153320e+03
9.930000000000000000e+02 1.557343629325946495e+03
9.940000000000000000e+02 1.578557979480233826e+03
9.950000000000000000e+02 1.600021325065273004e+03
9.960000000000000000e+02 1.621736061334357373e+03
9.970000000000000000e+02 1.643704600752277429e+03
9.980000000000000000e+02 1.665929373066718881e+03
9.990000000000000000e+02 1.688412825379590231e+03
