# BB temperature (K); Intensity through filter (ph/s/m^2/mas^2)
1.000000000000000000e+01 0.000000000000000000e+00
1.100000000000000000e+01 0.000000000000000000e+00
1.200000000000000000e+01 0.000000000000000000e+00
1.300000000000000000e+01 0.000000000000000000e+00
1.400000000000000000e+01 0.000000000000000000e+00
1.500000000000000000e+01 0.000000000000000000e+00
1.600000000000000000e+01 0.000000000000000000e+00
1.700000000000000000e+01 0.000000000000000000e+00
1.800000000000000000e+01 0.000000000000000000e+00
1.900000000000000000e+01 0.000000000000000000e+00
2.000000000000000000e+01 0.000000000000000000e+00
2.100000000000000000e+01 1.079969362125529150e-67
2.200000000000000000e+01 2.311885563507686202e-64
2.300000000000000000e+01 2.542286645130227901e-61
2.400000000000000000e+01 1.560686631792508412e-58
2.500000000000000000e+01 5.735786544278951376e-56
2.600000000000000000e+01 1.338884229602795230e-53
2.700000000000000000e+01 2.087612267453445349e-51
2.800000000000000000e+01 2.270248409308946383e-49
2.900000000000000000e+01 1.787260597374878432e-47
3.000000000000000000e+01 1.051992290492523013e-45
3.100000000000000000e+01 4.761666565393443298e-44
3.200000000000000000e+01 1.698686976295438427e-42
3.300000000000000000e+01 4.880535799637794127e-41
3.400000000000000000e+01 1.151089475218853784e-39
3.500000000000000000e+01 2.266622802398614073e-38
3.600000000000000000e+01 3.782718653301649298e-37
3.700000000000000000e+01 5.422560810620664438e-36
3.800000000000000000e+01 6.757547094309698212e-35
3.900000000000000000e+01 7.400018032512165218e-34
4.000000000000000000e+01 7.190235805112970934e-33
4.100000000000000000e+01 6.253418907434509452e-32
4.200000000000000000e+01 4.906726982768658317e-31
4.300000000000000000e+01 3.498507203592716176e-30
4.400000000000000000e+01 2.281516092528159415e-29
4.500000000000000000e+01 1.368976082207622002e-28
4.600000000000000000e+01 7.599010775583101617e-28
4.700000000000000000e+01 3.921605896907599166e-27
4.800000000000000000e+01 1.890138818561242404e-26
4.900000000000000000e+01 8.544018793633969554e-26
5.000000000000000000e+01 3.636135935419655723e-25
5.100000000000000000e+01 1.462066651074003266e-24
5.200000000000000000e+01 5.572687932073203842e-24
5.300000000000000000e+01 2.019514153664057744e-23
5.400000000000000000e+01 6.977993283594519227e-23
5.500000000000000000e+01 2.304857354452251250e-22
5.600000000000000000e+01 7.295167220491745815e-22
5.700000000000000000e+01 2.217575847943651697e-21
5.800000000000000000e+01 6.487553093503964759e-21
5.900000000000000000e+01 1.830156726329652225e-20
6.000000000000000000e+01 4.987580367986125211e-20
6.100000000000000000e+01 1.315295744437025262e-19
6.200000000000000000e+01 3.361854071115686980e-19
6.300000000000000000e+01 8.340699888504340647e-19
6.400000000000000000e+01 2.011408182111157199e-18
6.500000000000000000e+01 4.721072059531966041e-18
6.600000000000000000e+01 1.079836288235440663e-17
6.700000000000000000e+01 2.409652265791305762e-17
6.800000000000000000e+01 5.251734487456626406e-17
6.900000000000000000e+01 1.119047306012143303e-16
7.000000000000000000e+01 2.333519089847104131e-16
7.100000000000000000e+01 4.766370289525556499e-16
7.200000000000000000e+01 9.544473647917046694e-16
7.300000000000000000e+01 1.875243837095258127e-15
7.400000000000000000e+01 3.617759811308339099e-15
7.500000000000000000e+01 6.858272733223365744e-15
7.600000000000000000e+01 1.278447691109949105e-14
7.700000000000000000e+01 2.344924851704971705e-14
7.800000000000000000e+01 4.234699796456145408e-14
7.900000000000000000e+01 7.533909041130648184e-14
8.000000000000000000e+01 1.321191179062071306e-13
8.100000000000000000e+01 2.285019913101213531e-13
8.200000000000000000e+01 3.899541426296423631e-13
8.300000000000000000e+01 6.569705473423751097e-13
8.400000000000000000e+01 1.093167432382241033e-12
8.500000000000000000e+01 1.797322919434853978e-12
8.600000000000000000e+01 2.921094179821214943e-12
8.700000000000000000e+01 4.694810481222157719e-12
8.800000000000000000e+01 7.464638972738755789e-12
8.900000000000000000e+01 1.174560909111926935e-11
9.000000000000000000e+01 1.829654202583653230e-11
9.100000000000000000e+01 2.822496130205052426e-11
9.200000000000000000e+01 4.313267716501425861e-11
9.300000000000000000e+01 6.531608240278457497e-11
9.400000000000000000e+01 9.803943842439986717e-11
9.500000000000000000e+01 1.459047656193050186e-10
9.600000000000000000e+01 2.153486123969964282e-10
9.700000000000000000e+01 3.153042307935132874e-10
9.800000000000000000e+01 4.580778413601733837e-10
9.900000000000000000e+01 6.605000781005202289e-10
1.000000000000000000e+02 9.454287642435382538e-10
1.010000000000000000e+02 1.343697330224784594e-09
1.020000000000000000e+02 1.896624947464237236e-09
1.030000000000000000e+02 2.659230371161096801e-09
1.040000000000000000e+02 3.704322174583753777e-09
1.050000000000000000e+02 5.127674185998319593e-09
1.060000000000000000e+02 7.054537235268178685e-09
1.070000000000000000e+02 9.647787565849677904e-09
1.080000000000000000e+02 1.311806931166596243e-08
1.090000000000000000e+02 1.773635417415751898e-08
1.100000000000000000e+02 2.384941681155946974e-08
1.110000000000000000e+02 3.189881046710219401e-08
1.120000000000000000e+02 4.244402505566410432e-08
1.130000000000000000e+02 5.619062037733208291e-08
1.140000000000000000e+02 7.402425144021162429e-08
1.150000000000000000e+02 9.705164218592017122e-08
1.160000000000000000e+02 1.266497193666634888e-07
1.170000000000000000e+02 1.645242910754712922e-07
1.180000000000000000e+02 2.127798456295450590e-07
1.190000000000000000e+02 2.740022572842502016e-07
1.200000000000000000e+02 3.513564167193624902e-07
1.210000000000000000e+02 4.487010574592285049e-07
1.220000000000000000e+02 5.707233253841774137e-07
1.230000000000000000e+02 7.230959382195657551e-07
1.240000000000000000e+02 9.126601062348155144e-07
1.250000000000000000e+02 1.147637735145036407e-06
1.260000000000000000e+02 1.437876808081412754e-06
1.270000000000000000e+02 1.795134246072936000e-06
1.280000000000000000e+02 2.233400976229810436e-06
1.290000000000000000e+02 2.769274394075454938e-06
1.300000000000000000e+02 3.422383891435784638e-06
1.310000000000000000e+02 4.215875634008207822e-06
1.320000000000000000e+02 5.176963313087489984e-06
1.330000000000000000e+02 6.337552163645898521e-06
1.340000000000000000e+02 7.734944135605339673e-06
1.350000000000000000e+02 9.412632726079298180e-06
1.360000000000000000e+02 1.142119662680448506e-05
1.370000000000000000e+02 1.381930201194825568e-05
1.380000000000000000e+02 1.667482398581055216e-05
1.390000000000000000e+02 2.006609842630071707e-05
1.400000000000000000e+02 2.408331619694587086e-05
1.410000000000000000e+02 2.883007245588958538e-05
1.420000000000000000e+02 3.442508456301105645e-05
1.430000000000000000e+02 4.100409287391513781e-05
1.440000000000000000e+02 4.872195950993643299e-05
1.450000000000000000e+02 5.775498100414488441e-05
1.460000000000000000e+02 6.830343154217436352e-05
1.470000000000000000e+02 8.059435434093286483e-05
1.480000000000000000e+02 9.488461953519172483e-05
1.490000000000000000e+02 1.114642677688854901e-04
1.500000000000000000e+02 1.306601595117862929e-04
1.510000000000000000e+02 1.528399509400810109e-04
1.520000000000000000e+02 1.784164180282326966e-04
1.530000000000000000e+02 2.078521512962801525e-04
1.540000000000000000e+02 2.416646444382931707e-04
1.550000000000000000e+02 2.804318008209394407e-04
1.560000000000000000e+02 3.247978825828846928e-04
1.570000000000000000e+02 3.754799277829283521e-04
1.580000000000000000e+02 4.332746617342757051e-04
1.590000000000000000e+02 4.990659293211134780e-04
1.600000000000000000e+02 5.738326757186969565e-04
1.610000000000000000e+02 6.586575035265491160e-04
1.620000000000000000e+02 7.547358348732770414e-04
1.630000000000000000e+02 8.633857075581905741e-04
1.640000000000000000e+02 9.860582347567387312e-04
1.650000000000000000e+02 1.124348758231221790e-03
1.660000000000000000e+02 1.280008725352977566e-03
1.670000000000000000e+02 1.454958320554965504e-03
1.680000000000000000e+02 1.651299882092389319e-03
1.690000000000000000e+02 1.871332135191689514e-03
1.700000000000000000e+02 2.117565272813257734e-03
1.710000000000000000e+02 2.392736915338920453e-03
1.720000000000000000e+02 2.699828980520195890e-03
1.730000000000000000e+02 3.042085494986467974e-03
1.740000000000000000e+02 3.423031378512315231e-03
1.750000000000000000e+02 3.846492232079669685e-03
1.760000000000000000e+02 4.316615160542402498e-03
1.770000000000000000e+02 4.837890660408126695e-03
1.780000000000000000e+02 5.415175602893999851e-03
1.790000000000000000e+02 6.053717341990227929e-03
1.800000000000000000e+02 6.759178976776810711e-03
1.810000000000000000e+02 7.537665796686323499e-03
1.820000000000000000e+02 8.395752937788497280e-03
1.830000000000000000e+02 9.340514277491893461e-03
1.840000000000000000e+02 1.037955259431506093e-02
1.850000000000000000e+02 1.152103101857471570e-02
1.860000000000000000e+02 1.277370579897396143e-02
1.870000000000000000e+02 1.414696040914922674e-02
1.880000000000000000e+02 1.565084101725378041e-02
1.890000000000000000e+02 1.729609334061837575e-02
1.900000000000000000e+02 1.909420090643890525e-02
1.910000000000000000e+02 2.105742473829773365e-02
1.920000000000000000e+02 2.319884448713322583e-02
1.930000000000000000e+02 2.553240102403097830e-02
1.940000000000000000e+02 2.807294051092480355e-02
1.950000000000000000e+02 3.083625996396689023e-02
1.960000000000000000e+02 3.383915432295691444e-02
1.970000000000000000e+02 3.709946503881312446e-02
1.980000000000000000e+02 4.063613018962567575e-02
1.990000000000000000e+02 4.446923613435786737e-02
2.000000000000000000e+02 4.862007071175557943e-02
2.010000000000000000e+02 5.311117799049398791e-02
2.020000000000000000e+02 5.796641457503392408e-02
2.030000000000000000e+02 6.321100747008379095e-02
2.040000000000000000e+02 6.887161350496609491e-02
2.050000000000000000e+02 7.497638031757729304e-02
2.060000000000000000e+02 8.155500889600529602e-02
2.070000000000000000e+02 8.863881767423462121e-02
2.080000000000000000e+02 9.626080817673032808e-02
2.090000000000000000e+02 1.044557322050445047e-01
2.100000000000000000e+02 1.132601605579460630e-01
2.110000000000000000e+02 1.227125532749280962e-01
2.120000000000000000e+02 1.328533313913078662e-01
2.130000000000000000e+02 1.437249501915021932e-01
2.140000000000000000e+02 1.553719739454363646e-01
2.150000000000000000e+02 1.678411521114350491e-01
2.160000000000000000e+02 1.811814969873461190e-01
2.170000000000000000e+02 1.954443627900710467e-01
2.180000000000000000e+02 2.106835261421143302e-01
2.190000000000000000e+02 2.269552679422291164e-01
2.200000000000000000e+02 2.443184565957214616e-01
2.210000000000000000e+02 2.628346325784895465e-01
2.220000000000000000e+02 2.825680943074169171e-01
2.230000000000000000e+02 3.035859852883083798e-01
2.240000000000000000e+02 3.259583825111648792e-01
2.250000000000000000e+02 3.497583860612300533e-01
2.260000000000000000e+02 3.750622099129147791e-01
2.270000000000000000e+02 4.019492738724215197e-01
2.280000000000000000e+02 4.305022966336358725e-01
2.290000000000000000e+02 4.608073899106490123e-01
2.300000000000000000e+02 4.929541536091027742e-01
2.310000000000000000e+02 5.270357719974262389e-01
2.320000000000000000e+02 5.631491108379572674e-01
2.330000000000000000e+02 6.013948154368952137e-01
2.340000000000000000e+02 6.418774095710556571e-01
2.350000000000000000e+02 6.847053952484445372e-01
2.360000000000000000e+02 7.299913532587805065e-01
2.370000000000000000e+02 7.778520444692436087e-01
2.380000000000000000e+02 8.284085118199311371e-01
2.390000000000000000e+02 8.817861829727543510e-01
2.400000000000000000e+02 9.381149735668096179e-01
2.410000000000000000e+02 9.975293910326040736e-01
2.420000000000000000e+02 1.060168638916923145e+00
2.430000000000000000e+02 1.126176721669572833e+00
2.440000000000000000e+02 1.195702549842732942e+00
2.450000000000000000e+02 1.268900045653205133e+00
2.460000000000000000e+02 1.345928248857449994e+00
2.470000000000000000e+02 1.426951422888941945e+00
2.480000000000000000e+02 1.512139161207089577e+00
2.490000000000000000e+02 1.601666493806710223e+00
2.500000000000000000e+02 1.695713993836835520e+00
2.510000000000000000e+02 1.794467884277499259e+00
2.520000000000000000e+02 1.898120144623026695e+00
2.530000000000000000e+02 2.006868617520296549e+00
2.540000000000000000e+02 2.120917115310445134e+00
2.550000000000000000e+02 2.240475526422499808e+00
2.560000000000000000e+02 2.365759921567528234e+00
2.570000000000000000e+02 2.496992659681990911e+00
2.580000000000000000e+02 2.634402493569178549e+00
2.590000000000000000e+02 2.778224675187818349e+00
2.600000000000000000e+02 2.928701060537153733e+00
2.610000000000000000e+02 3.086080214088172458e+00
2.620000000000000000e+02 3.250617512710899604e+00
2.630000000000000000e+02 3.422575249048120050e+00
2.640000000000000000e+02 3.602222734286255168e+00
2.650000000000000000e+02 3.789836400274602557e+00
2.660000000000000000e+02 3.985699900944608576e+00
2.670000000000000000e+02 4.190104212981363929e+00
2.680000000000000000e+02 4.403347735700064547e+00
2.690000000000000000e+02 4.625736390080798621e+00
2.700000000000000000e+02 4.857583716915551797e+00
2.710000000000000000e+02 5.099210974022070353e+00
2.720000000000000000e+02 5.350947232479823512e+00
2.730000000000000000e+02 5.613129471844034768e+00
2.740000000000000000e+02 5.886102674294485304e+00
2.750000000000000000e+02 6.170219917676529775e+00
2.760000000000000000e+02 6.465842467392556081e+00
2.770000000000000000e+02 6.773339867102947665e+00
2.780000000000000000e+02 7.093090028196338714e+00
2.790000000000000000e+02 7.425479317989926109e+00
2.800000000000000000e+02 7.770902646621362209e+00
2.810000000000000000e+02 8.129763552594681641e+00
2.820000000000000000e+02 8.502474286943607851e+00
2.830000000000000000e+02 8.889455895976482225e+00
2.840000000000000000e+02 9.291138302568029417e+00
2.850000000000000000e+02 9.707960385964071293e+00
2.860000000000000000e+02 1.014037006006625141e+01
2.870000000000000000e+02 1.058882435016490575e+01
2.880000000000000000e+02 1.105378946808902541e+01
2.890000000000000000e+02 1.153574088574337431e+01
2.900000000000000000e+02 1.203516340700378962e+01
2.910000000000000000e+02 1.255255123794267647e+01
2.920000000000000000e+02 1.308840805535768936e+01
2.930000000000000000e+02 1.364324707357774535e+01
2.940000000000000000e+02 1.421759110952132410e+01
2.950000000000000000e+02 1.481197264598320551e+01
2.960000000000000000e+02 1.542693389312678853e+01
2.970000000000000000e+02 1.606302684816004245e+01
2.980000000000000000e+02 1.672081335317435347e+01
2.990000000000000000e+02 1.740086515112641408e+01
3.000000000000000000e+02 1.810376393994437905e+01
3.010000000000000000e+02 1.883010142474062221e+01
3.020000000000000000e+02 1.958047936811416534e+01
3.030000000000000000e+02 2.035550963852735507e+01
3.040000000000000000e+02 2.115581425674183436e+01
3.050000000000000000e+02 2.198202544030029060e+01
3.060000000000000000e+02 2.283478564604116556e+01
3.070000000000000000e+02 2.371474761063487691e+01
3.080000000000000000e+02 2.462257438913051999e+01
3.090000000000000000e+02 2.555893939150366023e+01
3.100000000000000000e+02 2.652452641719635196e+01
3.110000000000000000e+02 2.752002968764153223e+01
3.120000000000000000e+02 2.854615387676521365e+01
3.130000000000000000e+02 2.960361413946036890e+01
3.140000000000000000e+02 3.069313613802780694e+01
3.150000000000000000e+02 3.181545606657985203e+01
3.160000000000000000e+02 3.297132067340390904e+01
3.170000000000000000e+02 3.416148728128365519e+01
3.180000000000000000e+02 3.538672380577669685e+01
3.190000000000000000e+02 3.664780877144792726e+01
3.200000000000000000e+02 3.794553132605974355e+01
3.210000000000000000e+02 3.928069125271966300e+01
3.220000000000000000e+02 4.065409897998802080e+01
3.230000000000000000e+02 4.206657558994864132e+01
3.240000000000000000e+02 4.351895282424604972e+01
3.250000000000000000e+02 4.501207308809419061e+01
3.260000000000000000e+02 4.654678945226174136e+01
3.270000000000000000e+02 4.812396565304028684e+01
3.280000000000000000e+02 4.974447609020226224e+01
3.290000000000000000e+02 5.140920582295631647e+01
3.300000000000000000e+02 5.311905056390838098e+01
3.310000000000000000e+02 5.487491667103773807e+01
3.320000000000000000e+02 5.667772113769744635e+01
3.330000000000000000e+02 5.852839158065001612e+01
3.340000000000000000e+02 6.042786622614924852e+01
3.350000000000000000e+02 6.237709389407984162e+01
3.360000000000000000e+02 6.437703398016732592e+01
3.370000000000000000e+02 6.642865643627125394e+01
3.380000000000000000e+02 6.853294174877535738e+01
3.390000000000000000e+02 7.069088091508839966e+01
3.400000000000000000e+02 7.290347541827115663e+01
3.410000000000000000e+02 7.517173719980402780e+01
3.420000000000000000e+02 7.749668863051167023e+01
3.430000000000000000e+02 7.987936247966064229e+01
3.440000000000000000e+02 8.232080188224701089e+01
3.450000000000000000e+02 8.482206030449114564e+01
3.460000000000000000e+02 8.738420150755747784e+01
3.470000000000000000e+02 9.000829950951765568e+01
3.480000000000000000e+02 9.269543854557505824e+01
3.490000000000000000e+02 9.544671302657096135e+01
3.500000000000000000e+02 9.826322749579014726e+01
3.510000000000000000e+02 1.011460965840875730e+02
3.520000000000000000e+02 1.040964449633548981e+02
3.530000000000000000e+02 1.071154072983484440e+02
3.540000000000000000e+02 1.102041281968987931e+02
3.550000000000000000e+02 1.133637621585237270e+02
3.560000000000000000e+02 1.165954735214657489e+02
3.570000000000000000e+02 1.199004364081765317e+02
3.580000000000000000e+02 1.232798346692698033e+02
3.590000000000000000e+02 1.267348618259652540e+02
3.600000000000000000e+02 1.302667210110466556e+02
3.610000000000000000e+02 1.338766249083562627e+02
3.620000000000000000e+02 1.375657956908489439e+02
3.630000000000000000e+02 1.413354649572298456e+02
3.640000000000000000e+02 1.451868736671981708e+02
3.650000000000000000e+02 1.491212720753215422e+02
3.660000000000000000e+02 1.531399196635642568e+02
3.670000000000000000e+02 1.572440850724944710e+02
3.680000000000000000e+02 1.614350460311926838e+02
3.690000000000000000e+02 1.657140892858877521e+02
3.700000000000000000e+02 1.700825105273436009e+02
3.710000000000000000e+02 1.745416143170218390e+02
3.720000000000000000e+02 1.790927140120440697e+02
3.730000000000000000e+02 1.837371316889798720e+02
3.740000000000000000e+02 1.884761980664838745e+02
3.750000000000000000e+02 1.933112524268076129e+02
3.760000000000000000e+02 1.982436425362111549e+02
3.770000000000000000e+02 2.032747245642983387e+02
3.780000000000000000e+02 2.084058630023019703e+02
3.790000000000000000e+02 2.136384305803430834e+02
3.800000000000000000e+02 2.189738081836890444e+02
3.810000000000000000e+02 2.244133847680366500e+02
3.820000000000000000e+02 2.299585572738435530e+02
3.830000000000000000e+02 2.356107305397342202e+02
3.840000000000000000e+02 2.413713172150051207e+02
3.850000000000000000e+02 2.472417376712527073e+02
3.860000000000000000e+02 2.532234199131514458e+02
3.870000000000000000e+02 2.593177994884040913e+02
3.880000000000000000e+02 2.655263193968906421e+02
3.890000000000000000e+02 2.718504299990397612e+02
3.900000000000000000e+02 2.782915889234471933e+02
3.910000000000000000e+02 2.848512609737666139e+02
3.920000000000000000e+02 2.915309180348950235e+02
3.930000000000000000e+02 2.983320389784798294e+02
3.940000000000000000e+02 3.052561095677692720e+02
3.950000000000000000e+02 3.123046223618309796e+02
3.960000000000000000e+02 3.194790766191637772e+02
3.970000000000000000e+02 3.267809782007242916e+02
3.980000000000000000e+02 3.342118394723930237e+02
3.990000000000000000e+02 3.417731792069043308e+02
4.000000000000000000e+02 3.494665224852616348e+02
4.010000000000000000e+02 3.572934005976619574e+02
4.020000000000000000e+02 3.652553509439536583e+02
4.030000000000000000e+02 3.733539169336482928e+02
4.040000000000000000e+02 3.815906478855106911e+02
4.050000000000000000e+02 3.899670989267494292e+02
4.060000000000000000e+02 3.984848308918286648e+02
4.070000000000000000e+02 4.071454102209266921e+02
4.080000000000000000e+02 4.159504088580579833e+02
4.090000000000000000e+02 4.249014041488864564e+02
4.100000000000000000e+02 4.339999787382456589e+02
4.110000000000000000e+02 4.432477204673916162e+02
4.120000000000000000e+02 4.526462222710069341e+02
4.130000000000000000e+02 4.621970820739779811e+02
4.140000000000000000e+02 4.719019026879657304e+02
4.150000000000000000e+02 4.817622917077900411e+02
4.160000000000000000e+02 4.917798614076490367e+02
4.170000000000000000e+02 5.019562286371910886e+02
4.180000000000000000e+02 5.122930147174628246e+02
4.190000000000000000e+02 5.227918453367491338e+02
4.200000000000000000e+02 5.334543504463259751e+02
4.210000000000000000e+02 5.442821641561466777e+02
4.220000000000000000e+02 5.552769246304765147e+02
4.230000000000000000e+02 5.664402739834987415e+02
4.240000000000000000e+02 5.777738581749071045e+02
4.250000000000000000e+02 5.892793269055048313e+02
4.260000000000000000e+02 6.009583335128273802e+02
4.270000000000000000e+02 6.128125348668049810e+02
4.280000000000000000e+02 6.248435912654879303e+02
4.290000000000000000e+02 6.370531663308422594e+02
4.300000000000000000e+02 6.494429269046426043e+02
4.310000000000000000e+02 6.620145429444730780e+02
4.320000000000000000e+02 6.747696874198534260e+02
4.330000000000000000e+02 6.877100362085093366e+02
4.340000000000000000e+02 7.008372679927970239e+02
4.350000000000000000e+02 7.141530641563066411e+02
4.360000000000000000e+02 7.276591086806481599e+02
4.370000000000000000e+02 7.413570880424497318e+02
4.380000000000000000e+02 7.552486911105659146e+02
4.390000000000000000e+02 7.693356090435285068e+02
4.400000000000000000e+02 7.836195351872389665e+02
4.410000000000000000e+02 7.981021649729268574e+02
4.420000000000000000e+02 8.127851958153830765e+02
4.430000000000000000e+02 8.276703270114844599e+02
4.440000000000000000e+02 8.427592596390190920e+02
4.450000000000000000e+02 8.580536964558318687e+02
4.460000000000000000e+02 8.735553417992958884e+02
4.470000000000000000e+02 8.892659014861291098e+02
4.480000000000000000e+02 9.051870827125625283e+02
4.490000000000000000e+02 9.213205939548781771e+02
4.500000000000000000e+02 9.376681448703233173e+02
4.510000000000000000e+02 9.542314461984161653e+02
4.520000000000000000e+02 9.710122096626531629e+02
4.530000000000000000e+02 9.880121478726304076e+02
4.540000000000000000e+02 1.005232974226585839e+03
4.550000000000000000e+02 1.022676402814380367e+03
4.560000000000000000e+02 1.040344148320921022e+03
4.570000000000000000e+02 1.058237925930041001e+03
4.580000000000000000e+02 1.076359451228843909e+03
4.590000000000000000e+02 1.094710440112526157e+03
4.600000000000000000e+02 1.113292608689680264e+03
4.610000000000000000e+02 1.132107673188094623e+03
4.620000000000000000e+02 1.151157349861056446e+03
4.630000000000000000e+02 1.170443354894166305e+03
4.640000000000000000e+02 1.189967404312671988e+03
4.650000000000000000e+02 1.209731213889335095e+03
4.660000000000000000e+02 1.229736499052831050e+03
4.670000000000000000e+02 1.249984974796696179e+03
4.680000000000000000e+02 1.270478355588827981e+03
4.690000000000000000e+02 1.291218355281545882e+03
4.700000000000000000e+02 1.312206687022217693e+03
4.710000000000000000e+02 1.333445063164465864e+03
4.720000000000000000e+02 1.354935195179950369e+03
4.730000000000000000e+02 1.376678793570741618e+03
4.740000000000000000e+02 1.398677567782292954e+03
4.750000000000000000e+02 1.420933226117005461e+03
4.760000000000000000e+02 1.443447475648408954e+03
4.770000000000000000e+02 1.466222022135950056e+03
4.780000000000000000e+02 1.489258569940404414e+03
4.790000000000000000e+02 1.512558821939906466e+03
4.800000000000000000e+02 1.536124479446616760e+03
4.810000000000000000e+02 1.559957242124015920e+03
4.820000000000000000e+02 1.584058807904845253e+03
4.830000000000000000e+02 1.608430872909688105e+03
4.840000000000000000e+02 1.633075131366197638e+03
4.850000000000000000e+02 1.657993275528985123e+03
4.860000000000000000e+02 1.683186995600157843e+03
4.870000000000000000e+02 1.708657979650521838e+03
4.880000000000000000e+02 1.734407913541448579e+03
4.890000000000000000e+02 1.760438480847414667e+03
4.900000000000000000e+02 1.786751362779204328e+03
4.910000000000000000e+02 1.813348238107797897e+03
4.920000000000000000e+02 1.840230783088929456e+03
4.930000000000000000e+02 1.867400671388334786e+03
4.940000000000000000e+02 1.894859574007673700e+03
4.950000000000000000e+02 1.922609159211149290e+03
4.960000000000000000e+02 1.950651092452809280e+03
4.970000000000000000e+02 1.978987036304540197e+03
4.980000000000000000e+02 2.007618650384758666e+03
4.990000000000000000e+02 2.036547591287793693e+03
5.000000000000000000e+02 2.065775512513971989e+03
5.010000000000000000e+02 2.095304064400394054e+03
5.020000000000000000e+02 2.125134894052421714e+03
5.030000000000000000e+02 2.155269645275859148e+03
5.040000000000000000e+02 2.185709958509843091e+03
5.050000000000000000e+02 2.216457470760431079e+03
5.060000000000000000e+02 2.247513815534903188e+03
5.070000000000000000e+02 2.278880622776762721e+03
5.080000000000000000e+02 2.310559518801452668e+03
5.090000000000000000e+02 2.342552126232766568e+03
5.100000000000000000e+02 2.374860063939984229e+03
5.110000000000000000e+02 2.407484946975699131e+03
5.120000000000000000e+02 2.440428386514369777e+03
5.130000000000000000e+02 2.473691989791564993e+03
5.140000000000000000e+02 2.507277360043934550e+03
5.150000000000000000e+02 2.541186096449869183e+03
5.160000000000000000e+02 2.575419794070886837e+03
5.170000000000000000e+02 2.609980043793714685e+03
5.180000000000000000e+02 2.644868432273084636e+03
5.190000000000000000e+02 2.680086541875230978e+03
5.200000000000000000e+02 2.715635950622104247e+03
5.210000000000000000e+02 2.751518232136272218e+03
5.220000000000000000e+02 2.787734955586543492e+03
5.230000000000000000e+02 2.824287685634287300e+03
5.240000000000000000e+02 2.861177982380448157e+03
5.250000000000000000e+02 2.898407401313277660e+03
5.260000000000000000e+02 2.935977493256750222e+03
5.270000000000000000e+02 2.973889804319686391e+03
5.280000000000000000e+02 3.012145875845568753e+03
5.290000000000000000e+02 3.050747244363056325e+03
5.300000000000000000e+02 3.089695441537189708e+03
5.310000000000000000e+02 3.128991994121289281e+03
5.320000000000000000e+02 3.168638423909540052e+03
5.330000000000000000e+02 3.208636247690272285e+03
5.340000000000000000e+02 3.248986977199918783e+03
5.350000000000000000e+02 3.289692119077663392e+03
5.360000000000000000e+02 3.330753174820767981e+03
5.370000000000000000e+02 3.372171640740577459e+03
5.380000000000000000e+02 3.413949007919203723e+03
5.390000000000000000e+02 3.456086762166888548e+03
5.400000000000000000e+02 3.498586383980029495e+03
5.410000000000000000e+02 3.541449348499882490e+03
5.420000000000000000e+02 3.584677125471934232e+03
5.430000000000000000e+02 3.628271179205929002e+03
5.440000000000000000e+02 3.672232968536567114e+03
5.450000000000000000e+02 3.716563946784857308e+03
5.460000000000000000e+02 3.761265561720128517e+03
5.470000000000000000e+02 3.806339255522691474e+03
5.480000000000000000e+02 3.851786464747156515e+03
5.490000000000000000e+02 3.897608620286390760e+03
5.500000000000000000e+02 3.943807147336126945e+03
5.510000000000000000e+02 3.990383465360207538e+03
5.520000000000000000e+02 4.037338988056478684e+03
5.530000000000000000e+02 4.084675123323299431e+03
5.540000000000000000e+02 4.132393273226702149e+03
5.550000000000000000e+02 4.180494833968170497e+03
5.560000000000000000e+02 4.228981195853042664e+03
5.570000000000000000e+02 4.277853743259541261e+03
5.580000000000000000e+02 4.327113854608424845e+03
5.590000000000000000e+02 4.376762902333236525e+03
5.600000000000000000e+02 4.426802252851181038e+03
5.610000000000000000e+02 4.477233266534611175e+03
5.620000000000000000e+02 4.528057297683099023e+03
5.630000000000000000e+02 4.579275694496130200e+03
5.640000000000000000e+02 4.630889799046377448e+03
5.650000000000000000e+02 4.682900947253586310e+03
5.660000000000000000e+02 4.735310468859021967e+03
5.670000000000000000e+02 4.788119687400537259e+03
5.680000000000000000e+02 4.841329920188192773e+03
5.690000000000000000e+02 4.894942478280469004e+03
5.700000000000000000e+02 4.948958666461051507e+03
5.710000000000000000e+02 5.003379783216190845e+03
5.720000000000000000e+02 5.058207120712614596e+03
5.730000000000000000e+02 5.113441964776015084e+03
5.740000000000000000e+02 5.169085594870101886e+03
5.750000000000000000e+02 5.225139284076185504e+03
5.760000000000000000e+02 5.281604299073336733e+03
5.770000000000000000e+02 5.338481900119076272e+03
5.780000000000000000e+02 5.395773341030620031e+03
5.790000000000000000e+02 5.453479869166652861e+03
5.800000000000000000e+02 5.511602725409644336e+03
5.810000000000000000e+02 5.570143144148693864e+03
5.820000000000000000e+02 5.629102353262887846e+03
5.830000000000000000e+02 5.688481574105219806e+03
5.840000000000000000e+02 5.748282021486978920e+03
5.850000000000000000e+02 5.808504903662685138e+03
5.860000000000000000e+02 5.869151422315530908e+03
5.870000000000000000e+02 5.930222772543319479e+03
5.880000000000000000e+02 5.991720142844915244e+03
5.890000000000000000e+02 6.053644715107180673e+03
5.900000000000000000e+02 6.115997664592427100e+03
5.910000000000000000e+02 6.178780159926332999e+03
5.920000000000000000e+02 6.241993363086353384e+03
5.930000000000000000e+02 6.305638429390638521e+03
5.940000000000000000e+02 6.369716507487377385e+03
5.950000000000000000e+02 6.434228739344666792e+03
5.960000000000000000e+02 6.499176260240811644e+03
5.970000000000000000e+02 6.564560198755117199e+03
5.980000000000000000e+02 6.630381676759124275e+03
5.990000000000000000e+02 6.696641809408303743e+03
6.000000000000000000e+02 6.763341705134219410e+03
6.010000000000000000e+02 6.830482465637112000e+03
6.020000000000000000e+02 6.898065185878953343e+03
6.030000000000000000e+02 6.966090954076919843e+03
6.040000000000000000e+02 7.034560851697321596e+03
6.050000000000000000e+02 7.103475953449947156e+03
6.060000000000000000e+02 7.172837327282842125e+03
6.070000000000000000e+02 7.242646034377512478e+03
6.080000000000000000e+02 7.312903129144543527e+03
6.090000000000000000e+02 7.383609659219639980e+03
6.100000000000000000e+02 7.454766665460069817e+03
6.110000000000000000e+02 7.526375181941518349e+03
6.120000000000000000e+02 7.598436235955348820e+03
6.130000000000000000e+02 7.670950848006263186e+03
6.140000000000000000e+02 7.743920031810332148e+03
6.150000000000000000e+02 7.817344794293469931e+03
6.160000000000000000e+02 7.891226135590229205e+03
6.170000000000000000e+02 7.965565049043038016e+03
6.180000000000000000e+02 8.040362521201767777e+03
6.190000000000000000e+02 8.115619531823715988e+03
6.200000000000000000e+02 8.191337053873925470e+03
6.210000000000000000e+02 8.267516053525896496e+03
6.220000000000000000e+02 8.344157490162639078e+03
6.230000000000000000e+02 8.421262316378106334e+03
6.240000000000000000e+02 8.498831477978956173e+03
6.250000000000000000e+02 8.576865913986690430e+03
6.260000000000000000e+02 8.655366556640126873e+03
6.270000000000000000e+02 8.734334331398207723e+03
6.280000000000000000e+02 8.813770156943161055e+03
6.290000000000000000e+02 8.893674945183982345e+03
6.300000000000000000e+02 8.974049601260277996e+03
6.310000000000000000e+02 9.054895023546368975e+03
6.320000000000000000e+02 9.136212103655814644e+03
6.330000000000000000e+02 9.218001726446163957e+03
6.340000000000000000e+02 9.300264770024077734e+03
6.350000000000000000e+02 9.383002105750752889e+03
6.360000000000000000e+02 9.466214598247623144e+03
6.370000000000000000e+02 9.549903105402425354e+03
6.380000000000000000e+02 9.634068478375507766e+03
6.390000000000000000e+02 9.718711561606449322e+03
6.400000000000000000e+02 9.803833192821004559e+03
6.410000000000000000e+02 9.889434203038310443e+03
6.420000000000000000e+02 9.975515416578356962e+03
6.430000000000000000e+02 1.006207765106980150e+04
6.440000000000000000e+02 1.014912171745800333e+04
6.450000000000000000e+02 1.023664842001335819e+04
6.460000000000000000e+02 1.032465855633990577e+04
6.470000000000000000e+02 1.041315291738420274e+04
6.480000000000000000e+02 1.050213228744444496e+04
6.490000000000000000e+02 1.059159744417988804e+04
6.500000000000000000e+02 1.068154915862046801e+04
6.510000000000000000e+02 1.077198819517673655e+04
6.520000000000000000e+02 1.086291531165000197e+04
6.530000000000000000e+02 1.095433125924273736e+04
6.540000000000000000e+02 1.104623678256922540e+04
6.550000000000000000e+02 1.113863261966644495e+04
6.560000000000000000e+02 1.123151950200519968e+04
6.570000000000000000e+02 1.132489815450146853e+04
6.580000000000000000e+02 1.141876929552798902e+04
6.590000000000000000e+02 1.151313363692608073e+04
6.600000000000000000e+02 1.160799188401767060e+04
6.610000000000000000e+02 1.170334473561755112e+04
6.620000000000000000e+02 1.179919288404585495e+04
6.630000000000000000e+02 1.189553701514074237e+04
6.640000000000000000e+02 1.199237780827129063e+04
6.650000000000000000e+02 1.208971593635059435e+04
6.660000000000000000e+02 1.218755206584909683e+04
6.670000000000000000e+02 1.228588685680805065e+04
6.680000000000000000e+02 1.238472096285327279e+04
6.690000000000000000e+02 1.248405503120901267e+04
6.700000000000000000e+02 1.258388970271204926e+04
6.710000000000000000e+02 1.268422561182597929e+04
6.720000000000000000e+02 1.278506338665566545e+04
6.730000000000000000e+02 1.288640364896189749e+04
6.740000000000000000e+02 1.298824701417620963e+04
6.750000000000000000e+02 1.309059409141589094e+04
6.760000000000000000e+02 1.319344548349914294e+04
6.770000000000000000e+02 1.329680178696045550e+04
6.780000000000000000e+02 1.340066359206608831e+04
6.790000000000000000e+02 1.350503148282976326e+04
6.800000000000000000e+02 1.360990603702851695e+04
6.810000000000000000e+02 1.371528782621866958e+04
6.820000000000000000e+02 1.382117741575201399e+04
6.830000000000000000e+02 1.392757536479209557e+04
6.840000000000000000e+02 1.403448222633069054e+04
6.850000000000000000e+02 1.414189854720440235e+04
6.860000000000000000e+02 1.424982486811141644e+04
6.870000000000000000e+02 1.435826172362839861e+04
6.880000000000000000e+02 1.446720964222752264e+04
6.890000000000000000e+02 1.457666914629364692e+04
6.900000000000000000e+02 1.468664075214162767e+04
6.910000000000000000e+02 1.479712497003373574e+04
6.920000000000000000e+02 1.490812230419724438e+04
6.930000000000000000e+02 1.501963325284210805e+04
6.940000000000000000e+02 1.513165830817879942e+04
6.950000000000000000e+02 1.524419795643623183e+04
6.960000000000000000e+02 1.535725267787982375e+04
6.970000000000000000e+02 1.547082294682968313e+04
6.980000000000000000e+02 1.558490923167888104e+04
6.990000000000000000e+02 1.569951199491187435e+04
7.000000000000000000e+02 1.581463169312299397e+04
7.010000000000000000e+02 1.593026877703509126e+04
7.020000000000000000e+02 1.604642369151823368e+04
7.030000000000000000e+02 1.616309687560855127e+04
7.040000000000000000e+02 1.628028876252715054e+04
7.050000000000000000e+02 1.639799977969914107e+04
7.060000000000000000e+02 1.651623034877276950e+04
7.070000000000000000e+02 1.663498088563859710e+04
7.080000000000000000e+02 1.675425180044884110e+04
7.090000000000000000e+02 1.687404349763675054e+04
7.100000000000000000e+02 1.699435637593606953e+04
7.110000000000000000e+02 1.711519082840063129e+04
7.120000000000000000e+02 1.723654724242399607e+04
7.130000000000000000e+02 1.735842599975914345e+04
7.140000000000000000e+02 1.748082747653832485e+04
7.150000000000000000e+02 1.760375204329291228e+04
7.160000000000000000e+02 1.772720006497337090e+04
7.170000000000000000e+02 1.785117190096925333e+04
7.180000000000000000e+02 1.797566790512935404e+04
7.190000000000000000e+02 1.810068842578178737e+04
7.200000000000000000e+02 1.822623380575430929e+04
7.210000000000000000e+02 1.835230438239453724e+04
7.220000000000000000e+02 1.847890048759037018e+04
7.230000000000000000e+02 1.860602244779032480e+04
7.240000000000000000e+02 1.873367058402407929e+04
7.250000000000000000e+02 1.886184521192297689e+04
7.260000000000000000e+02 1.899054664174060599e+04
7.270000000000000000e+02 1.911977517837344567e+04
7.280000000000000000e+02 1.924953112138154029e+04
7.290000000000000000e+02 1.937981476500926146e+04
7.300000000000000000e+02 1.951062639820606637e+04
7.310000000000000000e+02 1.964196630464734335e+04
7.320000000000000000e+02 1.977383476275526118e+04
7.330000000000000000e+02 1.990623204571973110e+04
7.340000000000000000e+02 2.003915842151931065e+04
7.350000000000000000e+02 2.017261415294223480e+04
7.360000000000000000e+02 2.030659949760742165e+04
7.370000000000000000e+02 2.044111470798555456e+04
7.380000000000000000e+02 2.057616003142017507e+04
7.390000000000000000e+02 2.071173571014883419e+04
7.400000000000000000e+02 2.084784198132421079e+04
7.410000000000000000e+02 2.098447907703536112e+04
7.420000000000000000e+02 2.112164722432886629e+04
7.430000000000000000e+02 2.125934664523015817e+04
7.440000000000000000e+02 2.139757755676472880e+04
7.450000000000000000e+02 2.153634017097944525e+04
7.460000000000000000e+02 2.167563469496385369e+04
7.470000000000000000e+02 2.181546133087152703e+04
7.480000000000000000e+02 2.195582027594140527e+04
7.490000000000000000e+02 2.209671172251915050e+04
7.500000000000000000e+02 2.223813585807856361e+04
7.510000000000000000e+02 2.238009286524294657e+04
7.520000000000000000e+02 2.252258292180656281e+04
7.530000000000000000e+02 2.266560620075598490e+04
7.540000000000000000e+02 2.280916287029159867e+04
7.550000000000000000e+02 2.295325309384901630e+04
7.560000000000000000e+02 2.309787703012050406e+04
7.570000000000000000e+02 2.324303483307647548e+04
7.580000000000000000e+02 2.338872665198692630e+04
7.590000000000000000e+02 2.353495263144289856e+04
7.600000000000000000e+02 2.368171291137796652e+04
7.610000000000000000e+02 2.382900762708966795e+04
7.620000000000000000e+02 2.397683690926101553e+04
7.630000000000000000e+02 2.412520088398191001e+04
7.640000000000000000e+02 2.427409967277065880e+04
7.650000000000000000e+02 2.442353339259539644e+04
7.660000000000000000e+02 2.457350215589554136e+04
7.670000000000000000e+02 2.472400607060327093e+04
7.680000000000000000e+02 2.487504524016494543e+04
7.690000000000000000e+02 2.502661976356251762e+04
7.700000000000000000e+02 2.517872973533501863e+04
7.710000000000000000e+02 2.533137524559990197e+04
7.720000000000000000e+02 2.548455638007450762e+04
7.730000000000000000e+02 2.563827322009739873e+04
7.740000000000000000e+02 2.579252584264977850e+04
7.750000000000000000e+02 2.594731432037684499e+04
7.760000000000000000e+02 2.610263872160910614e+04
7.770000000000000000e+02 2.625849911038376376e+04
7.780000000000000000e+02 2.641489554646597026e+04
7.790000000000000000e+02 2.657182808537017263e+04
7.800000000000000000e+02 2.672929677838134739e+04
7.810000000000000000e+02 2.688730167257630092e+04
7.820000000000000000e+02 2.704584281084484246e+04
7.830000000000000000e+02 2.720492023191105181e+04
7.840000000000000000e+02 2.736453397035444141e+04
7.850000000000000000e+02 2.752468405663112571e+04
7.860000000000000000e+02 2.768537051709496154e+04
7.870000000000000000e+02 2.784659337401865196e+04
7.880000000000000000e+02 2.800835264561486474e+04
7.890000000000000000e+02 2.817064834605725628e+04
7.900000000000000000e+02 2.833348048550151361e+04
7.910000000000000000e+02 2.849684907010639290e+04
7.920000000000000000e+02 2.866075410205465232e+04
7.930000000000000000e+02 2.882519557957398865e+04
7.940000000000000000e+02 2.899017349695801022e+04
7.950000000000000000e+02 2.915568784458704977e+04
7.960000000000000000e+02 2.932173860894903919e+04
7.970000000000000000e+02 2.948832577266034059e+04
7.980000000000000000e+02 2.965544931448649731e+04
7.990000000000000000e+02 2.982310920936298498e+04
8.000000000000000000e+02 2.999130542841594797e+04
8.010000000000000000e+02 3.016003793898283766e+04
8.020000000000000000e+02 3.032930670463307615e+04
8.030000000000000000e+02 3.049911168518861814e+04
8.040000000000000000e+02 3.066945283674456005e+04
8.050000000000000000e+02 3.084033011168960729e+04
8.060000000000000000e+02 3.101174345872662525e+04
8.070000000000000000e+02 3.118369282289300827e+04
8.080000000000000000e+02 3.135617814558112877e+04
8.090000000000000000e+02 3.152919936455866991e+04
8.100000000000000000e+02 3.170275641398895823e+04
8.110000000000000000e+02 3.187684922445125994e+04
8.120000000000000000e+02 3.205147772296093899e+04
8.130000000000000000e+02 3.222664183298974967e+04
8.140000000000000000e+02 3.240234147448588192e+04
8.150000000000000000e+02 3.257857656389411932e+04
8.160000000000000000e+02 3.275534701417588440e+04
8.170000000000000000e+02 3.293265273482925113e+04
8.180000000000000000e+02 3.311049363190885924e+04
8.190000000000000000e+02 3.328886960804589762e+04
8.200000000000000000e+02 3.346778056246793858e+04
8.210000000000000000e+02 3.364722639101875393e+04
8.220000000000000000e+02 3.382720698617809830e+04
8.230000000000000000e+02 3.400772223708142701e+04
8.240000000000000000e+02 3.418877202953957021e+04
8.250000000000000000e+02 3.437035624605834892e+04
8.260000000000000000e+02 3.455247476585819823e+04
8.270000000000000000e+02 3.473512746489360143e+04
8.280000000000000000e+02 3.491831421587264776e+04
8.290000000000000000e+02 3.510203488827640103e+04
8.300000000000000000e+02 3.528628934837831184e+04
8.310000000000000000e+02 3.547107745926348434e+04
8.320000000000000000e+02 3.565639908084800845e+04
8.330000000000000000e+02 3.584225406989810290e+04
8.340000000000000000e+02 3.602864228004932374e+04
8.350000000000000000e+02 3.621556356182564923e+04
8.360000000000000000e+02 3.640301776265854278e+04
8.370000000000000000e+02 3.659100472690594324e+04
8.380000000000000000e+02 3.677952429587121878e+04
8.390000000000000000e+02 3.696857630782203341e+04
8.400000000000000000e+02 3.715816059800919902e+04
8.410000000000000000e+02 3.734827699868546915e+04
8.420000000000000000e+02 3.753892533912420186e+04
8.430000000000000000e+02 3.773010544563810254e+04
8.440000000000000000e+02 3.792181714159778494e+04
8.450000000000000000e+02 3.811406024745032482e+04
8.460000000000000000e+02 3.830683458073777729e+04
8.470000000000000000e+02 3.850013995611560676e+04
8.480000000000000000e+02 3.869397618537103699e+04
8.490000000000000000e+02 3.888834307744145190e+04
8.500000000000000000e+02 3.908324043843259278e+04
8.510000000000000000e+02 3.927866807163674821e+04
8.520000000000000000e+02 3.947462577755098755e+04
8.530000000000000000e+02 3.967111335389518354e+04
8.540000000000000000e+02 3.986813059563007118e+04
8.550000000000000000e+02 4.006567729497521213e+04
8.560000000000000000e+02 4.026375324142687896e+04
8.570000000000000000e+02 4.046235822177598311e+04
8.580000000000000000e+02 4.066149202012577007e+04
8.590000000000000000e+02 4.086115441790965269e+04
8.600000000000000000e+02 4.106134519390879723e+04
8.610000000000000000e+02 4.126206412426979659e+04
8.620000000000000000e+02 4.146331098252220545e+04
8.630000000000000000e+02 4.166508553959598794e+04
8.640000000000000000e+02 4.186738756383904547e+04
8.650000000000000000e+02 4.207021682103448256e+04
8.660000000000000000e+02 4.227357307441801095e+04
8.670000000000000000e+02 4.247745608469509170e+04
8.680000000000000000e+02 4.268186561005821568e+04
8.690000000000000000e+02 4.288680140620401653e+04
8.700000000000000000e+02 4.309226322635026008e+04
8.710000000000000000e+02 4.329825082125292829e+04
8.720000000000000000e+02 4.350476393922311399e+04
8.730000000000000000e+02 4.371180232614391571e+04
8.740000000000000000e+02 4.391936572548725962e+04
8.750000000000000000e+02 4.412745387833064888e+04
8.760000000000000000e+02 4.433606652337380365e+04
8.770000000000000000e+02 4.454520339695539587e+04
8.780000000000000000e+02 4.475486423306951474e+04
8.790000000000000000e+02 4.496504876338224858e+04
8.800000000000000000e+02 4.517575671724804124e+04
8.810000000000000000e+02 4.538698782172615756e+04
8.820000000000000000e+02 4.559874180159696698e+04
8.830000000000000000e+02 4.581101837937815435e+04
8.840000000000000000e+02 4.602381727534096717e+04
8.850000000000000000e+02 4.623713820752635365e+04
8.860000000000000000e+02 4.645098089176093345e+04
8.870000000000000000e+02 4.666534504167307750e+04
8.880000000000000000e+02 4.688023036870889337e+04
8.890000000000000000e+02 4.709563658214797033e+04
8.900000000000000000e+02 4.731156338911929197e+04
8.910000000000000000e+02 4.752801049461692310e+04
8.920000000000000000e+02 4.774497760151576222e+04
8.930000000000000000e+02 4.796246441058710479e+04
8.940000000000000000e+02 4.818047062051420653e+04
8.950000000000000000e+02 4.839899592790786846e+04
8.960000000000000000e+02 4.861804002732170920e+04
8.970000000000000000e+02 4.883760261126769183e+04
8.980000000000000000e+02 4.905768337023133790e+04
8.990000000000000000e+02 4.927828199268698518e+04
9.000000000000000000e+02 4.949939816511302342e+04
9.010000000000000000e+02 4.972103157200690475e+04
9.020000000000000000e+02 4.994318189590032125e+04
9.030000000000000000e+02 5.016584881737407704e+04
9.040000000000000000e+02 5.038903201507310587e+04
9.050000000000000000e+02 5.061273116572132858e+04
9.060000000000000000e+02 5.083694594413637242e+04
9.070000000000000000e+02 5.106167602324437757e+04
9.080000000000000000e+02 5.128692107409468008e+04
9.090000000000000000e+02 5.151268076587439282e+04
9.100000000000000000e+02 5.173895476592295745e+04
9.110000000000000000e+02 5.196574273974663083e+04
9.120000000000000000e+02 5.219304435103294963e+04
9.130000000000000000e+02 5.242085926166500576e+04
9.140000000000000000e+02 5.264918713173583092e+04
9.150000000000000000e+02 5.287802761956257018e+04
9.160000000000000000e+02 5.310738038170067739e+04
9.170000000000000000e+02 5.333724507295805961e+04
9.180000000000000000e+02 5.356762134640903241e+04
9.190000000000000000e+02 5.379850885340839159e+04
9.200000000000000000e+02 5.402990724360531749e+04
9.210000000000000000e+02 5.426181616495719209e+04
9.220000000000000000e+02 5.449423526374343783e+04
9.230000000000000000e+02 5.472716418457924738e+04
9.240000000000000000e+02 5.496060257042921876e+04
9.250000000000000000e+02 5.519455006262104871e+04
9.260000000000000000e+02 5.542900630085896410e+04
9.270000000000000000e+02 5.566397092323731340e+04
9.280000000000000000e+02 5.589944356625395449e+04
9.290000000000000000e+02 5.613542386482359871e+04
9.300000000000000000e+02 5.637191145229114045e+04
9.310000000000000000e+02 5.660890596044488484e+04
9.320000000000000000e+02 5.684640701952970994e+04
9.330000000000000000e+02 5.708441425826022896e+04
9.340000000000000000e+02 5.732292730383380695e+04
9.350000000000000000e+02 5.756194578194357018e+04
9.360000000000000000e+02 5.780146931679133559e+04
9.370000000000000000e+02 5.804149753110049642e+04
9.380000000000000000e+02 5.828203004612879886e+04
9.390000000000000000e+02 5.852306648168119136e+04
9.400000000000000000e+02 5.876460645612233930e+04
9.410000000000000000e+02 5.900664958638943062e+04
9.420000000000000000e+02 5.924919548800469056e+04
9.430000000000000000e+02 5.949224377508780890e+04
9.440000000000000000e+02 5.973579406036852015e+04
9.450000000000000000e+02 5.997984595519889263e+04
9.460000000000000000e+02 6.022439906956574123e+04
9.470000000000000000e+02 6.046945301210279285e+04
9.480000000000000000e+02 6.071500739010301913e+04
9.490000000000000000e+02 6.096106180953067087e+04
9.500000000000000000e+02 6.120761587503347255e+04
9.510000000000000000e+02 6.145466918995458400e+04
9.520000000000000000e+02 6.170222135634459119e+04
9.530000000000000000e+02 6.195027197497343877e+04
9.540000000000000000e+02 6.219882064534227538e+04
9.550000000000000000e+02 6.244786696569525520e+04
9.560000000000000000e+02 6.269741053303122317e+04
9.570000000000000000e+02 6.294745094311550929e+04
9.580000000000000000e+02 6.319798779049143923e+04
9.590000000000000000e+02 6.344902066849193943e+04
9.600000000000000000e+02 6.370054916925108409e+04
9.610000000000000000e+02 6.395257288371540926e+04
9.620000000000000000e+02 6.420509140165552526e+04
9.630000000000000000e+02 6.445810431167721981e+04
9.640000000000000000e+02 6.471161120123288856e+04
9.650000000000000000e+02 6.496561165663263819e+04
9.660000000000000000e+02 6.522010526305558597e+04
9.670000000000000000e+02 6.547509160456081008e+04
9.680000000000000000e+02 6.573057026409849641e+04
9.690000000000000000e+02 6.598654082352091791e+04
9.700000000000000000e+02 6.624300286359332677e+04
9.710000000000000000e+02 6.649995596400488284e+04
9.720000000000000000e+02 6.675739970337941486e+04
9.730000000000000000e+02 6.701533365928621788e+04
9.740000000000000000e+02 6.727375740825080720e+04
9.750000000000000000e+02 6.753267052576548303e+04
9.760000000000000000e+02 6.779207258630002616e+04
9.770000000000000000e+02 6.805196316331211710e+04
9.780000000000000000e+02 6.831234182925795903e+04
9.790000000000000000e+02 6.857320815560255141e+04
9.800000000000000000e+02 6.883456171283029835e+04
9.810000000000000000e+02 6.909640207045507850e+04
9.820000000000000000e+02 6.935872879703067883e+04
9.830000000000000000e+02 6.962154146016093728e+04
9.840000000000000000e+02 6.988483962650991452e+04
9.850000000000000000e+02 7.014862286181208037e+04
9.860000000000000000e+02 7.041289073088217992e+04
9.870000000000000000e+02 7.067764279762540536e+04
9.880000000000000000e+02 7.094287862504724762e+04
9.890000000000000000e+02 7.120859777526347898e+04
9.900000000000000000e+02 7.147479980950984464e+04
9.910000000000000000e+02 7.174148428815197258e+04
9.920000000000000000e+02 7.200865077069509425e+04
9.930000000000000000e+02 7.227629881579359062e+04
9.940000000000000000e+02 7.254442798126082926e+04
9.950000000000000000e+02 7.281303782407857943e+04
9.960000000000000000e+02 7.308212790040658729e+04
9.970000000000000000e+02 7.335169776559199090e+04
9.980000000000000000e+02 7.362174697417886637e+04
9.990000000000000000e+02 7.389227507991748280e+04
