# BB temperature (K); Intensity through filter (ph/s/m^2/mas^2)
1.000000000000000000e+01 0.000000000000000000e+00
1.100000000000000000e+01 0.000000000000000000e+00
1.200000000000000000e+01 0.000000000000000000e+00
1.300000000000000000e+01 0.000000000000000000e+00
1.400000000000000000e+01 0.000000000000000000e+00
1.500000000000000000e+01 0.000000000000000000e+00
1.600000000000000000e+01 0.000000000000000000e+00
1.700000000000000000e+01 0.000000000000000000e+00
1.800000000000000000e+01 0.000000000000000000e+00
1.900000000000000000e+01 0.000000000000000000e+00
2.000000000000000000e+01 0.000000000000000000e+00
2.100000000000000000e+01 7.465813965925243319e-56
2.200000000000000000e+01 4.624132492009098403e-53
2.300000000000000000e+01 1.640933002263164595e-50
2.400000000000000000e+01 3.576508414279676703e-48
2.500000000000000000e+01 5.075824630279313544e-46
2.600000000000000000e+01 4.928368707726118426e-44
2.700000000000000000e+01 3.414605204449155841e-42
2.800000000000000000e+01 1.750244250856045234e-40
2.900000000000000000e+01 6.846939358146035124e-39
3.000000000000000000e+01 2.100155730525059376e-37
3.100000000000000000e+01 5.170950439643494121e-36
3.200000000000000000e+01 1.043241498994692389e-34
3.300000000000000000e+01 1.756082206531201287e-33
3.400000000000000000e+01 2.505978948490404635e-32
3.500000000000000000e+01 3.074812235896583986e-31
3.600000000000000000e+01 3.284907614784576587e-30
3.700000000000000000e+01 3.089986857906217196e-29
3.800000000000000000e+01 2.585072991689091467e-28
3.900000000000000000e+01 1.940793445710643471e-27
4.000000000000000000e+01 1.318236549003796226e-26
4.100000000000000000e+01 8.159983191933772010e-26
4.200000000000000000e+01 4.633822332639624370e-25
4.300000000000000000e+01 2.428561274071493134e-24
4.400000000000000000e+01 1.181101114772333528e-23
4.500000000000000000e+01 5.356878937769678438e-23
4.600000000000000000e+01 2.276115225973684752e-22
4.700000000000000000e+01 9.097827215540401712e-22
4.800000000000000000e+01 3.433961433683082460e-21
4.900000000000000000e+01 1.228247510125895019e-20
5.000000000000000000e+01 4.176440119778418794e-20
5.100000000000000000e+01 1.354079661410599963e-19
5.200000000000000000e+01 4.197479114548725538e-19
5.300000000000000000e+01 1.247206711204947133e-18
5.400000000000000000e+01 3.560506595644426981e-18
5.500000000000000000e+01 9.787067694348195104e-18
5.600000000000000000e+01 2.595598398303652434e-17
5.700000000000000000e+01 6.653984140367895090e-17
5.800000000000000000e+01 1.651750746279619836e-16
5.900000000000000000e+01 3.976797767078062816e-16
6.000000000000000000e+01 9.300566692327578065e-16
6.100000000000000000e+01 2.115873302433569236e-15
6.200000000000000000e+01 4.688694435440151312e-15
6.300000000000000000e+01 1.013298292130313777e-14
6.400000000000000000e+01 2.138223719866338311e-14
6.500000000000000000e+01 4.410376076274974277e-14
6.600000000000000000e+01 8.901273786538076353e-14
6.700000000000000000e+01 1.759557701248473293e-13
6.800000000000000000e+01 3.409775317509669289e-13
6.900000000000000000e+01 6.483239806933620588e-13
7.000000000000000000e+01 1.210471018713471346e-12
7.100000000000000000e+01 2.220980965763115883e-12
7.200000000000000000e+01 4.007533426233898562e-12
7.300000000000000000e+01 7.116196841591190176e-12
7.400000000000000000e+01 1.244336548385652703e-11
7.500000000000000000e+01 2.143939726623171844e-11
7.600000000000000000e+01 3.641865153122300071e-11
7.700000000000000000e+01 6.102537489129040582e-11
7.800000000000000000e+01 1.009250296785911868e-10
7.900000000000000000e+01 1.648178520514874760e-10
8.000000000000000000e+01 2.659077110210487928e-10
8.100000000000000000e+01 4.240072250053638128e-10
8.200000000000000000e+01 6.685226227963797769e-10
8.300000000000000000e+01 1.042642663081988408e-09
8.400000000000000000e+01 1.609159386737628435e-09
8.500000000000000000e+01 2.458479664107494484e-09
8.600000000000000000e+01 3.719551343339816392e-09
8.700000000000000000e+01 5.574633135506227315e-09
8.800000000000000000e+01 8.279090982527187751e-09
8.900000000000000000e+01 1.218771435820782580e-08
9.000000000000000000e+01 1.778942362512206155e-08
9.100000000000000000e+01 2.575269517391847036e-08
9.200000000000000000e+01 3.698457667119817892e-08
9.300000000000000000e+01 5.270681349643985618e-08
9.400000000000000000e+01 7.455337358444357083e-08
9.500000000000000000e+01 1.046945566536747041e-07
9.600000000000000000e+01 1.459939213866420141e-07
9.700000000000000000e+01 2.022054775822977094e-07
9.800000000000000000e+01 2.782199874016650006e-07
9.900000000000000000e+01 3.803708189457187575e-07
1.000000000000000000e+02 5.168116153322765881e-07
1.010000000000000000e+02 6.979801022061399268e-07
1.020000000000000000e+02 9.371646752830437622e-07
1.030000000000000000e+02 1.251193005956636381e-06
1.040000000000000000e+02 1.661264795617023021e-06
1.050000000000000000e+02 2.193954015881106788e-06
1.060000000000000000e+02 2.882409509214636673e-06
1.070000000000000000e+02 3.767786708018361359e-06
1.080000000000000000e+02 4.900947474265290723e-06
1.090000000000000000e+02 6.344469678583698348e-06
1.100000000000000000e+02 8.175013137659543246e-06
1.110000000000000000e+02 1.048609392012235839e-05
1.120000000000000000e+02 1.339132481935440996e-05
1.130000000000000000e+02 1.702818597991825734e-05
1.140000000000000000e+02 2.156239625265903310e-05
1.150000000000000000e+02 2.719296283909687677e-05
1.160000000000000000e+02 3.415799416240105523e-05
1.170000000000000000e+02 4.274136866066854430e-05
1.180000000000000000e+02 5.328036032569420682e-05
1.190000000000000000e+02 6.617433029078965295e-05
1.200000000000000000e+02 8.189460258494094208e-05
1.210000000000000000e+02 1.009956512947497714e-04
1.220000000000000000e+02 1.241277357838985976e-04
1.230000000000000000e+02 1.520511302827897088e-04
1.240000000000000000e+02 1.856521040458598631e-04
1.250000000000000000e+02 2.259608183452348228e-04
1.260000000000000000e+02 2.741713167884156236e-04
1.270000000000000000e+02 3.316637957735452027e-04
1.280000000000000000e+02 4.000293522851297665e-04
1.290000000000000000e+02 4.810974166403531233e-04
1.300000000000000000e+02 5.769660881740721475e-04
1.310000000000000000e+02 6.900356021503110341e-04
1.320000000000000000e+02 8.230451663595695711e-04
1.330000000000000000e+02 9.791134158534976761e-04
1.340000000000000000e+02 1.161782744029935411e-03
1.350000000000000000e+02 1.375067777760115642e-03
1.360000000000000000e+02 1.623508273394276037e-03
1.370000000000000000e+02 1.912226719240601482e-03
1.380000000000000000e+02 2.246990938434764717e-03
1.390000000000000000e+02 2.634281993953717111e-03
1.400000000000000000e+02 3.081367704829580771e-03
1.410000000000000000e+02 3.596382089340902696e-03
1.420000000000000000e+02 4.188411057054456169e-03
1.430000000000000000e+02 4.867584677018811992e-03
1.440000000000000000e+02 5.645176354130721288e-03
1.450000000000000000e+02 6.533709249670073202e-03
1.460000000000000000e+02 7.547070285193497631e-03
1.470000000000000000e+02 8.700632071359938602e-03
1.480000000000000000e+02 1.001138310480464456e-02
1.490000000000000000e+02 1.149806657685677712e-02
1.500000000000000000e+02 1.318132813768797297e-02
1.510000000000000000e+02 1.508387295836760740e-02
1.520000000000000000e+02 1.723063243127027216e-02
1.530000000000000000e+02 1.964894084632146792e-02
1.540000000000000000e+02 2.236872237667236751e-02
1.550000000000000000e+02 2.542268870255986676e-02
1.560000000000000000e+02 2.884654759633393725e-02
1.570000000000000000e+02 3.267922278492672861e-02
1.580000000000000000e+02 3.696308539840119367e-02
1.590000000000000000e+02 4.174419730466534528e-02
1.600000000000000000e+02 4.707256662098464189e-02
1.610000000000000000e+02 5.300241568258672736e-02
1.620000000000000000e+02 5.959246173745266772e-02
1.630000000000000000e+02 6.690621062434808086e-02
1.640000000000000000e+02 7.501226367829595676e-02
1.650000000000000000e+02 8.398463809405795621e-02
1.660000000000000000e+02 9.390310096380430349e-02
1.670000000000000000e+02 1.048535171900515095e-01
1.680000000000000000e+02 1.169282114591643634e-01
1.690000000000000000e+02 1.302263444442958162e-01
1.700000000000000000e+02 1.448543033896149690e-01
1.710000000000000000e+02 1.609261072100898193e-01
1.720000000000000000e+02 1.785638262229941875e-01
1.730000000000000000e+02 1.978980166087384585e-01
1.740000000000000000e+02 2.190681696796293043e-01
1.750000000000000000e+02 2.422231760157928515e-01
1.760000000000000000e+02 2.675218045077859541e-01
1.770000000000000000e+02 2.951331963254354429e-01
1.780000000000000000e+02 3.252373738122185665e-01
1.790000000000000000e+02 3.580257642840778964e-01
1.800000000000000000e+02 3.937017386910192651e-01
1.810000000000000000e+02 4.324811650791789419e-01
1.820000000000000000e+02 4.745929767703609969e-01
1.830000000000000000e+02 5.202797551553451916e-01
1.840000000000000000e+02 5.697983269766156988e-01
1.850000000000000000e+02 6.234203759556077307e-01
1.860000000000000000e+02 6.814330685991333292e-01
1.870000000000000000e+02 7.441396939994169291e-01
1.880000000000000000e+02 8.118603174221321606e-01
1.890000000000000000e+02 8.849324474570661181e-01
1.900000000000000000e+02 9.637117164865790508e-01
1.910000000000000000e+02 1.048572574207883967e+00
1.920000000000000000e+02 1.139908993926417979e+00
1.930000000000000000e+02 1.238135191319224226e+00
1.940000000000000000e+02 1.343686355349357653e+00
1.950000000000000000e+02 1.457019390994873431e+00
1.960000000000000000e+02 1.578613673439028364e+00
1.970000000000000000e+02 1.708971813351908509e+00
1.980000000000000000e+02 1.848620432877843722e+00
1.990000000000000000e+02 1.998110951927655421e+00
2.000000000000000000e+02 2.158020384360169519e+00
2.010000000000000000e+02 2.328952143623272519e+00
2.020000000000000000e+02 2.511536857411451162e+00
2.030000000000000000e+02 2.706433190883911433e+00
2.040000000000000000e+02 2.914328677975334791e+00
2.050000000000000000e+02 3.135940560319850245e+00
2.060000000000000000e+02 3.372016633298118293e+00
2.070000000000000000e+02 3.623336098707389930e+00
2.080000000000000000e+02 3.890710423545038932e+00
2.090000000000000000e+02 4.174984204387572007e+00
2.100000000000000000e+02 4.477036036839123767e+00
2.110000000000000000e+02 4.797779389516363402e+00
2.120000000000000000e+02 5.138163482030297935e+00
2.130000000000000000e+02 5.499174166419718013e+00
2.140000000000000000e+02 5.881834811486074344e+00
2.150000000000000000e+02 6.287207189475297220e+00
2.160000000000000000e+02 6.716392364548516625e+00
2.170000000000000000e+02 7.170531582480768051e+00
2.180000000000000000e+02 7.650807161024718361e+00
2.190000000000000000e+02 8.158443380374810872e+00
2.200000000000000000e+02 8.694707373166716380e+00
2.210000000000000000e+02 9.260910013446594036e+00
2.220000000000000000e+02 9.858406804045506178e+00
2.230000000000000000e+02 1.048859876179530382e+01
2.240000000000000000e+02 1.115293330002435823e+01
2.250000000000000000e+02 1.185290510777382522e+01
2.260000000000000000e+02 1.259005702517832859e+01
2.270000000000000000e+02 1.336598091445848802e+01
2.280000000000000000e+02 1.418231852597718756e+01
2.290000000000000000e+02 1.504076235881597157e+01
2.300000000000000000e+02 1.594305651533362145e+01
2.310000000000000000e+02 1.689099754917462803e+01
2.320000000000000000e+02 1.788643530620176847e+01
2.330000000000000000e+02 1.893127375783369359e+01
2.340000000000000000e+02 2.002747182627614819e+01
2.350000000000000000e+02 2.117704420114269226e+01
2.360000000000000000e+02 2.238206214696944940e+01
2.370000000000000000e+02 2.364465430113695632e+01
2.380000000000000000e+02 2.496700746172090390e+01
2.390000000000000000e+02 2.635136736480341924e+01
2.400000000000000000e+02 2.780003945078595251e+01
2.410000000000000000e+02 2.931538961925500786e+01
2.420000000000000000e+02 3.089984497196234869e+01
2.430000000000000000e+02 3.255589454349210143e+01
2.440000000000000000e+02 3.428609001919792831e+01
2.450000000000000000e+02 3.609304644000489048e+01
2.460000000000000000e+02 3.797944289368175674e+01
2.470000000000000000e+02 3.994802319220193709e+01
2.480000000000000000e+02 4.200159653482165112e+01
2.490000000000000000e+02 4.414303815651794594e+01
2.500000000000000000e+02 4.637528996143953464e+01
2.510000000000000000e+02 4.870136114103710412e+01
2.520000000000000000e+02 5.112432877655136565e+01
2.530000000000000000e+02 5.364733842555054366e+01
2.540000000000000000e+02 5.627360469222072936e+01
2.550000000000000000e+02 5.900641178112634577e+01
2.560000000000000000e+02 6.184911403416964504e+01
2.570000000000000000e+02 6.480513645049244076e+01
2.580000000000000000e+02 6.787797518907464678e+01
2.590000000000000000e+02 7.107119805379836919e+01
2.600000000000000000e+02 7.438844496075856227e+01
2.610000000000000000e+02 7.783342838761456051e+01
2.620000000000000000e+02 8.140993380478886365e+01
2.630000000000000000e+02 8.512182008833394775e+01
2.640000000000000000e+02 8.897301991429898749e+01
2.650000000000000000e+02 9.296754013444203224e+01
2.660000000000000000e+02 9.710946213314585407e+01
2.670000000000000000e+02 1.014029421654080494e+02
2.680000000000000000e+02 1.058522116757879274e+02
2.690000000000000000e+02 1.104615775982065315e+02
2.700000000000000000e+02 1.152354226365066268e+02
2.710000000000000000e+02 1.201782055256927890e+02
2.720000000000000000e+02 1.252944612737836394e+02
2.730000000000000000e+02 1.305888013842189821e+02
2.740000000000000000e+02 1.360659140587785032e+02
2.750000000000000000e+02 1.417305643809769151e+02
2.760000000000000000e+02 1.475875944799161630e+02
2.770000000000000000e+02 1.536419236745813919e+02
2.780000000000000000e+02 1.598985485985833748e+02
2.790000000000000000e+02 1.663625433053567235e+02
2.800000000000000000e+02 1.730390593538367341e+02
2.810000000000000000e+02 1.799333258746470960e+02
2.820000000000000000e+02 1.870506496168398769e+02
2.830000000000000000e+02 1.943964149752408730e+02
2.840000000000000000e+02 2.019760839984632241e+02
2.850000000000000000e+02 2.097951963776596642e+02
2.860000000000000000e+02 2.178593694160952623e+02
2.870000000000000000e+02 2.261742979796312341e+02
2.880000000000000000e+02 2.347457544282187598e+02
2.890000000000000000e+02 2.435795885285105555e+02
2.900000000000000000e+02 2.526817273477063281e+02
2.910000000000000000e+02 2.620581751287580801e+02
2.920000000000000000e+02 2.717150131470659744e+02
2.930000000000000000e+02 2.816583995488067558e+02
2.940000000000000000e+02 2.918945691710412689e+02
2.950000000000000000e+02 3.024298333437574797e+02
2.960000000000000000e+02 3.132705796740109463e+02
2.970000000000000000e+02 3.244232718123310519e+02
2.980000000000000000e+02 3.358944492015697847e+02
2.990000000000000000e+02 3.476907268083749045e+02
3.000000000000000000e+02 3.598187948374749681e+02
3.010000000000000000e+02 3.722854184289715818e+02
3.020000000000000000e+02 3.850974373388372669e+02
3.030000000000000000e+02 3.982617656028257898e+02
3.040000000000000000e+02 4.117853911840034016e+02
3.050000000000000000e+02 4.256753756041188126e+02
3.060000000000000000e+02 4.399388535590297806e+02
3.070000000000000000e+02 4.545830325184113576e+02
3.080000000000000000e+02 4.696151923099790224e+02
3.090000000000000000e+02 4.850426846884510610e+02
3.100000000000000000e+02 5.008729328894971218e+02
3.110000000000000000e+02 5.171134311689062315e+02
3.120000000000000000e+02 5.337717443272226774e+02
3.130000000000000000e+02 5.508555072200944096e+02
3.140000000000000000e+02 5.683724242545865764e+02
3.150000000000000000e+02 5.863302688717127467e+02
3.160000000000000000e+02 6.047368830154379111e+02
3.170000000000000000e+02 6.236001765884149108e+02
3.180000000000000000e+02 6.429281268947127046e+02
3.190000000000000000e+02 6.627287780697982953e+02
3.200000000000000000e+02 6.830102404980410711e+02
3.210000000000000000e+02 7.037806902179997905e+02
3.220000000000000000e+02 7.250483683157651740e+02
3.230000000000000000e+02 7.468215803066239005e+02
3.240000000000000000e+02 7.691086955053168595e+02
3.250000000000000000e+02 7.919181463851590479e+02
3.260000000000000000e+02 8.152584279262983955e+02
3.270000000000000000e+02 8.391380969533815914e+02
3.280000000000000000e+02 8.635657714629023758e+02
3.290000000000000000e+02 8.885501299405065083e+02
3.300000000000000000e+02 9.140999106685236484e+02
3.310000000000000000e+02 9.402239110240069522e+02
3.320000000000000000e+02 9.669309867675449368e+02
3.330000000000000000e+02 9.942300513231265313e+02
3.340000000000000000e+02 1.022130075049330685e+03
3.350000000000000000e+02 1.050640084502110767e+03
3.360000000000000000e+02 1.079769161689448310e+03
3.370000000000000000e+02 1.109526443318145539e+03
3.380000000000000000e+02 1.139921120033029410e+03
3.390000000000000000e+02 1.170962435648837754e+03
3.400000000000000000e+02 1.202659686375046022e+03
3.410000000000000000e+02 1.235022220033918529e+03
3.420000000000000000e+02 1.268059435272033170e+03
3.430000000000000000e+02 1.301780780765557438e+03
3.440000000000000000e+02 1.336195754419526793e+03
3.450000000000000000e+02 1.371313902561398891e+03
3.460000000000000000e+02 1.407144819129134703e+03
3.470000000000000000e+02 1.443698144854060502e+03
3.480000000000000000e+02 1.480983566438784464e+03
3.490000000000000000e+02 1.519010815730399372e+03
3.500000000000000000e+02 1.557789668889238783e+03
3.510000000000000000e+02 1.597329945553432026e+03
3.520000000000000000e+02 1.637641507999502892e+03
3.530000000000000000e+02 1.678734260299257130e+03
3.540000000000000000e+02 1.720618147473211593e+03
3.550000000000000000e+02 1.763303154640791718e+03
3.560000000000000000e+02 1.806799306167540180e+03
3.570000000000000000e+02 1.851116664809580698e+03
3.580000000000000000e+02 1.896265330855556613e+03
3.590000000000000000e+02 1.942255441266285743e+03
3.600000000000000000e+02 1.989097168812349082e+03
3.610000000000000000e+02 2.036800721209850053e+03
3.620000000000000000e+02 2.085376340254555089e+03
3.630000000000000000e+02 2.134834300954642458e+03
3.640000000000000000e+02 2.185184910662275342e+03
3.650000000000000000e+02 2.236438508204207665e+03
3.660000000000000000e+02 2.288605463011637312e+03
3.670000000000000000e+02 2.341696174249518663e+03
3.680000000000000000e+02 2.395721069945530871e+03
3.690000000000000000e+02 2.450690606118906089e+03
3.700000000000000000e+02 2.506615265909325899e+03
3.710000000000000000e+02 2.563505558706064221e+03
3.720000000000000000e+02 2.621372019277589061e+03
3.730000000000000000e+02 2.680225206901797264e+03
3.740000000000000000e+02 2.740075704497075549e+03
3.750000000000000000e+02 2.800934117754372892e+03
3.760000000000000000e+02 2.862811074270462541e+03
3.770000000000000000e+02 2.925717222682562806e+03
3.780000000000000000e+02 2.989663231804516727e+03
3.790000000000000000e+02 3.054659789764661582e+03
3.800000000000000000e+02 3.120717603145593330e+03
3.810000000000000000e+02 3.187847396125974228e+03
3.820000000000000000e+02 3.256059909624535067e+03
3.830000000000000000e+02 3.325365900446461183e+03
3.840000000000000000e+02 3.395776140432274588e+03
3.850000000000000000e+02 3.467301415609413198e+03
3.860000000000000000e+02 3.539952525346604943e+03
3.870000000000000000e+02 3.613740281511233661e+03
3.880000000000000000e+02 3.688675507629795447e+03
3.890000000000000000e+02 3.764769038051611460e+03
3.900000000000000000e+02 3.842031717115927677e+03
3.910000000000000000e+02 3.920474398322531215e+03
3.920000000000000000e+02 4.000107943506015545e+03
3.930000000000000000e+02 4.080943222013819650e+03
3.940000000000000000e+02 4.162991109888180290e+03
3.950000000000000000e+02 4.246262489052091951e+03
3.960000000000000000e+02 4.330768246499410452e+03
3.970000000000000000e+02 4.416519273489216175e+03
3.980000000000000000e+02 4.503526464744548321e+03
3.990000000000000000e+02 4.591800717655600238e+03
4.000000000000000000e+02 4.681352931487521346e+03
4.010000000000000000e+02 4.772194006592874757e+03
4.020000000000000000e+02 4.864334843628923409e+03
4.030000000000000000e+02 4.957786342779761071e+03
4.040000000000000000e+02 5.052559402983443761e+03
4.050000000000000000e+02 5.148664921164191583e+03
4.060000000000000000e+02 5.246113791469750140e+03
4.070000000000000000e+02 5.344916904513991540e+03
4.080000000000000000e+02 5.445085146624861409e+03
4.090000000000000000e+02 5.546629399097724672e+03
4.100000000000000000e+02 5.649560537454210134e+03
4.110000000000000000e+02 5.753889430706607527e+03
4.120000000000000000e+02 5.859626940627929798e+03
4.130000000000000000e+02 5.966783921027660654e+03
4.140000000000000000e+02 6.075371217033273751e+03
4.150000000000000000e+02 6.185399664377632689e+03
4.160000000000000000e+02 6.296880088692256322e+03
4.170000000000000000e+02 6.409823304806565829e+03
4.180000000000000000e+02 6.524240116053152633e+03
4.190000000000000000e+02 6.640141313579133566e+03
4.200000000000000000e+02 6.757537675663626942e+03
4.210000000000000000e+02 6.876439967041404998e+03
4.220000000000000000e+02 6.996858938232810033e+03
4.230000000000000000e+02 7.118805324879898762e+03
4.240000000000000000e+02 7.242289847088951319e+03
4.250000000000000000e+02 7.367323208779317611e+03
4.260000000000000000e+02 7.493916097038667431e+03
4.270000000000000000e+02 7.622079181484694345e+03
4.280000000000000000e+02 7.751823113633273351e+03
4.290000000000000000e+02 7.883158526273139614e+03
4.300000000000000000e+02 8.016096032847091919e+03
4.310000000000000000e+02 8.150646226839791780e+03
4.320000000000000000e+02 8.286819681172109995e+03
4.330000000000000000e+02 8.424626947602120708e+03
4.340000000000000000e+02 8.564078556132748417e+03
4.350000000000000000e+02 8.705185014426049747e+03
4.360000000000000000e+02 8.847956807224178192e+03
4.370000000000000000e+02 8.992404395777071841e+03
4.380000000000000000e+02 9.138538217276829528e+03
4.390000000000000000e+02 9.286368684298839071e+03
4.400000000000000000e+02 9.435906184249610305e+03
4.410000000000000000e+02 9.587161078821392948e+03
4.420000000000000000e+02 9.740143703453537455e+03
4.430000000000000000e+02 9.894864366800620701e+03
4.440000000000000000e+02 1.005133335020734194e+04
4.450000000000000000e+02 1.020956090719019812e+04
4.460000000000000000e+02 1.036955726292594227e+04
4.470000000000000000e+02 1.053133261374678659e+04
4.480000000000000000e+02 1.069489712664243052e+04
4.490000000000000000e+02 1.086026093876882078e+04
4.500000000000000000e+02 1.102743415696369448e+04
4.510000000000000000e+02 1.119642685726891978e+04
4.520000000000000000e+02 1.136724908445952497e+04
4.530000000000000000e+02 1.153991085157954694e+04
4.540000000000000000e+02 1.171442213948458084e+04
4.550000000000000000e+02 1.189079289639107992e+04
4.560000000000000000e+02 1.206903303743235119e+04
4.570000000000000000e+02 1.224915244422129035e+04
4.580000000000000000e+02 1.243116096441977061e+04
4.590000000000000000e+02 1.261506841131475085e+04
4.600000000000000000e+02 1.280088456340099947e+04
4.610000000000000000e+02 1.298861916397048481e+04
4.620000000000000000e+02 1.317828192070838304e+04
4.630000000000000000e+02 1.336988250529570723e+04
4.640000000000000000e+02 1.356343055301847926e+04
4.650000000000000000e+02 1.375893566238349922e+04
4.660000000000000000e+02 1.395640739474063776e+04
4.670000000000000000e+02 1.415585527391163669e+04
4.680000000000000000e+02 1.435728878582542347e+04
4.690000000000000000e+02 1.456071737815985398e+04
4.700000000000000000e+02 1.476615045998991991e+04
4.710000000000000000e+02 1.497359740144235366e+04
4.720000000000000000e+02 1.518306753335662506e+04
4.730000000000000000e+02 1.539457014695228099e+04
4.740000000000000000e+02 1.560811449350259136e+04
4.750000000000000000e+02 1.582370978401455068e+04
4.760000000000000000e+02 1.604136518891504420e+04
4.770000000000000000e+02 1.626108983774333319e+04
4.780000000000000000e+02 1.648289281884968295e+04
4.790000000000000000e+02 1.670678317910015903e+04
4.800000000000000000e+02 1.693276992358759890e+04
4.810000000000000000e+02 1.716086201534858628e+04
4.820000000000000000e+02 1.739106837508659009e+04
4.830000000000000000e+02 1.762339788090102957e+04
4.840000000000000000e+02 1.785785936802241122e+04
4.850000000000000000e+02 1.809446162855334114e+04
4.860000000000000000e+02 1.833321341121551450e+04
4.870000000000000000e+02 1.857412342110251484e+04
4.880000000000000000e+02 1.881720031943849972e+04
4.890000000000000000e+02 1.906245272334266701e+04
4.900000000000000000e+02 1.930988920559945836e+04
4.910000000000000000e+02 1.955951829443452516e+04
4.920000000000000000e+02 1.981134847329630793e+04
4.930000000000000000e+02 2.006538818064331645e+04
4.940000000000000000e+02 2.032164580973696502e+04
4.950000000000000000e+02 2.058012970843995936e+04
4.960000000000000000e+02 2.084084817902024588e+04
4.970000000000000000e+02 2.110380947796034525e+04
4.980000000000000000e+02 2.136902181577220108e+04
4.990000000000000000e+02 2.163649335681736193e+04
5.000000000000000000e+02 2.190623221913250745e+04
5.010000000000000000e+02 2.217824647426030424e+04
5.020000000000000000e+02 2.245254414708548211e+04
5.030000000000000000e+02 2.272913321567616731e+04
5.040000000000000000e+02 2.300802161113029797e+04
5.050000000000000000e+02 2.328921721742727823e+04
5.060000000000000000e+02 2.357272787128461277e+04
5.070000000000000000e+02 2.385856136201965637e+04
5.080000000000000000e+02 2.414672543141627102e+04
5.090000000000000000e+02 2.443722777359651081e+04
5.100000000000000000e+02 2.473007603489714893e+04
5.110000000000000000e+02 2.502527781375109043e+04
5.120000000000000000e+02 2.532284066057357268e+04
5.130000000000000000e+02 2.562277207765317871e+04
5.140000000000000000e+02 2.592507951904751098e+04
5.150000000000000000e+02 2.622977039048356164e+04
5.160000000000000000e+02 2.653685204926275037e+04
5.170000000000000000e+02 2.684633180417048789e+04
5.180000000000000000e+02 2.715821691539031599e+04
5.190000000000000000e+02 2.747251459442251871e+04
5.200000000000000000e+02 2.778923200400721180e+04
5.210000000000000000e+02 2.810837625805178686e+04
5.220000000000000000e+02 2.842995442156274657e+04
5.230000000000000000e+02 2.875397351058187996e+04
5.240000000000000000e+02 2.908044049212661412e+04
5.250000000000000000e+02 2.940936228413465142e+04
5.260000000000000000e+02 2.974074575541279410e+04
5.270000000000000000e+02 3.007459772558983968e+04
5.280000000000000000e+02 3.041092496507360192e+04
5.290000000000000000e+02 3.074973419501196622e+04
5.300000000000000000e+02 3.109103208725793229e+04
5.310000000000000000e+02 3.143482526433857856e+04
5.320000000000000000e+02 3.178112029942799563e+04
5.330000000000000000e+02 3.212992371632397771e+04
5.340000000000000000e+02 3.248124198942867952e+04
5.350000000000000000e+02 3.283508154373284196e+04
5.360000000000000000e+02 3.319144875480392511e+04
5.370000000000000000e+02 3.355034994877780991e+04
5.380000000000000000e+02 3.391179140235415252e+04
5.390000000000000000e+02 3.427577934279541660e+04
5.400000000000000000e+02 3.464231994792928890e+04
5.410000000000000000e+02 3.501141934615475475e+04
5.420000000000000000e+02 3.538308361645153491e+04
5.430000000000000000e+02 3.575731878839300771e+04
5.440000000000000000e+02 3.613413084216241259e+04
5.450000000000000000e+02 3.651352570857248065e+04
5.460000000000000000e+02 3.689550926908831025e+04
5.470000000000000000e+02 3.728008735585343675e+04
5.480000000000000000e+02 3.766726575171917648e+04
5.490000000000000000e+02 3.805705019027716480e+04
5.500000000000000000e+02 3.844944635589478276e+04
5.510000000000000000e+02 3.884445988375401794e+04
5.520000000000000000e+02 3.924209635989301023e+04
5.530000000000000000e+02 3.964236132125076983e+04
5.540000000000000000e+02 4.004526025571487844e+04
5.550000000000000000e+02 4.045079860217196983e+04
5.560000000000000000e+02 4.085898175056111359e+04
5.570000000000000000e+02 4.126981504193012370e+04
5.580000000000000000e+02 4.168330376849450840e+04
5.590000000000000000e+02 4.209945317369929398e+04
5.600000000000000000e+02 4.251826845228339516e+04
5.610000000000000000e+02 4.293975475034691772e+04
5.620000000000000000e+02 4.336391716542068752e+04
5.630000000000000000e+02 4.379076074653882097e+04
5.640000000000000000e+02 4.422029049431344174e+04
5.650000000000000000e+02 4.465251136101218435e+04
5.660000000000000000e+02 4.508742825063801865e+04
5.670000000000000000e+02 4.552504601901157002e+04
5.680000000000000000e+02 4.596536947385581152e+04
5.690000000000000000e+02 4.640840337488310615e+04
5.700000000000000000e+02 4.685415243388452654e+04
5.710000000000000000e+02 4.730262131482160476e+04
5.720000000000000000e+02 4.775381463392014120e+04
5.730000000000000000e+02 4.820773695976637100e+04
5.740000000000000000e+02 4.866439281340509478e+04
5.750000000000000000e+02 4.912378666844029067e+04
5.760000000000000000e+02 4.958592295113745058e+04
5.770000000000000000e+02 5.005080604052818671e+04
5.780000000000000000e+02 5.051844026851686795e+04
5.790000000000000000e+02 5.098882991998915531e+04
5.800000000000000000e+02 5.146197923292254563e+04
5.810000000000000000e+02 5.193789239849886508e+04
5.820000000000000000e+02 5.241657356121863995e+04
5.830000000000000000e+02 5.289802681901721371e+04
5.840000000000000000e+02 5.338225622338286485e+04
5.850000000000000000e+02 5.386926577947662008e+04
5.860000000000000000e+02 5.435905944625376287e+04
5.870000000000000000e+02 5.485164113658718270e+04
5.880000000000000000e+02 5.534701471739235421e+04
5.890000000000000000e+02 5.584518400975396798e+04
5.900000000000000000e+02 5.634615278905416926e+04
5.910000000000000000e+02 5.684992478510247747e+04
5.920000000000000000e+02 5.735650368226710998e+04
5.930000000000000000e+02 5.786589311960808118e+04
5.940000000000000000e+02 5.837809669101147301e+04
5.950000000000000000e+02 5.889311794532553904e+04
5.960000000000000000e+02 5.941096038649789989e+04
5.970000000000000000e+02 5.993162747371444857e+04
5.980000000000000000e+02 6.045512262153938354e+04
5.990000000000000000e+02 6.098144920005679160e+04
6.000000000000000000e+02 6.151061053501341667e+04
6.010000000000000000e+02 6.204260990796281840e+04
6.020000000000000000e+02 6.257745055641066574e+04
6.030000000000000000e+02 6.311513567396147118e+04
6.040000000000000000e+02 6.365566841046626359e+04
6.050000000000000000e+02 6.419905187217168714e+04
6.060000000000000000e+02 6.474528912187012611e+04
6.070000000000000000e+02 6.529438317905094300e+04
6.080000000000000000e+02 6.584633702005290252e+04
6.090000000000000000e+02 6.640115357821751968e+04
6.100000000000000000e+02 6.695883574404371029e+04
6.110000000000000000e+02 6.751938636534311809e+04
6.120000000000000000e+02 6.808280824739673699e+04
6.130000000000000000e+02 6.864910415311229008e+04
6.140000000000000000e+02 6.921827680318268540e+04
6.150000000000000000e+02 6.979032887624535942e+04
6.160000000000000000e+02 7.036526300904249365e+04
6.170000000000000000e+02 7.094308179658197332e+04
6.180000000000000000e+02 7.152378779229955398e+04
6.190000000000000000e+02 7.210738350822136272e+04
6.200000000000000000e+02 7.269387141512763628e+04
6.210000000000000000e+02 7.328325394271691039e+04
6.220000000000000000e+02 7.387553347977121302e+04
6.230000000000000000e+02 7.447071237432172347e+04
6.240000000000000000e+02 7.506879293381540629e+04
6.250000000000000000e+02 7.566977742528202361e+04
6.260000000000000000e+02 7.627366807550222438e+04
6.270000000000000000e+02 7.688046707117580809e+04
6.280000000000000000e+02 7.749017655909093446e+04
6.290000000000000000e+02 7.810279864629376971e+04
6.300000000000000000e+02 7.871833540025883121e+04
6.310000000000000000e+02 7.933678884905968152e+04
6.320000000000000000e+02 7.995816098154042265e+04
6.330000000000000000e+02 8.058245374748748145e+04
6.340000000000000000e+02 8.120966905780203524e+04
6.350000000000000000e+02 8.183980878467275761e+04
6.360000000000000000e+02 8.247287476174924814e+04
6.370000000000000000e+02 8.310886878431560763e+04
6.380000000000000000e+02 8.374779260946463910e+04
6.390000000000000000e+02 8.438964795627247076e+04
6.400000000000000000e+02 8.503443650597328087e+04
6.410000000000000000e+02 8.568215990213483747e+04
6.420000000000000000e+02 8.633281975083380530e+04
6.430000000000000000e+02 8.698641762083195499e+04
6.440000000000000000e+02 8.764295504375229939e+04
6.450000000000000000e+02 8.830243351425559376e+04
6.460000000000000000e+02 8.896485449021721433e+04
6.470000000000000000e+02 8.963021939290416776e+04
6.480000000000000000e+02 9.029852960715242079e+04
6.490000000000000000e+02 9.096978648154443363e+04
6.500000000000000000e+02 9.164399132858683879e+04
6.510000000000000000e+02 9.232114542488846928e+04
6.520000000000000000e+02 9.300125001133831393e+04
6.530000000000000000e+02 9.368430629328376381e+04
6.540000000000000000e+02 9.437031544070917880e+04
6.550000000000000000e+02 9.505927858841425041e+04
6.560000000000000000e+02 9.575119683619264106e+04
6.570000000000000000e+02 9.644607124901078350e+04
6.580000000000000000e+02 9.714390285718659288e+04
6.590000000000000000e+02 9.784469265656849893e+04
6.600000000000000000e+02 9.854844160871417262e+04
6.610000000000000000e+02 9.925515064106976206e+04
6.620000000000000000e+02 9.996482064714861917e+04
6.630000000000000000e+02 1.006774524867104628e+05
6.640000000000000000e+02 1.013930469859404839e+05
6.650000000000000000e+02 1.021116049376281444e+05
6.660000000000000000e+02 1.028331271013462538e+05
6.670000000000000000e+02 1.035576142036299570e+05
6.680000000000000000e+02 1.042850669381555490e+05
6.690000000000000000e+02 1.050154859659193316e+05
6.700000000000000000e+02 1.057488719154163118e+05
6.710000000000000000e+02 1.064852253828189860e+05
6.720000000000000000e+02 1.072245469321556884e+05
6.730000000000000000e+02 1.079668370954893035e+05
6.740000000000000000e+02 1.087120963730954245e+05
6.750000000000000000e+02 1.094603252336405567e+05
6.760000000000000000e+02 1.102115241143602034e+05
6.770000000000000000e+02 1.109656934212367632e+05
6.780000000000000000e+02 1.117228335291772964e+05
6.790000000000000000e+02 1.124829447821909562e+05
6.800000000000000000e+02 1.132460274935663911e+05
6.810000000000000000e+02 1.140120819460490893e+05
6.820000000000000000e+02 1.147811083920181263e+05
6.830000000000000000e+02 1.155531070536629122e+05
6.840000000000000000e+02 1.163280781231598230e+05
6.850000000000000000e+02 1.171060217628484825e+05
6.860000000000000000e+02 1.178869381054076803e+05
6.870000000000000000e+02 1.186708272540311737e+05
6.880000000000000000e+02 1.194576892826033145e+05
6.890000000000000000e+02 1.202475242358742398e+05
6.900000000000000000e+02 1.210403321296346985e+05
6.910000000000000000e+02 1.218361129508909507e+05
6.920000000000000000e+02 1.226348666580389254e+05
6.930000000000000000e+02 1.234365931810384063e+05
6.940000000000000000e+02 1.242412924215868115e+05
6.950000000000000000e+02 1.250489642532925354e+05
6.960000000000000000e+02 1.258596085218480584e+05
6.970000000000000000e+02 1.266732250452026783e+05
6.980000000000000000e+02 1.274898136137350957e+05
6.990000000000000000e+02 1.283093739904251997e+05
7.000000000000000000e+02 1.291319059110260132e+05
7.010000000000000000e+02 1.299574090842348669e+05
7.020000000000000000e+02 1.307858831918643991e+05
7.030000000000000000e+02 1.316173278890132206e+05
7.040000000000000000e+02 1.324517428042358952e+05
7.050000000000000000e+02 1.332891275397129357e+05
7.060000000000000000e+02 1.341294816714201297e+05
7.070000000000000000e+02 1.349728047492973856e+05
7.080000000000000000e+02 1.358190962974175927e+05
7.090000000000000000e+02 1.366683558141544636e+05
7.100000000000000000e+02 1.375205827723505790e+05
7.110000000000000000e+02 1.383757766194842407e+05
7.120000000000000000e+02 1.392339367778367596e+05
7.130000000000000000e+02 1.400950626446586975e+05
7.140000000000000000e+02 1.409591535923356132e+05
7.150000000000000000e+02 1.418262089685541287e+05
7.160000000000000000e+02 1.426962280964664242e+05
7.170000000000000000e+02 1.435692102748549660e+05
7.180000000000000000e+02 1.444451547782970301e+05
7.190000000000000000e+02 1.453240608573276550e+05
7.200000000000000000e+02 1.462059277386034082e+05
7.210000000000000000e+02 1.470907546250647865e+05
7.220000000000000000e+02 1.479785406960984110e+05
7.230000000000000000e+02 1.488692851076988154e+05
7.240000000000000000e+02 1.497629869926297397e+05
7.250000000000000000e+02 1.506596454605846084e+05
7.260000000000000000e+02 1.515592595983469218e+05
7.270000000000000000e+02 1.524618284699498327e+05
7.280000000000000000e+02 1.533673511168354889e+05
7.290000000000000000e+02 1.542758265580134175e+05
7.300000000000000000e+02 1.551872537902190816e+05
7.310000000000000000e+02 1.561016317880711867e+05
7.320000000000000000e+02 1.570189595042288420e+05
7.330000000000000000e+02 1.579392358695481671e+05
7.340000000000000000e+02 1.588624597932382603e+05
7.350000000000000000e+02 1.597886301630169328e+05
7.360000000000000000e+02 1.607177458452652791e+05
7.370000000000000000e+02 1.616498056851823931e+05
7.380000000000000000e+02 1.625848085069390945e+05
7.390000000000000000e+02 1.635227531138313352e+05
7.400000000000000000e+02 1.644636382884329068e+05
7.410000000000000000e+02 1.654074627927475376e+05
7.420000000000000000e+02 1.663542253683609306e+05
7.430000000000000000e+02 1.673039247365913179e+05
7.440000000000000000e+02 1.682565595986404514e+05
7.450000000000000000e+02 1.692121286357433419e+05
7.460000000000000000e+02 1.701706305093177361e+05
7.470000000000000000e+02 1.711320638611127797e+05
7.480000000000000000e+02 1.720964273133576789e+05
7.490000000000000000e+02 1.730637194689089665e+05
7.500000000000000000e+02 1.740339389113977668e+05
7.510000000000000000e+02 1.750070842053764791e+05
7.520000000000000000e+02 1.759831538964644424e+05
7.530000000000000000e+02 1.769621465114935418e+05
7.540000000000000000e+02 1.779440605586530874e+05
7.550000000000000000e+02 1.789288945276335289e+05
7.560000000000000000e+02 1.799166468897708110e+05
7.570000000000000000e+02 1.809073160981887777e+05
7.580000000000000000e+02 1.819009005879418692e+05
7.590000000000000000e+02 1.828973987761571771e+05
7.600000000000000000e+02 1.838968090621752490e+05
7.610000000000000000e+02 1.848991298276913003e+05
7.620000000000000000e+02 1.859043594368948252e+05
7.630000000000000000e+02 1.869124962366094114e+05
7.640000000000000000e+02 1.879235385564314784e+05
7.650000000000000000e+02 1.889374847088686656e+05
7.660000000000000000e+02 1.899543329894774361e+05
7.670000000000000000e+02 1.909740816770001838e+05
7.680000000000000000e+02 1.919967290335019061e+05
7.690000000000000000e+02 1.930222733045057976e+05
7.700000000000000000e+02 1.940507127191289328e+05
7.710000000000000000e+02 1.950820454902166384e+05
7.720000000000000000e+02 1.961162698144768074e+05
7.730000000000000000e+02 1.971533838726132817e+05
7.740000000000000000e+02 1.981933858294587699e+05
7.750000000000000000e+02 1.992362738341072109e+05
7.760000000000000000e+02 2.002820460200453817e+05
7.770000000000000000e+02 2.013307005052839813e+05
7.780000000000000000e+02 2.023822353924882773e+05
7.790000000000000000e+02 2.034366487691077928e+05
7.800000000000000000e+02 2.044939387075055274e+05
7.810000000000000000e+02 2.055541032650869165e+05
7.820000000000000000e+02 2.066171404844277131e+05
7.830000000000000000e+02 2.076830483934013755e+05
7.840000000000000000e+02 2.087518250053061638e+05
7.850000000000000000e+02 2.098234683189911593e+05
7.860000000000000000e+02 2.108979763189819641e+05
7.870000000000000000e+02 2.119753469756059058e+05
7.880000000000000000e+02 2.130555782451163977e+05
7.890000000000000000e+02 2.141386680698166019e+05
7.900000000000000000e+02 2.152246143781829742e+05
7.910000000000000000e+02 2.163134150849876751e+05
7.920000000000000000e+02 2.174050680914206896e+05
7.930000000000000000e+02 2.184995712852112192e+05
7.940000000000000000e+02 2.195969225407485210e+05
7.950000000000000000e+02 2.206971197192021646e+05
7.960000000000000000e+02 2.218001606686417363e+05
7.970000000000000000e+02 2.229060432241556700e+05
7.980000000000000000e+02 2.240147652079698746e+05
7.990000000000000000e+02 2.251263244295653421e+05
8.000000000000000000e+02 2.262407186857955821e+05
8.010000000000000000e+02 2.273579457610032405e+05
8.020000000000000000e+02 2.284780034271359909e+05
8.030000000000000000e+02 2.296008894438621937e+05
8.040000000000000000e+02 2.307266015586854191e+05
8.050000000000000000e+02 2.318551375070592039e+05
8.060000000000000000e+02 2.329864950125000614e+05
8.070000000000000000e+02 2.341206717867013067e+05
8.080000000000000000e+02 2.352576655296447279e+05
8.090000000000000000e+02 2.363974739297130727e+05
8.100000000000000000e+02 2.375400946638012247e+05
8.110000000000000000e+02 2.386855253974266525e+05
8.120000000000000000e+02 2.398337637848399754e+05
8.130000000000000000e+02 2.409848074691338406e+05
8.140000000000000000e+02 2.421386540823526739e+05
8.150000000000000000e+02 2.432953012456003926e+05
8.160000000000000000e+02 2.444547465691485559e+05
8.170000000000000000e+02 2.456169876525433210e+05
8.180000000000000000e+02 2.467820220847124001e+05
8.190000000000000000e+02 2.479498474440707068e+05
8.200000000000000000e+02 2.491204612986260618e+05
8.210000000000000000e+02 2.502938612060839368e+05
8.220000000000000000e+02 2.514700447139520547e+05
8.230000000000000000e+02 2.526490093596437946e+05
8.240000000000000000e+02 2.538307526705813943e+05
8.250000000000000000e+02 2.550152721642988035e+05
8.260000000000000000e+02 2.562025653485433722e+05
8.270000000000000000e+02 2.573926297213775106e+05
8.280000000000000000e+02 2.585854627712795627e+05
8.290000000000000000e+02 2.597810619772440114e+05
8.300000000000000000e+02 2.609794248088814493e+05
8.310000000000000000e+02 2.621805487265173579e+05
8.320000000000000000e+02 2.633844311812912929e+05
8.330000000000000000e+02 2.645910696152544115e+05
8.340000000000000000e+02 2.658004614614674356e+05
8.350000000000000000e+02 2.670126041440971894e+05
8.360000000000000000e+02 2.682274950785134570e+05
8.370000000000000000e+02 2.694451316713843844e+05
8.380000000000000000e+02 2.706655113207721733e+05
8.390000000000000000e+02 2.718886314162272611e+05
8.400000000000000000e+02 2.731144893388831988e+05
8.410000000000000000e+02 2.743430824615498423e+05
8.420000000000000000e+02 2.755744081488064257e+05
8.430000000000000000e+02 2.768084637570947525e+05
8.440000000000000000e+02 2.780452466348099406e+05
8.450000000000000000e+02 2.792847541223933222e+05
8.460000000000000000e+02 2.805269835524224327e+05
8.470000000000000000e+02 2.817719322497015237e+05
8.480000000000000000e+02 2.830195975313520757e+05
8.490000000000000000e+02 2.842699767069012742e+05
8.500000000000000000e+02 2.855230670783710666e+05
8.510000000000000000e+02 2.867788659403668717e+05
8.520000000000000000e+02 2.880373705801646574e+05
8.530000000000000000e+02 2.892985782777985441e+05
8.540000000000000000e+02 2.905624863061472424e+05
8.550000000000000000e+02 2.918290919310207246e+05
8.560000000000000000e+02 2.930983924112452078e+05
8.570000000000000000e+02 2.943703849987483700e+05
8.580000000000000000e+02 2.956450669386445079e+05
8.590000000000000000e+02 2.969224354693180067e+05
8.600000000000000000e+02 2.982024878225072753e+05
8.610000000000000000e+02 2.994852212233874016e+05
8.620000000000000000e+02 3.007706328906533308e+05
8.630000000000000000e+02 3.020587200366012403e+05
8.640000000000000000e+02 3.033494798672103789e+05
8.650000000000000000e+02 3.046429095822241507e+05
8.660000000000000000e+02 3.059390063752304413e+05
8.670000000000000000e+02 3.072377674337419448e+05
8.680000000000000000e+02 3.085391899392752093e+05
8.690000000000000000e+02 3.098432710674303235e+05
8.700000000000000000e+02 3.111500079879684490e+05
8.710000000000000000e+02 3.124593978648910415e+05
8.720000000000000000e+02 3.137714378565165098e+05
8.730000000000000000e+02 3.150861251155576902e+05
8.740000000000000000e+02 3.164034567891980987e+05
8.750000000000000000e+02 3.177234300191683578e+05
8.760000000000000000e+02 3.190460419418216916e+05
8.770000000000000000e+02 3.203712896882088971e+05
8.780000000000000000e+02 3.216991703841527342e+05
8.790000000000000000e+02 3.230296811503231293e+05
8.800000000000000000e+02 3.243628191023094696e+05
8.810000000000000000e+02 3.256985813506947015e+05
8.820000000000000000e+02 3.270369650011278572e+05
8.830000000000000000e+02 3.283779671543962904e+05
8.840000000000000000e+02 3.297215849064974464e+05
8.850000000000000000e+02 3.310678153487099917e+05
8.860000000000000000e+02 3.324166555676652351e+05
8.870000000000000000e+02 3.337681026454170933e+05
8.880000000000000000e+02 3.351221536595119396e+05
8.890000000000000000e+02 3.364788056830584537e+05
8.900000000000000000e+02 3.378380557847962482e+05
8.910000000000000000e+02 3.391999010291650193e+05
8.920000000000000000e+02 3.405643384763719514e+05
8.930000000000000000e+02 3.419313651824598783e+05
8.940000000000000000e+02 3.433009781993743964e+05
8.950000000000000000e+02 3.446731745750305126e+05
8.960000000000000000e+02 3.460479513533791760e+05
8.970000000000000000e+02 3.474253055744725862e+05
8.980000000000000000e+02 3.488052342745308997e+05
8.990000000000000000e+02 3.501877344860057347e+05
9.000000000000000000e+02 3.515728032376458286e+05
9.010000000000000000e+02 3.529604375545605435e+05
9.020000000000000000e+02 3.543506344582840684e+05
9.030000000000000000e+02 3.557433909668382257e+05
9.040000000000000000e+02 3.571387040947955102e+05
9.050000000000000000e+02 3.585365708533417201e+05
9.060000000000000000e+02 3.599369882503373083e+05
9.070000000000000000e+02 3.613399532903800718e+05
9.080000000000000000e+02 3.627454629748650477e+05
9.090000000000000000e+02 3.641535143020459218e+05
9.100000000000000000e+02 3.655641042670955067e+05
9.110000000000000000e+02 3.669772298621648806e+05
9.120000000000000000e+02 3.683928880764439236e+05
9.130000000000000000e+02 3.698110758962193504e+05
9.140000000000000000e+02 3.712317903049340821e+05
9.150000000000000000e+02 3.726550282832451048e+05
9.160000000000000000e+02 3.740807868090816773e+05
9.170000000000000000e+02 3.755090628577026073e+05
9.180000000000000000e+02 3.769398534017530037e+05
9.190000000000000000e+02 3.783731554113214952e+05
9.200000000000000000e+02 3.798089658539959928e+05
9.210000000000000000e+02 3.812472816949198605e+05
9.220000000000000000e+02 3.826880998968473286e+05
9.230000000000000000e+02 3.841314174201982678e+05
9.240000000000000000e+02 3.855772312231132528e+05
9.250000000000000000e+02 3.870255382615078124e+05
9.260000000000000000e+02 3.884763354891260969e+05
9.270000000000000000e+02 3.899296198575946037e+05
9.280000000000000000e+02 3.913853883164750878e+05
9.290000000000000000e+02 3.928436378133178805e+05
9.300000000000000000e+02 3.943043652937135776e+05
9.310000000000000000e+02 3.957675677013454260e+05
9.320000000000000000e+02 3.972332419780410710e+05
9.330000000000000000e+02 3.987013850638232543e+05
9.340000000000000000e+02 4.001719938969617942e+05
9.350000000000000000e+02 4.016450654140228871e+05
9.360000000000000000e+02 4.031205965499197482e+05
9.370000000000000000e+02 4.045985842379627866e+05
9.380000000000000000e+02 4.060790254099087906e+05
9.390000000000000000e+02 4.075619169960094732e+05
9.400000000000000000e+02 4.090472559250611230e+05
9.410000000000000000e+02 4.105350391244522179e+05
9.420000000000000000e+02 4.120252635202115052e+05
9.430000000000000000e+02 4.135179260370563134e+05
9.440000000000000000e+02 4.150130235984389437e+05
9.450000000000000000e+02 4.165105531265944010e+05
9.460000000000000000e+02 4.180105115425862023e+05
9.470000000000000000e+02 4.195128957663534093e+05
9.480000000000000000e+02 4.210177027167559718e+05
9.490000000000000000e+02 4.225249293116207118e+05
9.500000000000000000e+02 4.240345724677862017e+05
9.510000000000000000e+02 4.255466291011476424e+05
9.520000000000000000e+02 4.270610961267020321e+05
9.530000000000000000e+02 4.285779704585915315e+05
9.540000000000000000e+02 4.300972490101478179e+05
9.550000000000000000e+02 4.316189286939356243e+05
9.560000000000000000e+02 4.331430064217958134e+05
9.570000000000000000e+02 4.346694791048884508e+05
9.580000000000000000e+02 4.361983436537351809e+05
9.590000000000000000e+02 4.377295969782615430e+05
9.600000000000000000e+02 4.392632359878391726e+05
9.610000000000000000e+02 4.407992575913268956e+05
9.620000000000000000e+02 4.423376586971122306e+05
9.630000000000000000e+02 4.438784362131524831e+05
9.640000000000000000e+02 4.454215870470153750e+05
9.650000000000000000e+02 4.469671081059193821e+05
9.660000000000000000e+02 4.485149962967732572e+05
9.670000000000000000e+02 4.500652485262169503e+05
9.680000000000000000e+02 4.516178617006593267e+05
9.690000000000000000e+02 4.531728327263188548e+05
9.700000000000000000e+02 4.547301585092613823e+05
9.710000000000000000e+02 4.562898359554393101e+05
9.720000000000000000e+02 4.578518619707291946e+05
9.730000000000000000e+02 4.594162334609698737e+05
9.740000000000000000e+02 4.609829473320001271e+05
9.750000000000000000e+02 4.625520004896962200e+05
9.760000000000000000e+02 4.641233898400082835e+05
9.770000000000000000e+02 4.656971122889973922e+05
9.780000000000000000e+02 4.672731647428721189e+05
9.790000000000000000e+02 4.688515441080243327e+05
9.800000000000000000e+02 4.704322472910653451e+05
9.810000000000000000e+02 4.720152711988612427e+05
9.820000000000000000e+02 4.736006127385682776e+05
9.830000000000000000e+02 4.751882688176677912e+05
9.840000000000000000e+02 4.767782363440009649e+05
9.850000000000000000e+02 4.783705122258031624e+05
9.860000000000000000e+02 4.799650933717383305e+05
9.870000000000000000e+02 4.815619766909325263e+05
9.880000000000000000e+02 4.831611590930074453e+05
9.890000000000000000e+02 4.847626374881145894e+05
9.900000000000000000e+02 4.863664087869672221e+05
9.910000000000000000e+02 4.879724699008736643e+05
9.920000000000000000e+02 4.895808177417700645e+05
9.930000000000000000e+02 4.911914492222520057e+05
9.940000000000000000e+02 4.928043612556068110e+05
9.950000000000000000e+02 4.944195507558458485e+05
9.960000000000000000e+02 4.960370146377347992e+05
9.970000000000000000e+02 4.976567498168257880e+05
9.980000000000000000e+02 4.992787532094878261e+05
9.990000000000000000e+02 5.009030217329378356e+05
