# BB temperature (K); Intensity through filter (ph/s/m^2/mas^2)
1.000000000000000000e+01 0.000000000000000000e+00
1.100000000000000000e+01 0.000000000000000000e+00
1.200000000000000000e+01 0.000000000000000000e+00
1.300000000000000000e+01 0.000000000000000000e+00
1.400000000000000000e+01 0.000000000000000000e+00
1.500000000000000000e+01 0.000000000000000000e+00
1.600000000000000000e+01 0.000000000000000000e+00
1.700000000000000000e+01 0.000000000000000000e+00
1.800000000000000000e+01 0.000000000000000000e+00
1.900000000000000000e+01 0.000000000000000000e+00
2.000000000000000000e+01 0.000000000000000000e+00
2.100000000000000000e+01 2.286806476973995923e-107
2.200000000000000000e+01 2.430574490880453870e-102
2.300000000000000000e+01 9.455491621570094378e-98
2.400000000000000000e+01 1.526464235648288643e-93
2.500000000000000000e+01 1.136386280567002617e-89
2.600000000000000000e+01 4.265465556074858759e-86
2.700000000000000000e+01 8.710266683615213617e-83
2.800000000000000000e+01 1.032829278395581865e-79
2.900000000000000000e+01 7.522499920320269392e-77
3.000000000000000000e+01 3.533329981844236551e-74
3.100000000000000000e+01 1.116652780516284597e-71
3.200000000000000000e+01 2.464254771300109468e-69
3.300000000000000000e+01 3.923329454405854236e-67
3.400000000000000000e+01 4.637967736042186585e-65
3.500000000000000000e+01 4.176171112419479691e-63
3.600000000000000000e+01 2.929883867202703525e-61
3.700000000000000000e+01 1.634271777870557642e-59
3.800000000000000000e+01 7.379998581841825021e-58
3.900000000000000000e+01 2.742188771691997464e-56
4.000000000000000000e+01 8.507337592501458322e-55
4.100000000000000000e+01 2.232916896283407394e-53
4.200000000000000000e+01 5.017832396227439271e-52
4.300000000000000000e+01 9.759436418965838175e-51
4.400000000000000000e+01 1.659096065138306622e-49
4.500000000000000000e+01 2.487425563891389077e-48
4.600000000000000000e+01 3.316008096056487411e-47
4.700000000000000000e+01 3.960233147311840683e-46
4.800000000000000000e+01 4.266261258943449235e-45
4.900000000000000000e+01 4.171903135540116976e-44
5.000000000000000000e+01 3.724780242468506707e-43
5.100000000000000000e+01 3.052592659812426816e-42
5.200000000000000000e+01 2.307716167512564324e-41
5.300000000000000000e+01 1.616676624397697006e-40
5.400000000000000000e+01 1.053965342885843180e-39
5.500000000000000000e+01 6.419389094675252696e-39
5.600000000000000000e+01 3.666110769632584204e-38
5.700000000000000000e+01 1.969842336063060613e-37
5.800000000000000000e+01 9.989403737169776430e-37
5.900000000000000000e+01 4.795185330417937509e-36
6.000000000000000000e+01 2.184839316177673693e-35
6.100000000000000000e+01 9.473149976084574446e-35
6.200000000000000000e+01 3.918058685430610604e-34
6.300000000000000000e+01 1.549258358656624541e-33
6.400000000000000000e+01 5.869039671706542636e-33
6.500000000000000000e+01 2.134313595519797152e-32
6.600000000000000000e+01 7.464542027283982892e-32
6.700000000000000000e+01 2.515124872851222130e-31
6.800000000000000000e+01 8.177876508745511969e-31
6.900000000000000000e+01 2.569910576746046498e-30
7.000000000000000000e+01 7.816735932711385341e-30
7.100000000000000000e+01 2.304414898344296032e-29
7.200000000000000000e+01 6.593080349271081519e-29
7.300000000000000000e+01 1.832914755459998822e-28
7.400000000000000000e+01 4.957095561884289028e-28
7.500000000000000000e+01 1.305634016251399187e-27
7.600000000000000000e+01 3.352568382671650380e-27
7.700000000000000000e+01 8.400888787198998874e-27
7.800000000000000000e+01 2.056229610876851246e-26
7.900000000000000000e+01 4.920435467286999594e-26
8.000000000000000000e+01 1.152095513492684071e-25
8.100000000000000000e+01 2.641653021438703498e-25
8.200000000000000000e+01 5.936052164977798145e-25
8.300000000000000000e+01 1.308189326668491342e-24
8.400000000000000000e+01 2.829408885379742330e-24
8.500000000000000000e+01 6.009801724993256582e-24
8.600000000000000000e+01 1.254404652356156936e-23
8.700000000000000000e+01 2.574479500249600371e-23
8.800000000000000000e+01 5.198341658387326543e-23
8.900000000000000000e+01 1.033241731299250539e-22
9.000000000000000000e+01 2.022685488858170258e-22
9.100000000000000000e+01 3.901769904461928948e-22
9.200000000000000000e+01 7.420103290587521179e-22
9.300000000000000000e+01 1.391785897369441995e-21
9.400000000000000000e+01 2.575964150868513983e-21
9.500000000000000000e+01 4.706464613895134837e-21
9.600000000000000000e+01 8.492048672876633330e-21
9.700000000000000000e+01 1.513772906956774423e-20
9.800000000000000000e+01 2.666862327150219424e-20
9.900000000000000000e+01 4.645009639768473733e-20
1.000000000000000000e+02 8.001421770091676896e-20
1.010000000000000000e+02 1.363592881579448515e-19
1.020000000000000000e+02 2.299726668418784510e-19
1.030000000000000000e+02 3.839487494666626880e-19
1.040000000000000000e+02 6.347495235194691786e-19
1.050000000000000000e+02 1.039406277202444346e-18
1.060000000000000000e+02 1.686317162965089272e-18
1.070000000000000000e+02 2.711295991418823456e-18
1.080000000000000000e+02 4.321225725977544463e-18
1.090000000000000000e+02 6.828635714731621948e-18
1.100000000000000000e+02 1.070184683543373410e-17
1.110000000000000000e+02 1.663713362143462894e-17
1.120000000000000000e+02 2.566179275038049303e-17
1.130000000000000000e+02 3.928028321969178660e-17
1.140000000000000000e+02 5.967997080846668315e-17
1.150000000000000000e+02 9.001879242843620455e-17
1.160000000000000000e+02 1.348247635408570932e-16
1.170000000000000000e+02 2.005471959632846945e-16
1.180000000000000000e+02 2.963124113283289936e-16
1.190000000000000000e+02 4.349534154651098495e-16
1.200000000000000000e+02 6.344044104819276590e-16
1.210000000000000000e+02 9.195783497271154083e-16
1.220000000000000000e+02 1.324880427485152520e-15
1.230000000000000000e+02 1.897554183387761458e-15
1.240000000000000000e+02 2.702111888034169763e-15
1.250000000000000000e+02 3.826169570739719296e-15
1.260000000000000000e+02 5.388092440799831505e-15
1.270000000000000000e+02 7.546962080702996047e-15
1.280000000000000000e+02 1.051550682828183426e-14
1.290000000000000000e+02 1.457679611477774597e-14
1.300000000000000000e+02 2.010569391169837612e-14
1.310000000000000000e+02 2.759630251905795839e-14
1.320000000000000000e+02 3.769691341073602459e-14
1.330000000000000000e+02 5.125432562859530531e-14
1.340000000000000000e+02 6.936980449233087654e-14
1.350000000000000000e+02 9.346944583803205419e-14
1.360000000000000000e+02 1.253922969076258451e-13
1.370000000000000000e+02 1.675002794633062892e-13
1.380000000000000000e+02 2.228147807368150529e-13
1.390000000000000000e+02 2.951857426282198948e-13
1.400000000000000000e+02 3.895002106618932315e-13
1.410000000000000000e+02 5.119386256385003832e-13
1.420000000000000000e+02 6.702886794732008077e-13
1.430000000000000000e+02 8.743283421030047663e-13
1.440000000000000000e+02 1.136291731449291950e-12
1.450000000000000000e+02 1.471433879462903288e-12
1.460000000000000000e+02 1.898713184056547596e-12
1.470000000000000000e+02 2.441613472818940123e-12
1.480000000000000000e+02 3.129131187367941398e-12
1.490000000000000000e+02 3.996957278780736837e-12
1.500000000000000000e+02 5.088888040860048256e-12
1.510000000000000000e+02 6.458504359737654669e-12
1.520000000000000000e+02 8.171164790892989887e-12
1.530000000000000000e+02 1.030636455837584461e-11
1.540000000000000000e+02 1.296052008119859448e-11
1.550000000000000000e+02 1.625024704898765459e-11
1.560000000000000000e+02 2.031620947879315385e-11
1.570000000000000000e+02 2.532762767852407644e-11
1.580000000000000000e+02 3.148754471626526641e-11
1.590000000000000000e+02 3.903896395062715775e-11
1.600000000000000000e+02 4.827198452258246071e-11
1.610000000000000000e+02 5.953207755665130025e-11
1.620000000000000000e+02 7.322966328683735752e-11
1.630000000000000000e+02 8.985116853365335639e-11
1.640000000000000000e+02 1.099717650412869629e-10
1.650000000000000000e+02 1.342700122717743254e-10
1.660000000000000000e+02 1.635446534840425998e-10
1.670000000000000000e+02 1.987338414424710418e-10
1.680000000000000000e+02 2.409371000490336674e-10
1.690000000000000000e+02 2.914403607259556048e-10
1.700000000000000000e+02 3.517444476465181694e-10
1.710000000000000000e+02 4.235974240778585583e-10
1.720000000000000000e+02 5.090312533217683647e-10
1.730000000000000000e+02 6.104032721804884916e-10
1.740000000000000000e+02 7.304430226990553113e-10
1.750000000000000000e+02 8.723050393100889663e-10
1.760000000000000000e+02 1.039628243598081265e-09
1.770000000000000000e+02 1.236602657875622871e-09
1.780000000000000000e+02 1.468044211790789537e-09
1.790000000000000000e+02 1.739478483429387966e-09
1.800000000000000000e+02 2.057234288002830956e-09
1.810000000000000000e+02 2.428548103384879799e-09
1.820000000000000000e+02 2.861680402638465145e-09
1.830000000000000000e+02 3.366045049414081137e-09
1.840000000000000000e+02 3.952353002856635603e-09
1.850000000000000000e+02 4.632771674576410357e-09
1.860000000000000000e+02 5.421101381464695091e-09
1.870000000000000000e+02 6.332970444803364401e-09
1.880000000000000000e+02 7.386050598360085001e-09
1.890000000000000000e+02 8.600294486101493460e-09
1.900000000000000000e+02 9.998197153911032762e-09
1.910000000000000000e+02 1.160508356937445064e-08
1.920000000000000000e+02 1.344942433939391067e-08
1.930000000000000000e+02 1.556318193720087827e-08
1.940000000000000000e+02 1.798218989834043859e-08
1.950000000000000000e+02 2.074656759946598698e-08
1.960000000000000000e+02 2.390117339437368863e-08
1.970000000000000000e+02 2.749609904867422087e-08
1.980000000000000000e+02 3.158720858788075239e-08
1.990000000000000000e+02 3.623672485352180878e-08
2.000000000000000000e+02 4.151386724817940052e-08
2.010000000000000000e+02 4.749554434311945883e-08
2.020000000000000000e+02 5.426710522141670456e-08
2.030000000000000000e+02 6.192315363517062182e-08
2.040000000000000000e+02 7.056842926753773348e-08
2.050000000000000000e+02 8.031876060883724616e-08
2.060000000000000000e+02 9.130209418087871379e-08
2.070000000000000000e+02 1.036596050748651919e-07
2.080000000000000000e+02 1.175468940056776218e-07
2.090000000000000000e+02 1.331352763289890552e-07
2.100000000000000000e+02 1.506131687174106755e-07
2.110000000000000000e+02 1.701875794476626001e-07
2.120000000000000000e+02 1.920857085125034156e-07
2.130000000000000000e+02 2.165566640387651480e-07
2.140000000000000000e+02 2.438733017662276281e-07
2.150000000000000000e+02 2.743341946211452105e-07
2.160000000000000000e+02 3.082657397029213509e-07
2.170000000000000000e+02 3.460244102926177824e-07
2.180000000000000000e+02 3.879991607876223248e-07
2.190000000000000000e+02 4.346139927677735604e-07
2.200000000000000000e+02 4.863306907045243683e-07
2.210000000000000000e+02 5.436517361362137225e-07
2.220000000000000000e+02 6.071234094492026197e-07
2.230000000000000000e+02 6.773390887264410546e-07
2.240000000000000000e+02 7.549427554519771484e-07
2.250000000000000000e+02 8.406327171919907509e-07
2.260000000000000000e+02 9.351655577101182823e-07
2.270000000000000000e+02 1.039360325317240863e-06
2.280000000000000000e+02 1.154102970603526928e-06
2.290000000000000000e+02 1.280351045053502233e-06
2.300000000000000000e+02 1.419138672403348395e-06
2.310000000000000000e+02 1.571581804963733098e-06
2.320000000000000000e+02 1.738883777501307880e-06
2.330000000000000000e+02 1.922341171648012557e-06
2.340000000000000000e+02 2.123350004189539483e-06
2.350000000000000000e+02 2.343412252973243247e-06
2.360000000000000000e+02 2.584142734571708456e-06
2.370000000000000000e+02 2.847276348241528907e-06
2.380000000000000000e+02 3.134675701128067654e-06
2.390000000000000000e+02 3.448339130086671740e-06
2.400000000000000000e+02 3.790409135919456756e-06
2.410000000000000000e+02 4.163181246265016446e-06
2.420000000000000000e+02 4.569113323827205766e-06
2.430000000000000000e+02 5.010835337088785273e-06
2.440000000000000000e+02 5.491159611127575195e-06
2.450000000000000000e+02 6.013091576637338942e-06
2.460000000000000000e+02 6.579841035754223519e-06
2.470000000000000000e+02 7.194833963802995475e-06
2.480000000000000000e+02 7.861724866606904864e-06
2.490000000000000000e+02 8.584409713552013387e-06
2.500000000000000000e+02 9.367039467162245321e-06
2.510000000000000000e+02 1.021403423052714739e-05
2.520000000000000000e+02 1.113009803453146132e-05
2.530000000000000000e+02 1.212023428746600533e-05
2.540000000000000000e+02 1.318976191025418401e-05
2.550000000000000000e+02 1.434433218121050525e-05
2.560000000000000000e+02 1.558994631495730615e-05
2.570000000000000000e+02 1.693297380086637342e-05
2.580000000000000000e+02 1.838017152716537933e-05
2.590000000000000000e+02 1.993870371765633960e-05
2.600000000000000000e+02 2.161616270883776435e-05
2.610000000000000000e+02 2.342059059610625016e-05
2.620000000000000000e+02 2.536050177863794541e-05
2.630000000000000000e+02 2.744490643352059530e-05
2.640000000000000000e+02 2.968333495072311625e-05
2.650000000000000000e+02 3.208586336155573842e-05
2.660000000000000000e+02 3.466313979439276699e-05
2.670000000000000000e+02 3.742641199260411233e-05
2.680000000000000000e+02 4.038755593087479891e-05
2.690000000000000000e+02 4.355910556738540741e-05
2.700000000000000000e+02 4.695428377068700698e-05
2.710000000000000000e+02 5.058703446153151051e-05
2.720000000000000000e+02 5.447205601141706503e-05
2.730000000000000000e+02 5.862483594118480363e-05
2.740000000000000000e+02 6.306168696465537927e-05
2.750000000000000000e+02 6.779978442403131092e-05
2.760000000000000000e+02 7.285720516561282171e-05
2.770000000000000000e+02 7.825296790628982128e-05
2.780000000000000000e+02 8.400707514327800389e-05
2.790000000000000000e+02 9.014055666167388326e-05
2.800000000000000000e+02 9.667551469661199610e-05
2.810000000000000000e+02 1.036351708091197166e-04
2.820000000000000000e+02 1.110439145371941167e-04
2.830000000000000000e+02 1.189273538861613773e-04
2.840000000000000000e+02 1.273123677250421787e-04
2.850000000000000000e+02 1.362271601584272870e-04
2.860000000000000000e+02 1.457013169462809674e-04
2.870000000000000000e+02 1.557658640471317054e-04
2.880000000000000000e+02 1.664533283632929097e-04
2.890000000000000000e+02 1.777978007700764605e-04
2.900000000000000000e+02 1.898350015144331247e-04
2.910000000000000000e+02 2.026023480720702129e-04
2.920000000000000000e+02 2.161390255558748926e-04
2.930000000000000000e+02 2.304860597724021855e-04
2.940000000000000000e+02 2.456863930272870449e-04
2.950000000000000000e+02 2.617849627847092025e-04
2.960000000000000000e+02 2.788287832904733435e-04
2.970000000000000000e+02 2.968670302728961441e-04
2.980000000000000000e+02 3.159511288404817653e-04
2.990000000000000000e+02 3.361348447003626393e-04
3.000000000000000000e+02 3.574743788266571500e-04
3.010000000000000000e+02 3.800284657132713064e-04
3.020000000000000000e+02 4.038584753512440388e-04
3.030000000000000000e+02 4.290285190765153042e-04
3.040000000000000000e+02 4.556055594399788656e-04
3.050000000000000000e+02 4.836595242578802705e-04
3.060000000000000000e+02 5.132634250070362055e-04
3.070000000000000000e+02 5.444934797359806018e-04
3.080000000000000000e+02 5.774292406700017944e-04
3.090000000000000000e+02 6.121537266951181892e-04
3.100000000000000000e+02 6.487535609133529427e-04
3.110000000000000000e+02 6.873191134692202770e-04
3.120000000000000000e+02 7.279446498551166676e-04
3.130000000000000000e+02 7.707284849113377927e-04
3.140000000000000000e+02 8.157731427447128571e-04
3.150000000000000000e+02 8.631855227983566180e-04
3.160000000000000000e+02 9.130770723138164876e-04
3.170000000000000000e+02 9.655639654358841350e-04
3.180000000000000000e+02 1.020767289219634251e-03
3.190000000000000000e+02 1.078813236808759098e-03
3.200000000000000000e+02 1.139833308064047398e-03
3.210000000000000000e+02 1.203964517930916764e-03
3.220000000000000000e+02 1.271349612845175609e-03
3.230000000000000000e+02 1.342137295486781285e-03
3.240000000000000000e+02 1.416482458202172759e-03
3.250000000000000000e+02 1.494546425426841567e-03
3.260000000000000000e+02 1.576497205451170020e-03
3.270000000000000000e+02 1.662509751884165771e-03
3.280000000000000000e+02 1.752766235181625696e-03
3.290000000000000000e+02 1.847456324617381077e-03
3.300000000000000000e+02 1.946777481088722474e-03
3.310000000000000000e+02 2.050935261159739058e-03
3.320000000000000000e+02 2.160143632759287894e-03
3.330000000000000000e+02 2.274625302963470888e-03
3.340000000000000000e+02 2.394612058305984562e-03
3.350000000000000000e+02 2.520345118073417587e-03
3.360000000000000000e+02 2.652075501056557622e-03
3.370000000000000000e+02 2.790064406242982482e-03
3.380000000000000000e+02 2.934583607950732448e-03
3.390000000000000000e+02 3.085915865917559717e-03
3.400000000000000000e+02 3.244355350875252880e-03
3.410000000000000000e+02 3.410208086153780366e-03
3.420000000000000000e+02 3.583792405875413714e-03
3.430000000000000000e+02 3.765439430314766224e-03
3.440000000000000000e+02 3.955493559016566574e-03
3.450000000000000000e+02 4.154312982279174081e-03
3.460000000000000000e+02 4.362270211628251071e-03
3.470000000000000000e+02 4.579752629921589151e-03
3.480000000000000000e+02 4.807163061742936866e-03
3.490000000000000000e+02 5.044920364759698621e-03
3.500000000000000000e+02 5.293460042736626570e-03
3.510000000000000000e+02 5.553234880915036871e-03
3.520000000000000000e+02 5.824715604484770673e-03
3.530000000000000000e+02 6.108391560893827385e-03
3.540000000000000000e+02 6.404771426758727390e-03
3.550000000000000000e+02 6.714383940156696401e-03
3.560000000000000000e+02 7.037778659099188164e-03
3.570000000000000000e+02 7.375526747004702323e-03
3.580000000000000000e+02 7.728221786007456566e-03
3.590000000000000000e+02 8.096480618957390199e-03
3.600000000000000000e+02 8.480944220985666207e-03
3.610000000000000000e+02 8.882278601529104700e-03
3.620000000000000000e+02 9.301175737725975862e-03
3.630000000000000000e+02 9.738354540114905339e-03
3.640000000000000000e+02 1.019456185158802188e-02
3.650000000000000000e+02 1.067057348056888247e-02
3.660000000000000000e+02 1.116719526940527368e-02
3.670000000000000000e+02 1.168526419898663522e-02
3.680000000000000000e+02 1.222564953061537098e-02
3.690000000000000000e+02 1.278925398618128637e-02
3.700000000000000000e+02 1.337701496770782317e-02
3.710000000000000000e+02 1.398990581735886675e-02
3.720000000000000000e+02 1.462893711901455673e-02
3.730000000000000000e+02 1.529515804254433231e-02
3.740000000000000000e+02 1.598965773192533718e-02
3.750000000000000000e+02 1.671356673837416651e-02
3.760000000000000000e+02 1.746805849967956320e-02
3.770000000000000000e+02 1.825435086694364439e-02
3.780000000000000000e+02 1.907370767995881025e-02
3.790000000000000000e+02 1.992744039246714324e-02
3.800000000000000000e+02 2.081690974856885076e-02
3.810000000000000000e+02 2.174352751156567731e-02
3.820000000000000000e+02 2.270875824654470382e-02
3.830000000000000000e+02 2.371412115802719323e-02
3.840000000000000000e+02 2.476119198402664326e-02
3.850000000000000000e+02 2.585160494787884858e-02
3.860000000000000000e+02 2.698705476922621735e-02
3.870000000000000000e+02 2.816929873555697530e-02
3.880000000000000000e+02 2.940015883571893418e-02
3.890000000000000000e+02 3.068152395684560149e-02
3.900000000000000000e+02 3.201535214615099101e-02
3.910000000000000000e+02 3.340367293906774948e-02
3.920000000000000000e+02 3.484858975522023977e-02
3.930000000000000000e+02 3.635228236374346555e-02
3.940000000000000000e+02 3.791700941947438036e-02
3.950000000000000000e+02 3.954511107156091776e-02
3.960000000000000000e+02 4.123901164604994174e-02
3.970000000000000000e+02 4.300122240403260465e-02
3.980000000000000000e+02 4.483434437694185093e-02
3.990000000000000000e+02 4.674107128061300021e-02
4.000000000000000000e+02 4.872419250973399757e-02
4.010000000000000000e+02 5.078659621432771859e-02
4.020000000000000000e+02 5.293127245992391289e-02
4.030000000000000000e+02 5.516131647309297642e-02
4.040000000000000000e+02 5.747993197402842536e-02
4.050000000000000000e+02 5.989043459787959239e-02
4.060000000000000000e+02 6.239625540654897273e-02
4.070000000000000000e+02 6.500094449268283003e-02
4.080000000000000000e+02 6.770817467759680797e-02
4.090000000000000000e+02 7.052174530489012383e-02
4.100000000000000000e+02 7.344558613151533355e-02
4.110000000000000000e+02 7.648376131808146128e-02
4.120000000000000000e+02 7.964047352018065185e-02
4.130000000000000000e+02 8.292006808253869765e-02
4.140000000000000000e+02 8.632703733780119904e-02
4.150000000000000000e+02 8.986602501177583247e-02
4.160000000000000000e+02 9.354183073696313577e-02
4.170000000000000000e+02 9.735941467621479772e-02
4.180000000000000000e+02 1.013239022583690419e-01
4.190000000000000000e+02 1.054405890277199109e-01
4.200000000000000000e+02 1.097149456091859321e-01
4.210000000000000000e+02 1.141526227910492075e-01
4.220000000000000000e+02 1.187594567271450380e-01
4.230000000000000000e+02 1.235414742603857946e-01
4.240000000000000000e+02 1.285048983695105396e-01
4.250000000000000000e+02 1.336561537409564626e-01
4.260000000000000000e+02 1.390018724677511419e-01
4.270000000000000000e+02 1.445488998773317713e-01
4.280000000000000000e+02 1.503043004901986612e-01
4.290000000000000000e+02 1.562753641113133474e-01
4.300000000000000000e+02 1.624696120561558432e-01
4.310000000000000000e+02 1.688948035133551462e-01
4.320000000000000000e+02 1.755589420458100458e-01
4.330000000000000000e+02 1.824702822322172291e-01
4.340000000000000000e+02 1.896373364509234549e-01
4.350000000000000000e+02 1.970688818080190141e-01
4.360000000000000000e+02 2.047739672115881926e-01
4.370000000000000000e+02 2.127619205940294300e-01
4.380000000000000000e+02 2.210423562843592538e-01
4.390000000000000000e+02 2.296251825324054918e-01
4.400000000000000000e+02 2.385206091867991540e-01
4.410000000000000000e+02 2.477391555286617419e-01
4.420000000000000000e+02 2.572916582628886895e-01
4.430000000000000000e+02 2.671892796689170901e-01
4.440000000000000000e+02 2.774435159128653128e-01
4.450000000000000000e+02 2.880662055229213925e-01
4.460000000000000000e+02 2.990695380298537542e-01
4.470000000000000000e+02 3.104660627745065571e-01
4.480000000000000000e+02 3.222686978841371452e-01
4.490000000000000000e+02 3.344907394194396311e-01
4.500000000000000000e+02 3.471458706940941941e-01
4.510000000000000000e+02 3.602481717686681351e-01
4.520000000000000000e+02 3.738121291206819019e-01
4.530000000000000000e+02 3.878526454926511380e-01
4.540000000000000000e+02 4.023850499198892705e-01
4.550000000000000000e+02 4.174251079398557107e-01
4.560000000000000000e+02 4.329890319848154756e-01
4.570000000000000000e+02 4.490934919595611086e-01
4.580000000000000000e+02 4.657556260059367292e-01
4.590000000000000000e+02 4.829930514558851140e-01
4.600000000000000000e+02 5.008238759747296598e-01
4.610000000000000000e+02 5.192667088963753841e-01
4.620000000000000000e+02 5.383406727521101720e-01
4.630000000000000000e+02 5.580654149946565612e-01
4.640000000000000000e+02 5.784611199191206365e-01
4.650000000000000000e+02 5.995485207824461371e-01
4.660000000000000000e+02 6.213489121229883727e-01
4.670000000000000000e+02 6.438841622817769172e-01
4.680000000000000000e+02 6.671767261270348248e-01
4.690000000000000000e+02 6.912496579834920274e-01
4.700000000000000000e+02 7.161266247680079244e-01
4.710000000000000000e+02 7.418319193330048522e-01
4.720000000000000000e+02 7.683904740191804805e-01
4.730000000000000000e+02 7.958278744189529741e-01
4.740000000000000000e+02 8.241703733520628905e-01
4.750000000000000000e+02 8.534449050547349147e-01
4.760000000000000000e+02 8.836790995837792151e-01
4.770000000000000000e+02 9.149012974369811202e-01
4.780000000000000000e+02 9.471405643911053884e-01
4.790000000000000000e+02 9.804267065588220254e-01
4.800000000000000000e+02 1.014790285665817082e+00
4.810000000000000000e+02 1.050262634549340879e+00
4.820000000000000000e+02 1.086875872879413896e+00
4.830000000000000000e+02 1.124662923103870060e+00
4.840000000000000000e+02 1.163657526618415261e+00
4.850000000000000000e+02 1.203894260162816865e+00
4.860000000000000000e+02 1.245408552444337014e+00
4.870000000000000000e+02 1.288236700989480621e+00
4.880000000000000000e+02 1.332415889225096794e+00
4.890000000000000000e+02 1.377984203789850870e+00
4.900000000000000000e+02 1.424980652077037169e+00
4.910000000000000000e+02 1.473445180009697708e+00
4.920000000000000000e+02 1.523418690048938595e+00
4.930000000000000000e+02 1.574943059436358039e+00
4.940000000000000000e+02 1.628061158671400888e+00
4.950000000000000000e+02 1.682816870224494998e+00
4.960000000000000000e+02 1.739255107486723295e+00
4.970000000000000000e+02 1.797421833956794446e+00
4.980000000000000000e+02 1.857364082666032035e+00
4.990000000000000000e+02 1.919129975842048808e+00
5.000000000000000000e+02 1.982768744811766792e+00
5.010000000000000000e+02 2.048330750144387036e+00
5.020000000000000000e+02 2.115867502034882275e+00
5.030000000000000000e+02 2.185431680928557441e+00
5.040000000000000000e+02 2.257077158387174265e+00
5.050000000000000000e+02 2.330859018197118715e+00
5.060000000000000000e+02 2.406833577720021378e+00
5.070000000000000000e+02 2.485058409486248898e+00
5.080000000000000000e+02 2.565592363031601764e+00
5.090000000000000000e+02 2.648495586977550165e+00
5.100000000000000000e+02 2.733829551355277498e+00
5.110000000000000000e+02 2.821657070173787751e+00
5.120000000000000000e+02 2.912042324232274826e+00
5.130000000000000000e+02 3.005050884176923454e+00
5.140000000000000000e+02 3.100749733802261154e+00
5.150000000000000000e+02 3.199207293597175816e+00
5.160000000000000000e+02 3.300493444535608667e+00
5.170000000000000000e+02 3.404679552111995910e+00
5.180000000000000000e+02 3.511838490621366660e+00
5.190000000000000000e+02 3.622044667684084729e+00
5.200000000000000000e+02 3.735374049015093512e+00
5.210000000000000000e+02 3.851904183437553808e+00
5.220000000000000000e+02 3.971714228140656999e+00
5.230000000000000000e+02 4.094884974181421278e+00
5.240000000000000000e+02 4.221498872230181831e+00
5.250000000000000000e+02 4.351640058559516966e+00
5.260000000000000000e+02 4.485394381276194942e+00
5.270000000000000000e+02 4.622849426795851535e+00
5.280000000000000000e+02 4.764094546559908494e+00
5.290000000000000000e+02 4.909220883994303009e+00
5.300000000000000000e+02 5.058321401709524601e+00
5.310000000000000000e+02 5.211490908941413203e+00
5.320000000000000000e+02 5.368826089232161536e+00
5.330000000000000000e+02 5.530425528350865427e+00
5.340000000000000000e+02 5.696389742453008331e+00
5.350000000000000000e+02 5.866821206478133988e+00
5.360000000000000000e+02 6.041824382785021541e+00
5.370000000000000000e+02 6.221505750023560211e+00
5.380000000000000000e+02 6.405973832242479737e+00
5.390000000000000000e+02 6.595339228232145246e+00
5.400000000000000000e+02 6.789714641101479486e+00
5.410000000000000000e+02 6.989214908088063005e+00
5.420000000000000000e+02 7.193957030600508951e+00
5.430000000000000000e+02 7.404060204492036057e+00
5.440000000000000000e+02 7.619645850564171319e+00
5.450000000000000000e+02 7.840837645299640002e+00
5.460000000000000000e+02 8.067761551823080524e+00
5.470000000000000000e+02 8.300545851088662275e+00
5.480000000000000000e+02 8.539321173293235034e+00
5.490000000000000000e+02 8.784220529513822484e+00
5.500000000000000000e+02 9.035379343568232358e+00
5.510000000000000000e+02 9.292935484097368359e+00
5.520000000000000000e+02 9.557029296867963097e+00
5.530000000000000000e+02 9.827803637294358907e+00
5.540000000000000000e+02 1.010540390317780179e+01
5.550000000000000000e+02 1.038997806766191800e+01
5.560000000000000000e+02 1.068167671240281003e+01
5.570000000000000000e+02 1.098065306095216798e+01
5.580000000000000000e+02 1.128706301235200904e+01
5.590000000000000000e+02 1.160106517493922418e+01
5.600000000000000000e+02 1.192282090035845243e+01
5.610000000000000000e+02 1.225249431778150822e+01
5.620000000000000000e+02 1.259025236833170425e+01
5.630000000000000000e+02 1.293626483971130092e+01
5.640000000000000000e+02 1.329070440103028083e+01
5.650000000000000000e+02 1.365374663783468634e+01
5.660000000000000000e+02 1.402557008733264787e+01
5.670000000000000000e+02 1.440635627381615969e+01
5.680000000000000000e+02 1.479628974427680532e+01
5.690000000000000000e+02 1.519555810421340780e+01
5.700000000000000000e+02 1.560435205362961142e+01
5.710000000000000000e+02 1.602286542321947138e+01
5.720000000000000000e+02 1.645129521073889478e+01
5.730000000000000000e+02 1.688984161756095403e+01
5.740000000000000000e+02 1.733870808541294650e+01
5.750000000000000000e+02 1.779810133329294075e+01
5.760000000000000000e+02 1.826823139456393719e+01
5.770000000000000000e+02 1.874931165422309576e+01
5.780000000000000000e+02 1.924155888634407319e+01
5.790000000000000000e+02 1.974519329169005033e+01
5.800000000000000000e+02 2.026043853549531093e+01
5.810000000000000000e+02 2.078752178541295237e+01
5.820000000000000000e+02 2.132667374962634455e+01
5.830000000000000000e+02 2.187812871512224788e+01
5.840000000000000000e+02 2.244212458612278027e+01
5.850000000000000000e+02 2.301890292267422566e+01
5.860000000000000000e+02 2.360870897938988833e+01
5.870000000000000000e+02 2.421179174434487180e+01
5.880000000000000000e+02 2.482840397811990485e+01
5.890000000000000000e+02 2.545880225299203303e+01
5.900000000000000000e+02 2.610324699226944745e+01
5.910000000000000000e+02 2.676200250976793527e+01
5.920000000000000000e+02 2.743533704942629114e+01
5.930000000000000000e+02 2.812352282505820966e+01
5.940000000000000000e+02 2.882683606023794098e+01
5.950000000000000000e+02 2.954555702831697772e+01
5.960000000000000000e+02 3.027997009256928607e+01
5.970000000000000000e+02 3.103036374646211826e+01
5.980000000000000000e+02 3.179703065404996565e+01
5.990000000000000000e+02 3.258026769048867521e+01
6.000000000000000000e+02 3.338037598266707562e+01
6.010000000000000000e+02 3.419766094995335948e+01
6.020000000000000000e+02 3.503243234505332282e+01
6.030000000000000000e+02 3.588500429497769062e+01
6.040000000000000000e+02 3.675569534211573597e+01
6.050000000000000000e+02 3.764482848541223348e+01
6.060000000000000000e+02 3.855273122164494737e+01
6.070000000000000000e+02 3.947973558679983341e+01
6.080000000000000000e+02 4.042617819754079989e+01
6.090000000000000000e+02 4.139240029277139854e+01
6.100000000000000000e+02 4.237874777528536185e+01
6.110000000000000000e+02 4.338557125350296673e+01
6.120000000000000000e+02 4.441322608329046773e+01
6.130000000000000000e+02 4.546207240985939535e+01
6.140000000000000000e+02 4.653247520974288420e+01
6.150000000000000000e+02 4.762480433284592607e+01
6.160000000000000000e+02 4.873943454456664170e+01
6.170000000000000000e+02 4.987674556798534553e+01
6.180000000000000000e+02 5.103712212611863919e+01
6.190000000000000000e+02 5.222095398423525836e+01
6.200000000000000000e+02 5.342863599223056781e+01
6.210000000000000000e+02 5.466056812705699741e+01
6.220000000000000000e+02 5.591715553520680970e+01
6.230000000000000000e+02 5.719880857524459117e+01
6.240000000000000000e+02 5.850594286038602121e+01
6.250000000000000000e+02 5.983897930112006947e+01
6.260000000000000000e+02 6.119834414787121801e+01
6.270000000000000000e+02 6.258446903369890180e+01
6.280000000000000000e+02 6.399779101703081352e+01
6.290000000000000000e+02 6.543875262442695373e+01
6.300000000000000000e+02 6.690780189337156969e+01
6.310000000000000000e+02 6.840539241508918167e+01
6.320000000000000000e+02 6.993198337738247972e+01
6.330000000000000000e+02 7.148803960748800534e+01
6.340000000000000000e+02 7.307403161494700328e+01
6.350000000000000000e+02 7.469043563448842349e+01
6.360000000000000000e+02 7.633773366892002343e+01
6.370000000000000000e+02 7.801641353202570883e+01
6.380000000000000000e+02 7.972696889146459398e+01
6.390000000000000000e+02 8.146989931166996257e+01
6.400000000000000000e+02 8.324571029674346789e+01
6.410000000000000000e+02 8.505491333334279602e+01
6.420000000000000000e+02 8.689802593355879878e+01
6.430000000000000000e+02 8.877557167777891323e+01
6.440000000000000000e+02 9.068808025753418178e+01
6.450000000000000000e+02 9.263608751832641985e+01
6.460000000000000000e+02 9.462013550243199234e+01
6.470000000000000000e+02 9.664077249167992534e+01
6.480000000000000000e+02 9.869855305020014669e+01
6.490000000000000000e+02 1.007940380671395957e+02
6.500000000000000000e+02 1.029277947993423368e+02
6.510000000000000000e+02 1.051003969139909486e+02
6.520000000000000000e+02 1.073124245312059344e+02
6.530000000000000000e+02 1.095644642665998418e+02
6.540000000000000000e+02 1.118571092737832515e+02
6.550000000000000000e+02 1.141909592868191794e+02
6.560000000000000000e+02 1.165666206626227250e+02
6.570000000000000000e+02 1.189847064233035780e+02
6.580000000000000000e+02 1.214458362984469062e+02
6.590000000000000000e+02 1.239506367673309342e+02
6.600000000000000000e+02 1.264997411010770918e+02
6.610000000000000000e+02 1.290937894047299039e+02
6.620000000000000000e+02 1.317334286592642911e+02
6.630000000000000000e+02 1.344193127635154497e+02
6.640000000000000000e+02 1.371521025760301029e+02
6.650000000000000000e+02 1.399324659568352445e+02
6.660000000000000000e+02 1.427610778091206214e+02
6.670000000000000000e+02 1.456386201208334512e+02
6.680000000000000000e+02 1.485657820061808820e+02
6.690000000000000000e+02 1.515432597470380358e+02
6.700000000000000000e+02 1.545717568342582524e+02
6.710000000000000000e+02 1.576519840088829199e+02
6.720000000000000000e+02 1.607846593032468832e+02
6.730000000000000000e+02 1.639705080819781244e+02
6.740000000000000000e+02 1.672102630828869962e+02
6.750000000000000000e+02 1.705046644577429618e+02
6.760000000000000000e+02 1.738544598129362839e+02
6.770000000000000000e+02 1.772604042500203150e+02
6.780000000000000000e+02 1.807232604061336758e+02
6.790000000000000000e+02 1.842437984942963283e+02
6.800000000000000000e+02 1.878227963435798813e+02
6.810000000000000000e+02 1.914610394391473847e+02
6.820000000000000000e+02 1.951593209621595975e+02
6.830000000000000000e+02 1.989184418295462251e+02
6.840000000000000000e+02 2.027392107336379468e+02
6.850000000000000000e+02 2.066224441816573005e+02
6.860000000000000000e+02 2.105689665350647317e+02
6.870000000000000000e+02 2.145796100487584397e+02
6.880000000000000000e+02 2.186552149101236182e+02
6.890000000000000000e+02 2.227966292779292132e+02
6.900000000000000000e+02 2.270047093210698677e+02
6.910000000000000000e+02 2.312803192571490740e+02
6.920000000000000000e+02 2.356243313909020003e+02
6.930000000000000000e+02 2.400376261524549761e+02
6.940000000000000000e+02 2.445210921354181153e+02
6.950000000000000000e+02 2.490756261348103351e+02
6.960000000000000000e+02 2.537021331848117711e+02
6.970000000000000000e+02 2.584015265963427623e+02
6.980000000000000000e+02 2.631747279944668776e+02
6.990000000000000000e+02 2.680226673556128389e+02
7.000000000000000000e+02 2.729462830446169619e+02
7.010000000000000000e+02 2.779465218515795186e+02
7.020000000000000000e+02 2.830243390285354508e+02
7.030000000000000000e+02 2.881806983259349408e+02
7.040000000000000000e+02 2.934165720289329329e+02
7.050000000000000000e+02 2.987329409934841351e+02
7.060000000000000000e+02 3.041307946822402641e+02
7.070000000000000000e+02 3.096111312002506679e+02
7.080000000000000000e+02 3.151749573304587102e+02
7.090000000000000000e+02 3.208232885689964178e+02
7.100000000000000000e+02 3.265571491602713081e+02
7.110000000000000000e+02 3.323775721318456249e+02
7.120000000000000000e+02 3.382855993291048549e+02
7.130000000000000000e+02 3.442822814497119452e+02
7.140000000000000000e+02 3.503686780778467096e+02
7.150000000000000000e+02 3.565458577182286604e+02
7.160000000000000000e+02 3.628148978299175837e+02
7.170000000000000000e+02 3.691768848598944146e+02
7.180000000000000000e+02 3.756329142764160451e+02
7.190000000000000000e+02 3.821840906021445790e+02
7.200000000000000000e+02 3.888315274470477334e+02
7.210000000000000000e+02 3.955763475410685714e+02
7.220000000000000000e+02 4.024196827665626301e+02
7.230000000000000000e+02 4.093626741904997175e+02
7.240000000000000000e+02 4.164064720964295248e+02
7.250000000000000000e+02 4.235522360162075302e+02
7.260000000000000000e+02 4.308011347614809097e+02
7.270000000000000000e+02 4.381543464549300779e+02
7.280000000000000000e+02 4.456130585612674508e+02
7.290000000000000000e+02 4.531784679179872910e+02
7.300000000000000000e+02 4.608517807658691368e+02
7.310000000000000000e+02 4.686342127792285055e+02
7.320000000000000000e+02 4.765269890959157806e+02
7.330000000000000000e+02 4.845313443470628840e+02
7.340000000000000000e+02 4.926485226865708000e+02
7.350000000000000000e+02 5.008797778203413600e+02
7.360000000000000000e+02 5.092263730352486846e+02
7.370000000000000000e+02 5.176895812278493167e+02
7.380000000000000000e+02 5.262706849328299086e+02
7.390000000000000000e+02 5.349709763511891651e+02
7.400000000000000000e+02 5.437917573781550118e+02
7.410000000000000000e+02 5.527343396308313004e+02
7.420000000000000000e+02 5.618000444755771241e+02
7.430000000000000000e+02 5.709902030551147618e+02
7.440000000000000000e+02 5.803061563153629550e+02
7.450000000000000000e+02 5.897492550319977909e+02
7.460000000000000000e+02 5.993208598367378954e+02
7.470000000000000000e+02 6.090223412433493877e+02
7.480000000000000000e+02 6.188550796733762809e+02
7.490000000000000000e+02 6.288204654815880303e+02
7.500000000000000000e+02 6.389198989811447973e+02
7.510000000000000000e+02 6.491547904684829291e+02
7.520000000000000000e+02 6.595265602479121299e+02
7.530000000000000000e+02 6.700366386559298917e+02
7.540000000000000000e+02 6.806864660852477300e+02
7.550000000000000000e+02 6.914774930085276310e+02
7.560000000000000000e+02 7.024111800018331451e+02
7.570000000000000000e+02 7.134889977677842126e+02
7.580000000000000000e+02 7.247124271584242479e+02
7.590000000000000000e+02 7.360829591977910695e+02
7.600000000000000000e+02 7.476020951041959961e+02
7.610000000000000000e+02 7.592713463122048552e+02
7.620000000000000000e+02 7.710922344943252256e+02
7.630000000000000000e+02 7.830662915823905905e+02
7.640000000000000000e+02 7.951950597886542482e+02
7.650000000000000000e+02 8.074800916265742217e+02
7.660000000000000000e+02 8.199229499313031511e+02
7.670000000000000000e+02 8.325252078798752109e+02
7.680000000000000000e+02 8.452884490110866409e+02
7.690000000000000000e+02 8.582142672450797818e+02
7.700000000000000000e+02 8.713042669026132216e+02
7.710000000000000000e+02 8.845600627240340827e+02
7.720000000000000000e+02 8.979832798879402844e+02
7.730000000000000000e+02 9.115755540295350556e+02
7.740000000000000000e+02 9.253385312586744931e+02
7.750000000000000000e+02 9.392738681776061185e+02
7.760000000000000000e+02 9.533832318983976393e+02
7.770000000000000000e+02 9.676683000600543210e+02
7.780000000000000000e+02 9.821307608453259945e+02
7.790000000000000000e+02 9.967723129972018796e+02
7.800000000000000000e+02 1.011594665835093565e+03
7.810000000000000000e+02 1.026599539270704554e+03
7.820000000000000000e+02 1.041788663823581601e+03
7.830000000000000000e+02 1.057163780636362162e+03
7.840000000000000000e+02 1.072726641489692383e+03
7.850000000000000000e+02 1.088479008816846317e+03
7.860000000000000000e+02 1.104422655718008627e+03
7.870000000000000000e+02 1.120559365974261254e+03
7.880000000000000000e+02 1.136890934061238795e+03
7.890000000000000000e+02 1.153419165162473064e+03
7.900000000000000000e+02 1.170145875182415011e+03
7.910000000000000000e+02 1.187072890759142183e+03
7.920000000000000000e+02 1.204202049276745811e+03
7.930000000000000000e+02 1.221535198877399125e+03
7.940000000000000000e+02 1.239074198473101433e+03
7.950000000000000000e+02 1.256820917757112738e+03
7.960000000000000000e+02 1.274777237215055720e+03
7.970000000000000000e+02 1.292945048135707339e+03
7.980000000000000000e+02 1.311326252621462345e+03
7.990000000000000000e+02 1.329922763598481197e+03
8.000000000000000000e+02 1.348736504826512601e+03
8.010000000000000000e+02 1.367769410908396367e+03
8.020000000000000000e+02 1.387023427299247714e+03
8.030000000000000000e+02 1.406500510315313022e+03
8.040000000000000000e+02 1.426202627142508845e+03
8.050000000000000000e+02 1.446131755844638292e+03
8.060000000000000000e+02 1.466289885371283617e+03
8.070000000000000000e+02 1.486679015565377313e+03
8.080000000000000000e+02 1.507301157170452143e+03
8.090000000000000000e+02 1.528158331837570358e+03
8.100000000000000000e+02 1.549252572131921625e+03
8.110000000000000000e+02 1.570585921539112633e+03
8.120000000000000000e+02 1.592160434471125427e+03
8.130000000000000000e+02 1.613978176271953771e+03
8.140000000000000000e+02 1.636041223222921417e+03
8.150000000000000000e+02 1.658351662547676824e+03
8.160000000000000000e+02 1.680911592416864323e+03
8.170000000000000000e+02 1.703723121952475594e+03
8.180000000000000000e+02 1.726788371231881001e+03
8.190000000000000000e+02 1.750109471291535556e+03
8.200000000000000000e+02 1.773688564130365876e+03
8.210000000000000000e+02 1.797527802712839730e+03
8.220000000000000000e+02 1.821629350971707936e+03
8.230000000000000000e+02 1.845995383810432486e+03
8.240000000000000000e+02 1.870628087105288387e+03
8.250000000000000000e+02 1.895529657707153774e+03
8.260000000000000000e+02 1.920702303442972152e+03
8.270000000000000000e+02 1.946148243116901313e+03
8.280000000000000000e+02 1.971869706511139157e+03
8.290000000000000000e+02 1.997868934386435512e+03
8.300000000000000000e+02 2.024148178482284948e+03
8.310000000000000000e+02 2.050709701516796940e+03
8.320000000000000000e+02 2.077555777186253636e+03
8.330000000000000000e+02 2.104688690164355648e+03
8.340000000000000000e+02 2.132110736101137718e+03
8.350000000000000000e+02 2.159824221621582637e+03
8.360000000000000000e+02 2.187831464323910950e+03
8.370000000000000000e+02 2.216134792777563234e+03
8.380000000000000000e+02 2.244736546520855882e+03
8.390000000000000000e+02 2.273639076058344017e+03
8.400000000000000000e+02 2.302844742857847450e+03
8.410000000000000000e+02 2.332355919347176950e+03
8.420000000000000000e+02 2.362174988910553566e+03
8.430000000000000000e+02 2.392304345884705072e+03
8.440000000000000000e+02 2.422746395554653191e+03
8.450000000000000000e+02 2.453503554149202955e+03
8.460000000000000000e+02 2.484578248836109196e+03
8.470000000000000000e+02 2.515972917716936990e+03
8.480000000000000000e+02 2.547690009821622880e+03
8.490000000000000000e+02 2.579731985102717772e+03
8.500000000000000000e+02 2.612101314429327431e+03
8.510000000000000000e+02 2.644800479580750107e+03
8.520000000000000000e+02 2.677831973239807212e+03
8.530000000000000000e+02 2.711198298985865222e+03
8.540000000000000000e+02 2.744901971287562901e+03
8.550000000000000000e+02 2.778945515495231575e+03
8.560000000000000000e+02 2.813331467833007082e+03
8.570000000000000000e+02 2.848062375390650686e+03
8.580000000000000000e+02 2.883140796115069861e+03
8.590000000000000000e+02 2.918569298801529385e+03
8.600000000000000000e+02 2.954350463084571857e+03
8.610000000000000000e+02 2.990486879428643533e+03
8.620000000000000000e+02 3.026981149118417306e+03
8.630000000000000000e+02 3.063835884248814637e+03
8.640000000000000000e+02 3.101053707714756001e+03
8.650000000000000000e+02 3.138637253200585747e+03
8.660000000000000000e+02 3.176589165169232274e+03
8.670000000000000000e+02 3.214912098851052178e+03
8.680000000000000000e+02 3.253608720232406540e+03
8.690000000000000000e+02 3.292681706043927534e+03
8.700000000000000000e+02 3.332133743748510369e+03
8.710000000000000000e+02 3.371967531529009193e+03
8.720000000000000000e+02 3.412185778275647863e+03
8.730000000000000000e+02 3.452791203573141502e+03
8.740000000000000000e+02 3.493786537687550208e+03
8.750000000000000000e+02 3.535174521552820352e+03
8.760000000000000000e+02 3.576957906757070759e+03
8.770000000000000000e+02 3.619139455528577400e+03
8.780000000000000000e+02 3.661721940721488863e+03
8.790000000000000000e+02 3.704708145801262617e+03
8.800000000000000000e+02 3.748100864829814782e+03
8.810000000000000000e+02 3.791902902450395686e+03
8.820000000000000000e+02 3.836117073872203946e+03
8.830000000000000000e+02 3.880746204854693133e+03
8.840000000000000000e+02 3.925793131691647432e+03
8.850000000000000000e+02 3.971260701194942612e+03
8.860000000000000000e+02 4.017151770678068715e+03
8.870000000000000000e+02 4.063469207939362605e+03
8.880000000000000000e+02 4.110215891244982231e+03
8.890000000000000000e+02 4.157394709311603037e+03
8.900000000000000000e+02 4.205008561288865167e+03
8.910000000000000000e+02 4.253060356741531905e+03
8.920000000000000000e+02 4.301553015631405287e+03
8.930000000000000000e+02 4.350489468298966131e+03
8.940000000000000000e+02 4.399872655444758493e+03
8.950000000000000000e+02 4.449705528110514024e+03
8.960000000000000000e+02 4.499991047660007098e+03
8.970000000000000000e+02 4.550732185759670756e+03
8.980000000000000000e+02 4.601931924358945253e+03
8.990000000000000000e+02 4.653593255670361941e+03
9.000000000000000000e+02 4.705719182149396147e+03
9.010000000000000000e+02 4.758312716474048102e+03
9.020000000000000000e+02 4.811376881524180135e+03
9.030000000000000000e+02 4.864914710360605568e+03
9.040000000000000000e+02 4.918929246203935691e+03
9.050000000000000000e+02 4.973423542413144787e+03
9.060000000000000000e+02 5.028400662463951448e+03
9.070000000000000000e+02 5.083863679926891564e+03
9.080000000000000000e+02 5.139815678445189405e+03
9.090000000000000000e+02 5.196259751712371326e+03
9.100000000000000000e+02 5.253199003449638440e+03
9.110000000000000000e+02 5.310636547383015568e+03
9.120000000000000000e+02 5.368575507220225518e+03
9.130000000000000000e+02 5.427019016627389647e+03
9.140000000000000000e+02 5.485970219205421927e+03
9.150000000000000000e+02 5.545432268466242022e+03
9.160000000000000000e+02 5.605408327808731883e+03
9.170000000000000000e+02 5.665901570494474981e+03
9.180000000000000000e+02 5.726915179623254517e+03
9.190000000000000000e+02 5.788452348108330625e+03
9.200000000000000000e+02 5.850516278651491120e+03
9.210000000000000000e+02 5.913110183717873952e+03
9.220000000000000000e+02 5.976237285510575020e+03
9.230000000000000000e+02 6.039900815945021350e+03
9.240000000000000000e+02 6.104104016623117786e+03
9.250000000000000000e+02 6.168850138807227268e+03
9.260000000000000000e+02 6.234142443393849135e+03
9.270000000000000000e+02 6.299984200887154657e+03
9.280000000000000000e+02 6.366378691372256981e+03
9.290000000000000000e+02 6.433329204488307369e+03
9.300000000000000000e+02 6.500839039401364971e+03
9.310000000000000000e+02 6.568911504777030132e+03
9.320000000000000000e+02 6.637549918752913982e+03
9.330000000000000000e+02 6.706757608910874296e+03
9.340000000000000000e+02 6.776537912249053988e+03
9.350000000000000000e+02 6.846894175153694050e+03
9.360000000000000000e+02 6.917829753370789149e+03
9.370000000000000000e+02 6.989348011977499482e+03
9.380000000000000000e+02 7.061452325353375272e+03
9.390000000000000000e+02 7.134146077151394820e+03
9.400000000000000000e+02 7.207432660268794280e+03
9.410000000000000000e+02 7.281315476817700983e+03
9.420000000000000000e+02 7.355797938095583049e+03
9.430000000000000000e+02 7.430883464555501632e+03
9.440000000000000000e+02 7.506575485776160349e+03
9.450000000000000000e+02 7.582877440431794639e+03
9.460000000000000000e+02 7.659792776261840118e+03
9.470000000000000000e+02 7.737324950040448130e+03
9.480000000000000000e+02 7.815477427545775754e+03
9.490000000000000000e+02 7.894253683529142108e+03
9.500000000000000000e+02 7.973657201683953645e+03
9.510000000000000000e+02 8.053691474614502113e+03
9.520000000000000000e+02 8.134360003804523330e+03
9.530000000000000000e+02 8.215666299585636807e+03
9.540000000000000000e+02 8.297613881105571636e+03
9.550000000000000000e+02 8.380206276296228680e+03
9.560000000000000000e+02 8.463447021841584501e+03
9.570000000000000000e+02 8.547339663145410668e+03
9.580000000000000000e+02 8.631887754298824802e+03
9.590000000000000000e+02 8.717094858047663365e+03
9.600000000000000000e+02 8.802964545759730754e+03
9.610000000000000000e+02 8.889500397391808292e+03
9.620000000000000000e+02 8.976706001456595914e+03
9.630000000000000000e+02 9.064584954989426478e+03
9.640000000000000000e+02 9.153140863514789089e+03
9.650000000000000000e+02 9.242377341012817851e+03
9.660000000000000000e+02 9.332298009885491410e+03
9.670000000000000000e+02 9.422906500922765190e+03
9.680000000000000000e+02 9.514206453268483529e+03
9.690000000000000000e+02 9.606201514386199051e+03
9.700000000000000000e+02 9.698895340024810139e+03
9.710000000000000000e+02 9.792291594184058340e+03
9.720000000000000000e+02 9.886393949079856611e+03
9.730000000000000000e+02 9.981206085109510241e+03
9.740000000000000000e+02 1.007673169081676679e+04
9.750000000000000000e+02 1.017297446285671322e+04
9.760000000000000000e+02 1.026993810596057301e+04
9.770000000000000000e+02 1.036762633290032863e+04
9.780000000000000000e+02 1.046604286445318394e+04
9.790000000000000000e+02 1.056519142936597382e+04
9.800000000000000000e+02 1.066507576431933921e+04
9.810000000000000000e+02 1.076569961389184573e+04
9.820000000000000000e+02 1.086706673052391488e+04
9.830000000000000000e+02 1.096918087448165170e+04
9.840000000000000000e+02 1.107204581382056494e+04
9.850000000000000000e+02 1.117566532434910005e+04
9.860000000000000000e+02 1.128004318959209559e+04
9.870000000000000000e+02 1.138518320075409792e+04
9.880000000000000000e+02 1.149108915668255941e+04
9.890000000000000000e+02 1.159776486383089832e+04
9.900000000000000000e+02 1.170521413622145701e+04
9.910000000000000000e+02 1.181344079540834355e+04
9.920000000000000000e+02 1.192244867044012608e+04
9.930000000000000000e+02 1.203224159782245442e+04
9.940000000000000000e+02 1.214282342148053249e+04
9.950000000000000000e+02 1.225419799272150340e+04
9.960000000000000000e+02 1.236636917019668363e+04
9.970000000000000000e+02 1.247934081986376259e+04
9.980000000000000000e+02 1.259311681494881486e+04
9.990000000000000000e+02 1.270770103590823601e+04
