# BB temperature (K); Intensity through filter (ph/s/m^2/mas^2)
1.000000000000000000e+01 0.000000000000000000e+00
1.100000000000000000e+01 0.000000000000000000e+00
1.200000000000000000e+01 0.000000000000000000e+00
1.300000000000000000e+01 0.000000000000000000e+00
1.400000000000000000e+01 0.000000000000000000e+00
1.500000000000000000e+01 0.000000000000000000e+00
1.600000000000000000e+01 0.000000000000000000e+00
1.700000000000000000e+01 0.000000000000000000e+00
1.800000000000000000e+01 0.000000000000000000e+00
1.900000000000000000e+01 0.000000000000000000e+00
2.000000000000000000e+01 0.000000000000000000e+00
2.100000000000000000e+01 1.019428313499096106e-106
2.200000000000000000e+01 1.082946462544811005e-101
2.300000000000000000e+01 4.209587461663134314e-97
2.400000000000000000e+01 6.788783720554093654e-93
2.500000000000000000e+01 5.047545411968927081e-89
2.600000000000000000e+01 1.891800254419400740e-85
2.700000000000000000e+01 3.856623634372679566e-82
2.800000000000000000e+01 4.564469301030421863e-79
2.900000000000000000e+01 3.317685869042727323e-76
3.000000000000000000e+01 1.554891582612996325e-73
3.100000000000000000e+01 4.902462494278371414e-71
3.200000000000000000e+01 1.079207257430017646e-68
3.300000000000000000e+01 1.713741357809392430e-66
3.400000000000000000e+01 2.020423868483414368e-64
3.500000000000000000e+01 1.814157221556593864e-62
3.600000000000000000e+01 1.269085232254858456e-60
3.700000000000000000e+01 7.057880046855847428e-59
3.800000000000000000e+01 3.177499158001216481e-57
3.900000000000000000e+01 1.177006048031931923e-55
4.000000000000000000e+01 3.640016835458899449e-54
4.100000000000000000e+01 9.523351640839750192e-53
4.200000000000000000e+01 2.133157101481426816e-51
4.300000000000000000e+01 4.135283475139078151e-50
4.400000000000000000e+01 7.006686794973201260e-49
4.500000000000000000e+01 1.046985864678804663e-47
4.600000000000000000e+01 1.391062953895457425e-46
4.700000000000000000e+01 1.655713531572020456e-45
4.800000000000000000e+01 1.777622710322228829e-44
4.900000000000000000e+01 1.732407583551669776e-43
5.000000000000000000e+01 1.541479259456720853e-42
5.100000000000000000e+01 1.259000289220450687e-41
5.200000000000000000e+01 9.485479607251632779e-41
5.300000000000000000e+01 6.622486536704960129e-40
5.400000000000000000e+01 4.302762674340349297e-39
5.500000000000000000e+01 2.611806180393000901e-38
5.600000000000000000e+01 1.486561595979037014e-37
5.700000000000000000e+01 7.960558725305340813e-37
5.800000000000000000e+01 4.023386849139270288e-36
5.900000000000000000e+01 1.924880602620400046e-35
6.000000000000000000e+01 8.741192642494234491e-35
6.100000000000000000e+01 3.777509286869573074e-34
6.200000000000000000e+01 1.557218777640026182e-33
6.300000000000000000e+01 6.137311600615686947e-33
6.400000000000000000e+01 2.317423752294942737e-32
6.500000000000000000e+01 8.400198046383630532e-32
6.600000000000000000e+01 2.928440892035278181e-31
6.700000000000000000e+01 9.835676599060441443e-31
6.800000000000000000e+01 3.187911589766922750e-30
6.900000000000000000e+01 9.986530192486401536e-30
7.000000000000000000e+01 3.028049563625943695e-29
7.100000000000000000e+01 8.899166905529410511e-29
7.200000000000000000e+01 2.538274189502736050e-28
7.300000000000000000e+01 7.035004625512209027e-28
7.400000000000000000e+01 1.896845385188253741e-27
7.500000000000000000e+01 4.981031245164720148e-27
7.600000000000000000e+01 1.275203025092745126e-26
7.700000000000000000e+01 3.185969136292192447e-26
7.800000000000000000e+01 7.775232262981616989e-26
7.900000000000000000e+01 1.855160765661397901e-25
8.000000000000000000e+01 4.331253155600724874e-25
8.100000000000000000e+01 9.902816921089065487e-25
8.200000000000000000e+01 2.218959573059430974e-24
8.300000000000000000e+01 4.876427534243996262e-24
8.400000000000000000e+01 1.051761179219730492e-23
8.500000000000000000e+01 2.227832518962982475e-23
8.600000000000000000e+01 4.637369463460172050e-23
8.700000000000000000e+01 9.491738211409489247e-23
8.800000000000000000e+01 1.911410524201094948e-22
8.900000000000000000e+01 3.789085773165812918e-22
9.000000000000000000e+01 7.398005338007053622e-22
9.100000000000000000e+01 1.423351249638409483e-21
9.200000000000000000e+01 2.699820099780897144e-21
9.300000000000000000e+01 5.051053442579497416e-21
9.400000000000000000e+01 9.324898972586392738e-21
9.500000000000000000e+01 1.699432636894137599e-20
9.600000000000000000e+01 3.058696797849883633e-20
9.700000000000000000e+01 5.438878421768857491e-20
9.800000000000000000e+01 9.558366299686865211e-20
9.900000000000000000e+01 1.660786601669274769e-19
1.000000000000000000e+02 2.853961509994198031e-19
1.010000000000000000e+02 4.852090692928039601e-19
1.020000000000000000e+02 8.163812990525948711e-19
1.030000000000000000e+02 1.359790599878474325e-18
1.040000000000000000e+02 2.242809174917020834e-18
1.050000000000000000e+02 3.664169490762693392e-18
1.060000000000000000e+02 5.931148195111360884e-18
1.070000000000000000e+02 9.514690450451584845e-18
1.080000000000000000e+02 1.513044577891438186e-17
1.090000000000000000e+02 2.385692580740176180e-17
1.100000000000000000e+02 3.730642711212349486e-17
1.110000000000000000e+02 5.787038277488169772e-17
1.120000000000000000e+02 8.906892309455554767e-17
1.130000000000000000e+02 1.360452914247933802e-16
1.140000000000000000e+02 2.062602057557089374e-16
1.150000000000000000e+02 3.104603305495085354e-16
1.160000000000000000e+02 4.640200457660803637e-16
1.170000000000000000e+02 6.887883178904840809e-16
1.180000000000000000e+02 1.015614734297666768e-15
1.190000000000000000e+02 1.487783177040456878e-15
1.200000000000000000e+02 2.165651273949796739e-15
1.210000000000000000e+02 3.132882438852282416e-15
1.220000000000000000e+02 4.504769562552790287e-15
1.230000000000000000e+02 6.439290744020596470e-15
1.240000000000000000e+02 9.151714454981375536e-15
1.250000000000000000e+02 1.293379208240036046e-14
1.260000000000000000e+02 1.817884923575808044e-14
1.270000000000000000e+02 2.541442457606756396e-14
1.280000000000000000e+02 3.534451919484465320e-14
1.290000000000000000e+02 4.890402592294661592e-14
1.300000000000000000e+02 6.732852405991117367e-14
1.310000000000000000e+02 9.224337138151903258e-14
1.320000000000000000e+02 1.257769255684380598e-13
1.330000000000000000e+02 1.707038085996221766e-13
1.340000000000000000e+02 2.306254213018175340e-13
1.350000000000000000e+02 3.101964566287574450e-13
1.360000000000000000e+02 4.154079896519133862e-13
1.370000000000000000e+02 5.539398852449877084e-13
1.380000000000000000e+02 7.355978123689650441e-13
1.390000000000000000e+02 9.728531443236574661e-13
1.400000000000000000e+02 1.281507521741534269e-12
1.410000000000000000e+02 1.681507931224944251e-12
1.420000000000000000e+02 2.197942887034504387e-12
1.430000000000000000e+02 2.862255784252280863e-12
1.440000000000000000e+02 3.713717816519460834e-12
1.450000000000000000e+02 4.801210126521975540e-12
1.460000000000000000e+02 6.185373199745639293e-12
1.470000000000000000e+02 7.941191049205069548e-12
1.480000000000000000e+02 1.016108860963862704e-11
1.490000000000000000e+02 1.295863311453649470e-11
1.500000000000000000e+02 1.647294423100439249e-11
1.510000000000000000e+02 2.087393355116151559e-11
1.520000000000000000e+02 2.636851187286072006e-11
1.530000000000000000e+02 3.320792274871754582e-11
1.540000000000000000e+02 4.169638325614770320e-11
1.550000000000000000e+02 5.220123807167372856e-11
1.560000000000000000e+02 6.516486096361368765e-11
1.570000000000000000e+02 8.111856900608085791e-11
1.580000000000000000e+02 1.006988494359186380e-10
1.590000000000000000e+02 1.246662374089120442e-10
1.600000000000000000e+02 1.539272252625762064e-10
1.610000000000000000e+02 1.895596305741163838e-10
1.620000000000000000e+02 2.328419016414328369e-10
1.630000000000000000e+02 2.852868953531334609e-10
1.640000000000000000e+02 3.486807241038669072e-10
1.650000000000000000e+02 4.251273358194768495e-10
1.660000000000000000e+02 5.170995646593708793e-10
1.670000000000000000e+02 6.274974699485821991e-10
1.680000000000000000e+02 7.597148677564244145e-10
1.690000000000000000e+02 9.177150536882212158e-10
1.700000000000000000e+02 1.106116817304670026e-09
1.710000000000000000e+02 1.330291958549864507e-09
1.720000000000000000e+02 1.596475635078594717e-09
1.730000000000000000e+02 1.911890996855039056e-09
1.740000000000000000e+02 2.284889701279164779e-09
1.750000000000000000e+02 2.725110048815706003e-09
1.760000000000000000e+02 3.243654636084545174e-09
1.770000000000000000e+02 3.853289591048456877e-09
1.780000000000000000e+02 4.568667633729204507e-09
1.790000000000000000e+02 5.406577396213222738e-09
1.800000000000000000e+02 6.386221637984239184e-09
1.810000000000000000e+02 7.529527207242209546e-09
1.820000000000000000e+02 8.861489826225008287e-09
1.830000000000000000e+02 1.041055701901610220e-08
1.840000000000000000e+02 1.220905275425850755e-08
1.850000000000000000e+02 1.429364764294470010e-08
1.860000000000000000e+02 1.670587881333609229e-08
1.870000000000000000e+02 1.949272388138881101e-08
1.880000000000000000e+02 2.270723374609962538e-08
1.890000000000000000e+02 2.640922926519537028e-08
1.900000000000000000e+02 3.066606720779484024e-08
1.910000000000000000e+02 3.555348123727499708e-08
1.920000000000000000e+02 4.115650404974178145e-08
1.930000000000000000e+02 4.757047718137584492e-08
1.940000000000000000e+02 5.490215540160145222e-08
1.950000000000000000e+02 6.327091302858029451e-08
1.960000000000000000e+02 7.281005993899208877e-08
1.970000000000000000e+02 8.366827549543633072e-08
1.980000000000000000e+02 9.601116908201599290e-08
1.990000000000000000e+02 1.100229764216813876e-07
2.000000000000000000e+02 1.259084013475818661e-07
2.010000000000000000e+02 1.438946132148502559e-07
2.020000000000000000e+02 1.642334106686989653e-07
2.030000000000000000e+02 1.872035630292282115e-07
2.040000000000000000e+02 2.131133411126054369e-07
2.050000000000000000e+02 2.423032498819723408e-07
2.060000000000000000e+02 2.751489759091768558e-07
2.070000000000000000e+02 3.120645632298024061e-07
2.080000000000000000e+02 3.535058317885174875e-07
2.090000000000000000e+02 3.999740532989754582e-07
2.100000000000000000e+02 4.520198999818416798e-07
2.110000000000000000e+02 5.102476822953983615e-07
2.120000000000000000e+02 5.753198924349578486e-07
2.130000000000000000e+02 6.479620710493471155e-07
2.140000000000000000e+02 7.289680153042849872e-07
2.150000000000000000e+02 8.192053471128382854e-07
2.160000000000000000e+02 9.196214610514871933e-07
2.170000000000000000e+02 1.031249872185911700e-06
2.180000000000000000e+02 1.155216984742501838e-06
2.190000000000000000e+02 1.292749303278963464e-06
2.200000000000000000e+02 1.445181108729308096e-06
2.210000000000000000e+02 1.613962622424019680e-06
2.220000000000000000e+02 1.800668681914380295e-06
2.230000000000000000e+02 2.007007953159682184e-06
2.240000000000000000e+02 2.234832704366522402e-06
2.250000000000000000e+02 2.486149167499341970e-06
2.260000000000000000e+02 2.763128514209919490e-06
2.270000000000000000e+02 3.068118473659473482e-06
2.280000000000000000e+02 3.403655620429374626e-06
2.290000000000000000e+02 3.772478361434047263e-06
2.300000000000000000e+02 4.177540651461339456e-06
2.310000000000000000e+02 4.622026467670360025e-06
2.320000000000000000e+02 5.109365074073442722e-06
2.330000000000000000e+02 5.643247107716223445e-06
2.340000000000000000e+02 6.227641518946751952e-06
2.350000000000000000e+02 6.866813398830190281e-06
2.360000000000000000e+02 7.565342727418314737e-06
2.370000000000000000e+02 8.328144077222182301e-06
2.380000000000000000e+02 9.160487306860489880e-06
2.390000000000000000e+02 1.006801928046441763e-05
2.400000000000000000e+02 1.105678664901069032e-05
2.410000000000000000e+02 1.213325973032779474e-05
2.420000000000000000e+02 1.330435752507380285e-05
2.430000000000000000e+02 1.457747390651782489e-05
2.440000000000000000e+02 1.596050502246944400e-05
2.450000000000000000e+02 1.746187794818993835e-05
2.460000000000000000e+02 1.909058062958639472e-05
2.470000000000000000e+02 2.085619315643153496e-05
2.480000000000000000e+02 2.276892040576988606e-05
2.490000000000000000e+02 2.483962609606200277e-05
2.500000000000000000e+02 2.707986829298258478e-05
2.510000000000000000e+02 2.950193640812563564e-05
2.520000000000000000e+02 3.211888973217696518e-05
2.530000000000000000e+02 3.494459754439432556e-05
2.540000000000000000e+02 3.799378084048333679e-05
2.550000000000000000e+02 4.128205572117642051e-05
2.560000000000000000e+02 4.482597848400836891e-05
2.570000000000000000e+02 4.864309246093668159e-05
2.580000000000000000e+02 5.275197664457933360e-05
2.590000000000000000e+02 5.717229614592883228e-05
2.600000000000000000e+02 6.192485452646042787e-05
2.610000000000000000e+02 6.703164804757338359e-05
2.620000000000000000e+02 7.251592188029040047e-05
2.630000000000000000e+02 7.840222831809706661e-05
2.640000000000000000e+02 8.471648703571662707e-05
2.650000000000000000e+02 9.148604743650292509e-05
2.660000000000000000e+02 9.873975313097788802e-05
2.670000000000000000e+02 1.065080085888547970e-04
2.680000000000000000e+02 1.148228480066633092e-04
2.690000000000000000e+02 1.237180064328313018e-04
2.700000000000000000e+02 1.332289931917866183e-04
2.710000000000000000e+02 1.433931676483064658e-04
2.720000000000000000e+02 1.542498173529780988e-04
2.730000000000000000e+02 1.658402386092288901e-04
2.740000000000000000e+02 1.782078195019492616e-04
2.750000000000000000e+02 1.913981254272527441e-04
2.760000000000000000e+02 2.054589871624148240e-04
2.770000000000000000e+02 2.204405915144842820e-04
2.780000000000000000e+02 2.363955745854822235e-04
2.790000000000000000e+02 2.533791176914955206e-04
2.800000000000000000e+02 2.714490459723213232e-04
2.810000000000000000e+02 2.906659297276402627e-04
2.820000000000000000e+02 3.110931885149845178e-04
2.830000000000000000e+02 3.327971980440236365e-04
2.840000000000000000e+02 3.558473999009070495e-04
2.850000000000000000e+02 3.803164141356066763e-04
2.860000000000000000e+02 4.062801547443489736e-04
2.870000000000000000e+02 4.338179480783703381e-04
2.880000000000000000e+02 4.630126542093238170e-04
2.890000000000000000e+02 4.939507912807422629e-04
2.900000000000000000e+02 5.267226628740042521e-04
2.910000000000000000e+02 5.614224884162745529e-04
2.920000000000000000e+02 5.981485366568695030e-04
2.930000000000000000e+02 6.370032622374856594e-04
2.940000000000000000e+02 6.780934453806481072e-04
2.950000000000000000e+02 7.215303347196621014e-04
2.960000000000000000e+02 7.674297932922623114e-04
2.970000000000000000e+02 8.159124477189951419e-04
2.980000000000000000e+02 8.671038405862460446e-04
2.990000000000000000e+02 9.211345860526551832e-04
3.000000000000000000e+02 9.781405286964563617e-04
3.010000000000000000e+02 1.038262905620094189e-03
3.020000000000000000e+02 1.101648511827235536e-03
3.030000000000000000e+02 1.168449868886057945e-03
3.040000000000000000e+02 1.238825396891444445e-03
3.050000000000000000e+02 1.312939589737438300e-03
3.060000000000000000e+02 1.390963193710052608e-03
3.070000000000000000e+02 1.473073389409195952e-03
3.080000000000000000e+02 1.559453977007226565e-03
3.090000000000000000e+02 1.650295564850282407e-03
3.100000000000000000e+02 1.745795761407228789e-03
3.110000000000000000e+02 1.846159370569776465e-03
3.120000000000000000e+02 1.951598590305900216e-03
3.130000000000000000e+02 2.062333214667441336e-03
3.140000000000000000e+02 2.178590839151361026e-03
3.150000000000000000e+02 2.300607069412792440e-03
3.160000000000000000e+02 2.428625733326699940e-03
3.170000000000000000e+02 2.562899096393556325e-03
3.180000000000000000e+02 2.703688080483164502e-03
3.190000000000000000e+02 2.851262485909319966e-03
3.200000000000000000e+02 3.005901216826734144e-03
3.210000000000000000e+02 3.167892509940274746e-03
3.220000000000000000e+02 3.337534166515157639e-03
3.230000000000000000e+02 3.515133787675556003e-03
3.240000000000000000e+02 3.701009012977610202e-03
3.250000000000000000e+02 3.895487762241549388e-03
3.260000000000000000e+02 4.098908480626388580e-03
3.270000000000000000e+02 4.311620386929265920e-03
3.280000000000000000e+02 4.533983725090272657e-03
3.290000000000000000e+02 4.766370018882269688e-03
3.300000000000000000e+02 5.009162329764045227e-03
3.310000000000000000e+02 5.262755517873765609e-03
3.320000000000000000e+02 5.527556506138553254e-03
3.330000000000000000e+02 5.803984547474765922e-03
3.340000000000000000e+02 6.092471495052330203e-03
3.350000000000000000e+02 6.393462075595312925e-03
3.360000000000000000e+02 6.707414165689829996e-03
3.370000000000000000e+02 7.034799071069039976e-03
3.380000000000000000e+02 7.376101808844119645e-03
3.390000000000000000e+02 7.731821392648786581e-03
3.400000000000000000e+02 8.102471120663997869e-03
3.410000000000000000e+02 8.488578866488349917e-03
3.420000000000000000e+02 8.890687372818664377e-03
3.430000000000000000e+02 9.309354547904257274e-03
3.440000000000000000e+02 9.745153764737475924e-03
3.450000000000000000e+02 1.019867416294197200e-02
3.460000000000000000e+02 1.067052095331949037e-02
3.470000000000000000e+02 1.116131572501489512e-02
3.480000000000000000e+02 1.167169675525823666e-02
3.490000000000000000e+02 1.220231932164221253e-02
3.500000000000000000e+02 1.275385601689200087e-02
3.510000000000000000e+02 1.332699706608419729e-02
3.520000000000000000e+02 1.392245064627062670e-02
3.530000000000000000e+02 1.454094320846198440e-02
3.540000000000000000e+02 1.518321980192603553e-02
3.550000000000000000e+02 1.585004440075382659e-02
3.560000000000000000e+02 1.654220023264750539e-02
3.570000000000000000e+02 1.726049010988215185e-02
3.580000000000000000e+02 1.800573676239392712e-02
3.590000000000000000e+02 1.877878317294628605e-02
3.600000000000000000e+02 1.958049291432536337e-02
3.610000000000000000e+02 2.041175048851550863e-02
3.620000000000000000e+02 2.127346166780558559e-02
3.630000000000000000e+02 2.216655383777598257e-02
3.640000000000000000e+02 2.309197634211659911e-02
3.650000000000000000e+02 2.405070082922532507e-02
3.660000000000000000e+02 2.504372160053651777e-02
3.670000000000000000e+02 2.607205596052912869e-02
3.680000000000000000e+02 2.713674456836360008e-02
3.690000000000000000e+02 2.823885179109673904e-02
3.700000000000000000e+02 2.937946605842399125e-02
3.710000000000000000e+02 3.055970021889846053e-02
3.720000000000000000e+02 3.178069189757579127e-02
3.730000000000000000e+02 3.304360385503499198e-02
3.740000000000000000e+02 3.434962434772415724e-02
3.750000000000000000e+02 3.569996748958188110e-02
3.760000000000000000e+02 3.709587361488412421e-02
3.770000000000000000e+02 3.853860964226726860e-02
3.780000000000000000e+02 4.002946943987829853e-02
3.790000000000000000e+02 4.156977419160371584e-02
3.800000000000000000e+02 4.316087276432871433e-02
3.810000000000000000e+02 4.480414207617963024e-02
3.820000000000000000e+02 4.650098746570218572e-02
3.830000000000000000e+02 4.825284306192945127e-02
3.840000000000000000e+02 5.006117215529402864e-02
3.850000000000000000e+02 5.192746756933935143e-02
3.860000000000000000e+02 5.385325203318627740e-02
3.870000000000000000e+02 5.584007855471146559e-02
3.880000000000000000e+02 5.788953079439593252e-02
3.890000000000000000e+02 6.000322343980147438e-02
3.900000000000000000e+02 6.218280258063546562e-02
3.910000000000000000e+02 6.442994608436485027e-02
3.920000000000000000e+02 6.674636397234053053e-02
3.930000000000000000e+02 6.913379879639608427e-02
3.940000000000000000e+02 7.159402601588474302e-02
3.950000000000000000e+02 7.412885437512048425e-02
3.960000000000000000e+02 7.674012628119002144e-02
3.970000000000000000e+02 7.942971818210478596e-02
3.980000000000000000e+02 8.219954094526192578e-02
3.990000000000000000e+02 8.505154023618664849e-02
4.000000000000000000e+02 8.798769689752862500e-02
4.010000000000000000e+02 9.101002732828704367e-02
4.020000000000000000e+02 9.412058386324086146e-02
4.030000000000000000e+02 9.732145515256288015e-02
4.040000000000000000e+02 1.006147665415967757e-01
4.050000000000000000e+02 1.040026804507802882e-01
4.060000000000000000e+02 1.074873967556967819e-01
4.070000000000000000e+02 1.110711531672429475e-01
4.080000000000000000e+02 1.147562256118989377e-01
4.090000000000000000e+02 1.185449286120921625e-01
4.100000000000000000e+02 1.224396156666462537e-01
4.110000000000000000e+02 1.264426796313103118e-01
4.120000000000000000e+02 1.305565530993648693e-01
4.130000000000000000e+02 1.347837087823035018e-01
4.140000000000000000e+02 1.391266598905928631e-01
4.150000000000000000e+02 1.435879605145134463e-01
4.160000000000000000e+02 1.481702060050893444e-01
4.170000000000000000e+02 1.528760333551154038e-01
4.180000000000000000e+02 1.577081215802940417e-01
4.190000000000000000e+02 1.626691921004956298e-01
4.200000000000000000e+02 1.677620091211608488e-01
4.210000000000000000e+02 1.729893800148654404e-01
4.220000000000000000e+02 1.783541557030685620e-01
4.230000000000000000e+02 1.838592310380736394e-01
4.240000000000000000e+02 1.895075451852283599e-01
4.250000000000000000e+02 1.953020820053985029e-01
4.260000000000000000e+02 2.012458704377483032e-01
4.270000000000000000e+02 2.073419848828681189e-01
4.280000000000000000e+02 2.135935455862905952e-01
4.290000000000000000e+02 2.200037190224394534e-01
4.300000000000000000e+02 2.265757182790615609e-01
4.310000000000000000e+02 2.333128034421918240e-01
4.320000000000000000e+02 2.402182819817083315e-01
4.330000000000000000e+02 2.472955091375355630e-01
4.340000000000000000e+02 2.545478883065593889e-01
4.350000000000000000e+02 2.619788714303178945e-01
4.360000000000000000e+02 2.695919593835417460e-01
4.370000000000000000e+02 2.773907023636140723e-01
4.380000000000000000e+02 2.853787002810295736e-01
4.390000000000000000e+02 2.935596031509334902e-01
4.400000000000000000e+02 3.019371114858279137e-01
4.410000000000000000e+02 3.105149766895295982e-01
4.420000000000000000e+02 3.192970014524811884e-01
4.430000000000000000e+02 3.282870401485034062e-01
4.440000000000000000e+02 3.374889992330989963e-01
4.450000000000000000e+02 3.469068376434079060e-01
4.460000000000000000e+02 3.565445671999278310e-01
4.470000000000000000e+02 3.664062530101115378e-01
4.480000000000000000e+02 3.764960138739634754e-01
4.490000000000000000e+02 3.868180226917539710e-01
4.500000000000000000e+02 3.973765068739844031e-01
4.510000000000000000e+02 4.081757487537300833e-01
4.520000000000000000e+02 4.192200860015011243e-01
4.530000000000000000e+02 4.305139120427621258e-01
4.540000000000000000e+02 4.420616764782558938e-01
4.550000000000000000e+02 4.538678855072799112e-01
4.560000000000000000e+02 4.659371023540763157e-01
4.570000000000000000e+02 4.782739476974899873e-01
4.580000000000000000e+02 4.908831001040634967e-01
4.590000000000000000e+02 5.037692964647346727e-01
4.600000000000000000e+02 5.169373324353173649e-01
4.610000000000000000e+02 5.303920628809389859e-01
4.620000000000000000e+02 5.441384023246237378e-01
4.630000000000000000e+02 5.581813254002083724e-01
4.640000000000000000e+02 5.725258673097881612e-01
4.650000000000000000e+02 5.871771242858884188e-01
4.660000000000000000e+02 6.021402540585715224e-01
4.670000000000000000e+02 6.174204763276859298e-01
4.680000000000000000e+02 6.330230732404735772e-01
4.690000000000000000e+02 6.489533898747549268e-01
4.700000000000000000e+02 6.652168347279215910e-01
4.710000000000000000e+02 6.818188802119610203e-01
4.720000000000000000e+02 6.987650631547542845e-01
4.730000000000000000e+02 7.160609853078868658e-01
4.740000000000000000e+02 7.337123138612204887e-01
4.750000000000000000e+02 7.517247819644746754e-01
4.760000000000000000e+02 7.701041892560834823e-01
4.770000000000000000e+02 7.888564023995796592e-01
4.780000000000000000e+02 8.079873556277867852e-01
4.790000000000000000e+02 8.275030512950820594e-01
4.800000000000000000e+02 8.474095604380182944e-01
4.810000000000000000e+02 8.677130233445861096e-01
4.820000000000000000e+02 8.884196501324067574e-01
4.830000000000000000e+02 9.095357213361511262e-01
4.840000000000000000e+02 9.310675885044910061e-01
4.850000000000000000e+02 9.530216748068823795e-01
4.860000000000000000e+02 9.754044756505029223e-01
4.870000000000000000e+02 9.982225593076515802e-01
4.880000000000000000e+02 1.021482567553943621e+00
4.890000000000000000e+02 1.045191216317621130e+00
4.900000000000000000e+02 1.069355296340327666e+00
4.910000000000000000e+02 1.093981673849671266e+00
4.920000000000000000e+02 1.119077291243934180e+00
4.930000000000000000e+02 1.144649167789278499e+00
4.940000000000000000e+02 1.170704400329796835e+00
4.950000000000000000e+02 1.197250164010792206e+00
4.960000000000000000e+02 1.224293713015624618e+00
4.970000000000000000e+02 1.251842381316529806e+00
4.980000000000000000e+02 1.279903583439765402e+00
4.990000000000000000e+02 1.308484815245489097e+00
5.000000000000000000e+02 1.337593654722743608e+00
5.010000000000000000e+02 1.367237762799957013e+00
5.020000000000000000e+02 1.397424884171352577e+00
5.030000000000000000e+02 1.428162848139678642e+00
5.040000000000000000e+02 1.459459569475672902e+00
5.050000000000000000e+02 1.491323049294677405e+00
5.060000000000000000e+02 1.523761375950824615e+00
5.070000000000000000e+02 1.556782725949235058e+00
5.080000000000000000e+02 1.590395364876648898e+00
5.090000000000000000e+02 1.624607648350933076e+00
5.100000000000000000e+02 1.659428022989923424e+00
5.110000000000000000e+02 1.694865027400032087e+00
5.120000000000000000e+02 1.730927293185086313e+00
5.130000000000000000e+02 1.767623545975867572e+00
5.140000000000000000e+02 1.804962606480803311e+00
5.150000000000000000e+02 1.842953391558286969e+00
5.160000000000000000e+02 1.881604915311111181e+00
5.170000000000000000e+02 1.920926290203487374e+00
5.180000000000000000e+02 1.960926728201140445e+00
5.190000000000000000e+02 2.001615541934971265e+00
5.200000000000000000e+02 2.043002145888788590e+00
5.210000000000000000e+02 2.085096057611606657e+00
5.220000000000000000e+02 2.127906898955010284e+00
5.230000000000000000e+02 2.171444397336113941e+00
5.240000000000000000e+02 2.215718387026621272e+00
5.250000000000000000e+02 2.260738810468505555e+00
5.260000000000000000e+02 2.306515719616841320e+00
5.270000000000000000e+02 2.353059277310314723e+00
5.280000000000000000e+02 2.400379758669954011e+00
5.290000000000000000e+02 2.448487552526602773e+00
5.300000000000000000e+02 2.497393162877707518e+00
5.310000000000000000e+02 2.547107210373944941e+00
5.320000000000000000e+02 2.597640433836250651e+00
5.330000000000000000e+02 2.649003691803797356e+00
5.340000000000000000e+02 2.701207964113511384e+00
5.350000000000000000e+02 2.754264353511661323e+00
5.360000000000000000e+02 2.808184087298092990e+00
5.370000000000000000e+02 2.862978519003709366e+00
5.380000000000000000e+02 2.918659130101747934e+00
5.390000000000000000e+02 2.975237531753443410e+00
5.400000000000000000e+02 3.032725466588664265e+00
5.410000000000000000e+02 3.091134810522113696e+00
5.420000000000000000e+02 3.150477574605676345e+00
5.430000000000000000e+02 3.210765906917522727e+00
5.440000000000000000e+02 3.272012094488566003e+00
5.450000000000000000e+02 3.334228565266849298e+00
5.460000000000000000e+02 3.397427890120526595e+00
5.470000000000000000e+02 3.461622784879986092e+00
5.480000000000000000e+02 3.526826112419757298e+00
5.490000000000000000e+02 3.593050884780830234e+00
5.500000000000000000e+02 3.660310265333970747e+00
5.510000000000000000e+02 3.728617570984693597e+00
5.520000000000000000e+02 3.797986274420482200e+00
5.530000000000000000e+02 3.868430006400899845e+00
5.540000000000000000e+02 3.939962558091225642e+00
5.550000000000000000e+02 4.012597883440243152e+00
5.560000000000000000e+02 4.086350101602805651e+00
5.570000000000000000e+02 4.161233499407829939e+00
5.580000000000000000e+02 4.237262533872359072e+00
5.590000000000000000e+02 4.314451834762313531e+00
5.600000000000000000e+02 4.392816207200608503e+00
5.610000000000000000e+02 4.472370634323251437e+00
5.620000000000000000e+02 4.553130279984082485e+00
5.630000000000000000e+02 4.635110491508809716e+00
5.640000000000000000e+02 4.718326802498975958e+00
5.650000000000000000e+02 4.802794935686521605e+00
5.660000000000000000e+02 4.888530805839607751e+00
5.670000000000000000e+02 4.975550522720300961e+00
5.680000000000000000e+02 5.063870394094869276e+00
5.690000000000000000e+02 5.153506928797251696e+00
5.700000000000000000e+02 5.244476839846405447e+00
5.710000000000000000e+02 5.336797047618216716e+00
5.720000000000000000e+02 5.430484683072547725e+00
5.730000000000000000e+02 5.525557091036209734e+00
5.740000000000000000e+02 5.622031833542374457e+00
5.750000000000000000e+02 5.719926693227215253e+00
5.760000000000000000e+02 5.819259676784358959e+00
5.770000000000000000e+02 5.920049018477858027e+00
5.780000000000000000e+02 6.022313183714307350e+00
5.790000000000000000e+02 6.126070872674787005e+00
5.800000000000000000e+02 6.231341024007316598e+00
5.810000000000000000e+02 6.338142818580426940e+00
5.820000000000000000e+02 6.446495683298552493e+00
5.830000000000000000e+02 6.556419294979928480e+00
5.840000000000000000e+02 6.667933584297577099e+00
5.850000000000000000e+02 6.781058739784101341e+00
5.860000000000000000e+02 6.895815211900946373e+00
5.870000000000000000e+02 7.012223717172774151e+00
5.880000000000000000e+02 7.130305242387572129e+00
5.890000000000000000e+02 7.250081048863232347e+00
5.900000000000000000e+02 7.371572676781178224e+00
5.910000000000000000e+02 7.494801949587748702e+00
5.920000000000000000e+02 7.619790978463946374e+00
5.930000000000000000e+02 7.746562166864248589e+00
5.940000000000000000e+02 7.875138215125071284e+00
5.950000000000000000e+02 8.005542125143600529e+00
5.960000000000000000e+02 8.137797205127577982e+00
5.970000000000000000e+02 8.271927074416721481e+00
5.980000000000000000e+02 8.407955668376393632e+00
5.990000000000000000e+02 8.545907243364171180e+00
6.000000000000000000e+02 8.685806381769980433e+00
6.010000000000000000e+02 8.827677997130351173e+00
6.020000000000000000e+02 8.971547339317506697e+00
6.030000000000000000e+02 9.117439999803901074e+00
6.040000000000000000e+02 9.265381917002729395e+00
6.050000000000000000e+02 9.415399381685212177e+00
6.060000000000000000e+02 9.567519042475119306e+00
6.070000000000000000e+02 9.721767911421199670e+00
6.080000000000000000e+02 9.878173369648163060e+00
6.090000000000000000e+02 1.003676317308677746e+01
6.100000000000000000e+02 1.019756545828369987e+01
6.110000000000000000e+02 1.036060874829166600e+01
6.120000000000000000e+02 1.052592195864058233e+01
6.130000000000000000e+02 1.069353440339018135e+01
6.140000000000000000e+02 1.086347580126480494e+01
6.150000000000000000e+02 1.103577628187082205e+01
6.160000000000000000e+02 1.121046639199744810e+01
6.170000000000000000e+02 1.138757710200133211e+01
6.180000000000000000e+02 1.156713981227559351e+01
6.190000000000000000e+02 1.174918635980396076e+01
6.200000000000000000e+02 1.193374902480032773e+01
6.210000000000000000e+02 1.212086053743456304e+01
6.220000000000000000e+02 1.231055408464493617e+01
6.230000000000000000e+02 1.250286331703776987e+01
6.240000000000000000e+02 1.269782235587491570e+01
6.250000000000000000e+02 1.289546580014948418e+01
6.260000000000000000e+02 1.309582873375044265e+01
6.270000000000000000e+02 1.329894673271660110e+01
6.280000000000000000e+02 1.350485587258044085e+01
6.290000000000000000e+02 1.371359273580238280e+01
6.300000000000000000e+02 1.392519441929601953e+01
6.310000000000000000e+02 1.413969854204466614e+01
6.320000000000000000e+02 1.435714325280990167e+01
6.330000000000000000e+02 1.457756723793254494e+01
6.340000000000000000e+02 1.480100972922645930e+01
6.350000000000000000e+02 1.502751051196579724e+01
6.360000000000000000e+02 1.525710993296605444e+01
6.370000000000000000e+02 1.548984890875949816e+01
6.380000000000000000e+02 1.572576893386531616e+01
6.390000000000000000e+02 1.596491208915503357e+01
6.400000000000000000e+02 1.620732105031362025e+01
6.410000000000000000e+02 1.645303909639670081e+01
6.420000000000000000e+02 1.670211011848434168e+01
6.430000000000000000e+02 1.695457862843174723e+01
6.440000000000000000e+02 1.721048976771750816e+01
6.450000000000000000e+02 1.746988931638949794e+01
6.460000000000000000e+02 1.773282370210911196e+01
6.470000000000000000e+02 1.799934000929403766e+01
6.480000000000000000e+02 1.826948598836009197e+01
6.490000000000000000e+02 1.854331006506239987e+01
6.500000000000000000e+02 1.882086134993637927e+01
6.510000000000000000e+02 1.910218964783884843e+01
6.520000000000000000e+02 1.938734546758955801e+01
6.530000000000000000e+02 1.967638003171371253e+01
6.540000000000000000e+02 1.996934528628548833e+01
6.550000000000000000e+02 2.026629391087325871e+01
6.560000000000000000e+02 2.056727932858649410e+01
6.570000000000000000e+02 2.087235571622501240e+01
6.580000000000000000e+02 2.118157801453055100e+01
6.590000000000000000e+02 2.149500193854121832e+01
6.600000000000000000e+02 2.181268398804900244e+01
6.610000000000000000e+02 2.213468145816059618e+01
6.620000000000000000e+02 2.246105244996195793e+01
6.630000000000000000e+02 2.279185588128670048e+01
6.640000000000000000e+02 2.312715149758871291e+01
6.650000000000000000e+02 2.346699988291915773e+01
6.660000000000000000e+02 2.381146247100816637e+01
6.670000000000000000e+02 2.416060155645145358e+01
6.680000000000000000e+02 2.451448030600202799e+01
6.690000000000000000e+02 2.487316276996721953e+01
6.700000000000000000e+02 2.523671389371138574e+01
6.710000000000000000e+02 2.560519952926423315e+01
6.720000000000000000e+02 2.597868644703513041e+01
6.730000000000000000e+02 2.635724234763359775e+01
6.740000000000000000e+02 2.674093587379598347e+01
6.750000000000000000e+02 2.712983662241875393e+01
6.760000000000000000e+02 2.752401515669817655e+01
6.770000000000000000e+02 2.792354301837700348e+01
6.780000000000000000e+02 2.832849274009786811e+01
6.790000000000000000e+02 2.873893785786373201e+01
6.800000000000000000e+02 2.915495292360554913e+01
6.810000000000000000e+02 2.957661351785706216e+01
6.820000000000000000e+02 3.000399626253696539e+01
6.830000000000000000e+02 3.043717883383855138e+01
6.840000000000000000e+02 3.087623997522674557e+01
6.850000000000000000e+02 3.132125951054281643e+01
6.860000000000000000e+02 3.177231835721660502e+01
6.870000000000000000e+02 3.222949853958660782e+01
6.880000000000000000e+02 3.269288320232749356e+01
6.890000000000000000e+02 3.316255662398569370e+01
6.900000000000000000e+02 3.363860423062247662e+01
6.910000000000000000e+02 3.412111260956496750e+01
6.920000000000000000e+02 3.461016952326490781e+01
6.930000000000000000e+02 3.510586392326509753e+01
6.940000000000000000e+02 3.560828596427373327e+01
6.950000000000000000e+02 3.611752701834630841e+01
6.960000000000000000e+02 3.663367968917537354e+01
6.970000000000000000e+02 3.715683782648768840e+01
6.980000000000000000e+02 3.768709654054919866e+01
6.990000000000000000e+02 3.822455221677734016e+01
7.000000000000000000e+02 3.876930253046087671e+01
7.010000000000000000e+02 3.932144646158695878e+01
7.020000000000000000e+02 3.988108430977557362e+01
7.030000000000000000e+02 4.044831770932100312e+01
7.040000000000000000e+02 4.102324964434036758e+01
7.050000000000000000e+02 4.160598446402899242e+01
7.060000000000000000e+02 4.219662789802263347e+01
7.070000000000000000e+02 4.279528707186616998e+01
7.080000000000000000e+02 4.340207052258881504e+01
7.090000000000000000e+02 4.401708821438566588e+01
7.100000000000000000e+02 4.464045155440516766e+01
7.110000000000000000e+02 4.527227340864275362e+01
7.120000000000000000e+02 4.591266811793990144e+01
7.130000000000000000e+02 4.656175151408894664e+01
7.140000000000000000e+02 4.721964093604315593e+01
7.150000000000000000e+02 4.788645524623161265e+01
7.160000000000000000e+02 4.856231484697931222e+01
7.170000000000000000e+02 4.924734169703160802e+01
7.180000000000000000e+02 4.994165932818295062e+01
7.190000000000000000e+02 5.064539286200991342e+01
7.200000000000000000e+02 5.135866902670771594e+01
7.210000000000000000e+02 5.208161617403053611e+01
7.220000000000000000e+02 5.281436429633473040e+01
7.230000000000000000e+02 5.355704504372530295e+01
7.240000000000000000e+02 5.430979174130459342e+01
7.250000000000000000e+02 5.507273940652352451e+01
7.260000000000000000e+02 5.584602476663459925e+01
7.270000000000000000e+02 5.662978627624657690e+01
7.280000000000000000e+02 5.742416413498033023e+01
7.290000000000000000e+02 5.822930030522566369e+01
7.300000000000000000e+02 5.904533852999840349e+01
7.310000000000000000e+02 5.987242435089790860e+01
7.320000000000000000e+02 6.071070512616413595e+01
7.330000000000000000e+02 6.156033004883398974e+01
7.340000000000000000e+02 6.242145016499671328e+01
7.350000000000000000e+02 6.329421839214774081e+01
7.360000000000000000e+02 6.417878953764042649e+01
7.370000000000000000e+02 6.507532031723590649e+01
7.380000000000000000e+02 6.598396937374944571e+01
7.390000000000000000e+02 6.690489729579417144e+01
7.400000000000000000e+02 6.783826663662054557e+01
7.410000000000000000e+02 6.878424193305203005e+01
7.420000000000000000e+02 6.974298972451587986e+01
7.430000000000000000e+02 7.071467857216862285e+01
7.440000000000000000e+02 7.169947907811619814e+01
7.450000000000000000e+02 7.269756390472745977e+01
7.460000000000000000e+02 7.370910779404131574e+01
7.470000000000000000e+02 7.473428758726663546e+01
7.480000000000000000e+02 7.577328224437387405e+01
7.490000000000000000e+02 7.682627286377910991e+01
7.500000000000000000e+02 7.789344270211870480e+01
7.510000000000000000e+02 7.897497719411448713e+01
7.520000000000000000e+02 8.007106397252937313e+01
7.530000000000000000e+02 8.118189288821182004e+01
7.540000000000000000e+02 8.230765603022965138e+01
7.550000000000000000e+02 8.344854774609166270e+01
7.560000000000000000e+02 8.460476466205706458e+01
7.570000000000000000e+02 8.577650570353189607e+01
7.580000000000000000e+02 8.696397211555188278e+01
7.590000000000000000e+02 8.816736748335090113e+01
7.600000000000000000e+02 8.938689775301457985e+01
7.610000000000000000e+02 9.062277125221881136e+01
7.620000000000000000e+02 9.187519871105125446e+01
7.630000000000000000e+02 9.314439328291669540e+01
7.640000000000000000e+02 9.443057056552470385e+01
7.650000000000000000e+02 9.573394862195894461e+01
7.660000000000000000e+02 9.705474800182787476e+01
7.670000000000000000e+02 9.839319176249568955e+01
7.680000000000000000e+02 9.974950549039300540e+01
7.690000000000000000e+02 1.011239173224067827e+02
7.700000000000000000e+02 1.025166579673482801e+02
7.710000000000000000e+02 1.039279607274989132e+02
7.720000000000000000e+02 1.053580615202327664e+02
7.730000000000000000e+02 1.068071988997151465e+02
7.740000000000000000e+02 1.082756140786770231e+02
7.750000000000000000e+02 1.097635509502634505e+02
7.760000000000000000e+02 1.112712561099562265e+02
7.770000000000000000e+02 1.127989788775700504e+02
7.780000000000000000e+02 1.143469713193200050e+02
7.790000000000000000e+02 1.159154882699616280e+02
7.800000000000000000e+02 1.175047873550014117e+02
7.810000000000000000e+02 1.191151290129769507e+02
7.820000000000000000e+02 1.207467765178070778e+02
7.830000000000000000e+02 1.223999960012093595e+02
7.840000000000000000e+02 1.240750564751863294e+02
7.850000000000000000e+02 1.257722298545775743e+02
7.860000000000000000e+02 1.274917909796782567e+02
7.870000000000000000e+02 1.292340176389225235e+02
7.880000000000000000e+02 1.309991905916313897e+02
7.890000000000000000e+02 1.327875935908241729e+02
7.900000000000000000e+02 1.345995134060918872e+02
7.910000000000000000e+02 1.364352398465334204e+02
7.920000000000000000e+02 1.382950657837515962e+02
7.930000000000000000e+02 1.401792871749100300e+02
7.940000000000000000e+02 1.420882030858486473e+02
7.950000000000000000e+02 1.440221157142577226e+02
7.960000000000000000e+02 1.459813304129094149e+02
7.970000000000000000e+02 1.479661557129455787e+02
7.980000000000000000e+02 1.499769033472213664e+02
7.990000000000000000e+02 1.520138882737036852e+02
8.000000000000000000e+02 1.540774286989231427e+02
8.010000000000000000e+02 1.561678461014793697e+02
8.020000000000000000e+02 1.582854652555980124e+02
8.030000000000000000e+02 1.604306142547391119e+02
8.040000000000000000e+02 1.626036245352553067e+02
8.050000000000000000e+02 1.648048309001000007e+02
8.060000000000000000e+02 1.670345715425829951e+02
8.070000000000000000e+02 1.692931880701742102e+02
8.080000000000000000e+02 1.715810255283535355e+02
8.090000000000000000e+02 1.738984324245064954e+02
8.100000000000000000e+02 1.762457607518640543e+02
8.110000000000000000e+02 1.786233660134866454e+02
8.120000000000000000e+02 1.810316072462904344e+02
8.130000000000000000e+02 1.834708470451154767e+02
8.140000000000000000e+02 1.859414515868345461e+02
8.150000000000000000e+02 1.884437906545020951e+02
8.160000000000000000e+02 1.909782376615416126e+02
8.170000000000000000e+02 1.935451696759712661e+02
8.180000000000000000e+02 1.961449674446658094e+02
8.190000000000000000e+02 1.987780154176554674e+02
8.200000000000000000e+02 2.014447017724583873e+02
8.210000000000000000e+02 2.041454184384484734e+02
8.220000000000000000e+02 2.068805611212546296e+02
8.230000000000000000e+02 2.096505293271938228e+02
8.240000000000000000e+02 2.124557263877330229e+02
8.250000000000000000e+02 2.152965594839830032e+02
8.260000000000000000e+02 2.181734396712200805e+02
8.270000000000000000e+02 2.210867819034357922e+02
8.280000000000000000e+02 2.240370050579141434e+02
8.290000000000000000e+02 2.270245319598344054e+02
8.300000000000000000e+02 2.300497894068990092e+02
8.310000000000000000e+02 2.331132081939849741e+02
8.320000000000000000e+02 2.362152231378191800e+02
8.330000000000000000e+02 2.393562731016745317e+02
8.340000000000000000e+02 2.425368010200878928e+02
8.350000000000000000e+02 2.457572539235968634e+02
8.360000000000000000e+02 2.490180829634966813e+02
8.370000000000000000e+02 2.523197434366138054e+02
8.380000000000000000e+02 2.556626948100971504e+02
8.390000000000000000e+02 2.590474007462244685e+02
8.400000000000000000e+02 2.624743291272241095e+02
8.410000000000000000e+02 2.659439520801093977e+02
8.420000000000000000e+02 2.694567460015274492e+02
8.430000000000000000e+02 2.730131915826175941e+02
8.440000000000000000e+02 2.766137738338823056e+02
8.450000000000000000e+02 2.802589821100663130e+02
8.460000000000000000e+02 2.839493101350450956e+02
8.470000000000000000e+02 2.876852560267204240e+02
8.480000000000000000e+02 2.914673223219223814e+02
8.490000000000000000e+02 2.952960160013176392e+02
8.500000000000000000e+02 2.991718485143206294e+02
8.510000000000000000e+02 3.030953358040095509e+02
8.520000000000000000e+02 3.070669983320438519e+02
8.530000000000000000e+02 3.110873611035828503e+02
8.540000000000000000e+02 3.151569536922055477e+02
8.550000000000000000e+02 3.192763102648284530e+02
8.560000000000000000e+02 3.234459696066226115e+02
8.570000000000000000e+02 3.276664751459265972e+02
8.580000000000000000e+02 3.319383749791569471e+02
8.590000000000000000e+02 3.362622218957125142e+02
8.600000000000000000e+02 3.406385734028727938e+02
8.610000000000000000e+02 3.450679917506905667e+02
8.620000000000000000e+02 3.495510439568743664e+02
8.630000000000000000e+02 3.540883018316636139e+02
8.640000000000000000e+02 3.586803420026926119e+02
8.650000000000000000e+02 3.633277459398435667e+02
8.660000000000000000e+02 3.680310999800873333e+02
8.670000000000000000e+02 3.727909953523107447e+02
8.680000000000000000e+02 3.776080282021299581e+02
8.690000000000000000e+02 3.824827996166881121e+02
8.700000000000000000e+02 3.874159156494365561e+02
8.710000000000000000e+02 3.924079873448989702e+02
8.720000000000000000e+02 3.974596307634162713e+02
8.730000000000000000e+02 4.025714670058731599e+02
8.740000000000000000e+02 4.077441222384033495e+02
8.750000000000000000e+02 4.129782277170726275e+02
8.760000000000000000e+02 4.182744198125411685e+02
8.770000000000000000e+02 4.236333400347002680e+02
8.780000000000000000e+02 4.290556350572854853e+02
8.790000000000000000e+02 4.345419567424638672e+02
8.800000000000000000e+02 4.400929621653947947e+02
8.810000000000000000e+02 4.457093136387623531e+02
8.820000000000000000e+02 4.513916787372784825e+02
8.830000000000000000e+02 4.571407303221602092e+02
8.840000000000000000e+02 4.629571465655701559e+02
8.850000000000000000e+02 4.688416109750290843e+02
8.860000000000000000e+02 4.747948124177960949e+02
8.870000000000000000e+02 4.808174451452116500e+02
8.880000000000000000e+02 4.869102088170101297e+02
8.890000000000000000e+02 4.930738085255925398e+02
8.900000000000000000e+02 4.993089548202649439e+02
8.910000000000000000e+02 5.056163637314382413e+02
8.920000000000000000e+02 5.119967567947893485e+02
8.930000000000000000e+02 5.184508610753819084e+02
8.940000000000000000e+02 5.249794091917468677e+02
8.950000000000000000e+02 5.315831393399215585e+02
8.960000000000000000e+02 5.382627953174451250e+02
8.970000000000000000e+02 5.450191265473101794e+02
8.980000000000000000e+02 5.518528881018710308e+02
8.990000000000000000e+02 5.587648407267035964e+02
9.000000000000000000e+02 5.657557508644227937e+02
9.010000000000000000e+02 5.728263906784471828e+02
9.020000000000000000e+02 5.799775380767187016e+02
9.030000000000000000e+02 5.872099767353718107e+02
9.040000000000000000e+02 5.945244961223512519e+02
9.050000000000000000e+02 6.019218915209787610e+02
9.060000000000000000e+02 6.094029640534677128e+02
9.070000000000000000e+02 6.169685207043838773e+02
9.080000000000000000e+02 6.246193743440521757e+02
9.090000000000000000e+02 6.323563437519067065e+02
9.100000000000000000e+02 6.401802536397869972e+02
9.110000000000000000e+02 6.480919346751743433e+02
9.120000000000000000e+02 6.560922235043722139e+02
9.130000000000000000e+02 6.641819627756259479e+02
9.140000000000000000e+02 6.723620011621831054e+02
9.150000000000000000e+02 6.806331933852928842e+02
9.160000000000000000e+02 6.889964002371440301e+02
9.170000000000000000e+02 6.974524886037391980e+02
9.180000000000000000e+02 7.060023314877055327e+02
9.190000000000000000e+02 7.146468080310417008e+02
9.200000000000000000e+02 7.233868035377988690e+02
9.210000000000000000e+02 7.322232094966938121e+02
9.220000000000000000e+02 7.411569236036588109e+02
9.230000000000000000e+02 7.501888497843169716e+02
9.240000000000000000e+02 7.593198982163960409e+02
9.250000000000000000e+02 7.685509853520649131e+02
9.260000000000000000e+02 7.778830339402047684e+02
9.270000000000000000e+02 7.873169730486059734e+02
9.280000000000000000e+02 7.968537380860917665e+02
9.290000000000000000e+02 8.064942708245711174e+02
9.300000000000000000e+02 8.162395194210140517e+02
9.310000000000000000e+02 8.260904384393559212e+02
9.320000000000000000e+02 8.360479888723190243e+02
9.330000000000000000e+02 8.461131381631666954e+02
9.340000000000000000e+02 8.562868602273692886e+02
9.350000000000000000e+02 8.665701354742002422e+02
9.360000000000000000e+02 8.769639508282481302e+02
9.370000000000000000e+02 8.874692997508487906e+02
9.380000000000000000e+02 8.980871822614391249e+02
9.390000000000000000e+02 9.088186049588247215e+02
9.400000000000000000e+02 9.196645810423691501e+02
9.410000000000000000e+02 9.306261303330967394e+02
9.420000000000000000e+02 9.417042792947122507e+02
9.430000000000000000e+02 9.529000610545364225e+02
9.440000000000000000e+02 9.642145154243524985e+02
9.450000000000000000e+02 9.756486889211694233e+02
9.460000000000000000e+02 9.872036347878965898e+02
9.470000000000000000e+02 9.988804130139279778e+02
9.480000000000000000e+02 1.010680090355642619e+03
9.490000000000000000e+02 1.022603740356808089e+03
9.500000000000000000e+02 1.034652443368900549e+03
9.510000000000000000e+02 1.046827286571328614e+03
9.520000000000000000e+02 1.059129363991566152e+03
9.530000000000000000e+02 1.071559776525195048e+03
9.540000000000000000e+02 1.084119631955850082e+03
9.550000000000000000e+02 1.096810044975073424e+03
9.560000000000000000e+02 1.109632137202070680e+03
9.570000000000000000e+02 1.122587037203374621e+03
9.580000000000000000e+02 1.135675880512408867e+03
9.590000000000000000e+02 1.148899809648958126e+03
9.600000000000000000e+02 1.162259974138537928e+03
9.610000000000000000e+02 1.175757530531664770e+03
9.620000000000000000e+02 1.189393642423032361e+03
9.630000000000000000e+02 1.203169480470581220e+03
9.640000000000000000e+02 1.217086222414470285e+03
9.650000000000000000e+02 1.231145053095950516e+03
9.660000000000000000e+02 1.245347164476130047e+03
9.670000000000000000e+02 1.259693755654641791e+03
9.680000000000000000e+02 1.274186032888206228e+03
9.690000000000000000e+02 1.288825209609088233e+03
9.700000000000000000e+02 1.303612506443452276e+03
9.710000000000000000e+02 1.318549151229610061e+03
9.720000000000000000e+02 1.333636379036162680e+03
9.730000000000000000e+02 1.348875432180038388e+03
9.740000000000000000e+02 1.364267560244417609e+03
9.750000000000000000e+02 1.379814020096557670e+03
9.760000000000000000e+02 1.395516075905501566e+03
9.770000000000000000e+02 1.411374999159683739e+03
9.780000000000000000e+02 1.427392068684423066e+03
9.790000000000000000e+02 1.443568570659303077e+03
9.800000000000000000e+02 1.459905798635449628e+03
9.810000000000000000e+02 1.476405053552687605e+03
9.820000000000000000e+02 1.493067643756589860e+03
9.830000000000000000e+02 1.509894885015413593e+03
9.840000000000000000e+02 1.526888100536926231e+03
9.850000000000000000e+02 1.544048620985110801e+03
9.860000000000000000e+02 1.561377784496761933e+03
9.870000000000000000e+02 1.578876936697964766e+03
9.880000000000000000e+02 1.596547430720461762e+03
9.890000000000000000e+02 1.614390627217898100e+03
9.900000000000000000e+02 1.632407894381957021e+03
9.910000000000000000e+02 1.650600607958371711e+03
9.920000000000000000e+02 1.668970151262823038e+03
9.930000000000000000e+02 1.687517915196720196e+03
9.940000000000000000e+02 1.706245298262860842e+03
9.950000000000000000e+02 1.725153706580970720e+03
9.960000000000000000e+02 1.744244553903127780e+03
9.970000000000000000e+02 1.763519261629064886e+03
9.980000000000000000e+02 1.782979258821346775e+03
9.990000000000000000e+02 1.802625982220432434e+03
