# BB temperature (K); Intensity through filter (ph/s/m^2/mas^2)
1.000000000000000000e+01 0.000000000000000000e+00
1.100000000000000000e+01 0.000000000000000000e+00
1.200000000000000000e+01 0.000000000000000000e+00
1.300000000000000000e+01 0.000000000000000000e+00
1.400000000000000000e+01 0.000000000000000000e+00
1.500000000000000000e+01 0.000000000000000000e+00
1.600000000000000000e+01 0.000000000000000000e+00
1.700000000000000000e+01 0.000000000000000000e+00
1.800000000000000000e+01 0.000000000000000000e+00
1.900000000000000000e+01 0.000000000000000000e+00
2.000000000000000000e+01 0.000000000000000000e+00
2.100000000000000000e+01 4.104719581282399984e-118
2.200000000000000000e+01 1.050284008718786193e-112
2.300000000000000000e+01 9.103410327571735564e-108
2.400000000000000000e+01 3.060080289671711630e-103
2.500000000000000000e+01 4.469404896715466947e-99
2.600000000000000000e+01 3.122618340846716994e-95
2.700000000000000000e+01 1.132707839827564785e-91
2.800000000000000000e+01 2.288454137496597299e-88
2.900000000000000000e+01 2.735782433648933716e-85
3.000000000000000000e+01 2.039486485337596844e-82
3.100000000000000000e+01 9.924425778046539987e-80
3.200000000000000000e+01 3.280955461432870985e-77
3.300000000000000000e+01 7.632491797390672932e-75
3.400000000000000000e+01 1.288751419665032770e-72
3.500000000000000000e+01 1.623439143644867630e-70
3.600000000000000000e+01 1.563397453216074325e-68
3.700000000000000000e+01 1.176321747612139517e-66
3.800000000000000000e+01 7.051283300191733368e-65
3.900000000000000000e+01 3.426812316582472885e-63
4.000000000000000000e+01 1.371604200335618693e-61
4.100000000000000000e+01 4.586210675525293641e-60
4.200000000000000000e+01 1.297627485789133239e-58
4.300000000000000000e+01 3.143282481152726512e-57
4.400000000000000000e+01 6.588133656096166114e-56
4.500000000000000000e+01 1.206392754371695302e-54
4.600000000000000000e+01 1.947164712387549296e-53
4.700000000000000000e+01 2.792691149926277396e-52
4.800000000000000000e+01 3.585760480631166887e-51
4.900000000000000000e+01 4.150057414066572634e-50
5.000000000000000000e+01 4.357023417413324734e-49
5.100000000000000000e+01 4.173825416762766861e-48
5.200000000000000000e+01 3.668196174043952177e-47
5.300000000000000000e+01 2.972693129132687808e-46
5.400000000000000000e+01 2.231982709457803890e-45
5.500000000000000000e+01 1.559603395821784830e-44
5.600000000000000000e+01 1.018474182389193127e-43
5.700000000000000000e+01 6.240684067006065900e-43
5.800000000000000000e+01 3.601719593652160604e-42
5.900000000000000000e+01 1.964975177079419233e-41
6.000000000000000000e+01 1.016902319704448160e-40
6.100000000000000000e+01 5.008613880657923184e-40
6.200000000000000000e+01 2.355318545015983808e-39
6.300000000000000000e+01 1.060687014005088806e-38
6.400000000000000000e+01 4.587441903381543784e-38
6.500000000000000000e+01 1.910557758726008875e-37
6.600000000000000000e+01 7.681165223327157359e-37
6.700000000000000000e+01 2.987741585984831205e-36
6.800000000000000000e+01 1.126605224957605349e-35
6.900000000000000000e+01 4.125381179924005183e-35
7.000000000000000000e+01 1.469119381900126156e-34
7.100000000000000000e+01 5.094231063414779005e-34
7.200000000000000000e+01 1.721697248037817529e-33
7.300000000000000000e+01 5.675879281057184326e-33
7.400000000000000000e+01 1.826328157589168327e-32
7.500000000000000000e+01 5.738666845150702212e-32
7.600000000000000000e+01 1.761607341173321033e-31
7.700000000000000000e+01 5.284802173014233318e-31
7.800000000000000000e+01 1.549934477133692882e-30
7.900000000000000000e+01 4.445319810025186263e-30
8.000000000000000000e+01 1.247212950827139466e-29
8.100000000000000000e+01 3.424329944284633981e-29
8.200000000000000000e+01 9.203775385701845944e-29
8.300000000000000000e+01 2.422584795292581525e-28
8.400000000000000000e+01 6.247271765866527033e-28
8.500000000000000000e+01 1.579006067926520365e-27
8.600000000000000000e+01 3.913353221704303525e-27
8.700000000000000000e+01 9.514386787015760701e-27
8.800000000000000000e+01 2.270267227965145188e-26
8.900000000000000000e+01 5.319089915198560900e-26
9.000000000000000000e+01 1.224227513385541318e-25
9.100000000000000000e+01 2.769179149493246247e-25
9.200000000000000000e+01 6.158885817351112667e-25
9.300000000000000000e+01 1.347445151600591595e-24
9.400000000000000000e+01 2.901151928819978436e-24
9.500000000000000000e+01 6.149917214354023241e-24
9.600000000000000000e+01 1.284081118897767707e-23
9.700000000000000000e+01 2.641926276641407784e-23
9.800000000000000000e+01 5.358337652379573368e-23
9.900000000000000000e+01 1.071746360258086938e-22
1.000000000000000000e+02 2.114818694819619189e-22
1.010000000000000000e+02 4.118463770159797654e-22
1.020000000000000000e+02 7.918361490735596965e-22
1.030000000000000000e+02 1.503576592554409461e-21
1.040000000000000000e+02 2.820677327947758197e-21
1.050000000000000000e+02 5.229518372975048589e-21
1.060000000000000000e+02 9.584923961423234275e-21
1.070000000000000000e+02 1.737273346723882515e-20
1.080000000000000000e+02 3.114796147086688363e-20
1.090000000000000000e+02 5.525840676466918937e-20
1.100000000000000000e+02 9.702765448992388238e-20
1.110000000000000000e+02 1.686702073486872152e-19
1.120000000000000000e+02 2.903623443329504439e-19
1.130000000000000000e+02 4.951205754045552564e-19
1.140000000000000000e+02 8.364818818337124396e-19
1.150000000000000000e+02 1.400488844568389828e-18
1.160000000000000000e+02 2.324232968012799624e-18
1.170000000000000000e+02 3.824306347011684536e-18
1.180000000000000000e+02 6.240102676739463243e-18
1.190000000000000000e+02 1.009919805756928659e-17
1.200000000000000000e+02 1.621531197818917678e-17
1.210000000000000000e+02 2.583398479484642886e-17
1.220000000000000000e+02 4.084763348740779818e-17
1.230000000000000000e+02 6.411076845309277764e-17
1.240000000000000000e+02 9.989881620767111406e-17
1.250000000000000000e+02 1.545714543221531229e-16
1.260000000000000000e+02 2.375252891556653075e-16
1.270000000000000000e+02 3.625532793110844637e-16
1.280000000000000000e+02 5.497723817759750032e-16
1.290000000000000000e+02 8.283401772510152183e-16
1.300000000000000000e+02 1.240260495800111907e-15
1.310000000000000000e+02 1.845683446531820970e-15
1.320000000000000000e+02 2.730244581307266303e-15
1.330000000000000000e+02 4.015171124582287026e-15
1.340000000000000000e+02 5.871122818437880401e-15
1.350000000000000000e+02 8.537046712346794092e-15
1.360000000000000000e+02 1.234572885194697158e-14
1.370000000000000000e+02 1.775824576371458365e-14
1.380000000000000000e+02 2.541018518099832923e-14
1.390000000000000000e+02 3.617335591959194484e-14
1.400000000000000000e+02 5.123778693297028578e-14
1.410000000000000000e+02 7.222018119734649853e-14
1.420000000000000000e+02 1.013067090563864447e-13
1.430000000000000000e+02 1.414401801146741920e-13
1.440000000000000000e+02 1.965643216660201119e-13
1.450000000000000000e+02 2.719412337380230223e-13
1.460000000000000000e+02 3.745622280824678463e-13
1.470000000000000000e+02 5.136773598549364909e-13
1.480000000000000000e+02 7.014752267624997683e-13
1.490000000000000000e+02 9.539522779710010144e-13
1.500000000000000000e+02 1.292020222887435959e-12
1.510000000000000000e+02 1.742911485137736095e-12
1.520000000000000000e+02 2.341956391939713601e-12
1.530000000000000000e+02 3.134822368921351312e-12
1.540000000000000000e+02 4.180325342178205131e-12
1.550000000000000000e+02 5.553947431074721023e-12
1.560000000000000000e+02 7.352223536683576341e-12
1.570000000000000000e+02 9.698193384670054206e-12
1.580000000000000000e+02 1.274815587640909623e-11
1.590000000000000000e+02 1.670001027609685906e-11
1.600000000000000000e+02 2.180352499673645990e-11
1.610000000000000000e+02 2.837294088657109695e-11
1.620000000000000000e+02 3.680239347981416960e-11
1.630000000000000000e+02 4.758472937754815510e-11
1.640000000000000000e+02 6.133439769862780949e-11
1.650000000000000000e+02 7.881522055576370504e-11
1.660000000000000000e+02 1.009739891978825763e-10
1.670000000000000000e+02 1.289809975292209056e-10
1.680000000000000000e+02 1.642788151900955605e-10
1.690000000000000000e+02 2.086408216209674764e-10
1.700000000000000000e+02 2.642412742504564945e-10
1.710000000000000000e+02 3.337389722617467552e-10
1.720000000000000000e+02 4.203769068350852644e-10
1.730000000000000000e+02 5.281006643253069604e-10
1.740000000000000000e+02 6.616987759871064946e-10
1.750000000000000000e+02 8.269686926011587151e-10
1.760000000000000000e+02 1.030912611228849959e-09
1.770000000000000000e+02 1.281968001468597194e-09
1.780000000000000000e+02 1.590278377762783982e-09
1.790000000000000000e+02 1.968010650931703476e-09
1.800000000000000000e+02 2.429726275306354297e-09
1.810000000000000000e+02 2.992814397445014330e-09
1.820000000000000000e+02 3.677996319067992920e-09
1.830000000000000000e+02 4.509911821954947940e-09
1.840000000000000000e+02 5.517799278384686880e-09
1.850000000000000000e+02 6.736283000399598496e-09
1.860000000000000000e+02 8.206282978797297955e-09
1.870000000000000000e+02 9.976064043285494584e-09
1.880000000000000000e+02 1.210244355465223554e-08
1.890000000000000000e+02 1.465217903507829813e-08
1.900000000000000000e+02 1.770355967185970054e-08
1.910000000000000000e+02 2.134822841188577179e-08
1.920000000000000000e+02 2.569326441938471503e-08
1.930000000000000000e+02 3.086355901896217521e-08
1.940000000000000000e+02 3.700452191220259912e-08
1.950000000000000000e+02 4.428515846259894430e-08
1.960000000000000000e+02 5.290156321500164094e-08
1.970000000000000000e+02 6.308087957796301069e-08
1.980000000000000000e+02 7.508578077730711162e-08
1.990000000000000000e+02 8.921953281514155847e-08
2.000000000000000000e+02 1.058317062696846064e-07
2.010000000000000000e+02 1.253246103781976768e-07
2.020000000000000000e+02 1.481605299896285727e-07
2.030000000000000000e+02 1.748698536880533595e-07
2.040000000000000000e+02 2.060601897065225204e-07
2.050000000000000000e+02 2.424265752084391360e-07
2.060000000000000000e+02 2.847628941461220570e-07
2.070000000000000000e+02 3.339746292507628090e-07
2.080000000000000000e+02 3.910930848025748948e-07
2.090000000000000000e+02 4.572912287134725224e-07
2.100000000000000000e+02 5.339013151669181013e-07
2.110000000000000000e+02 6.224344626412492923e-07
2.120000000000000000e+02 7.246023766352379238e-07
2.130000000000000000e+02 8.423414218598714030e-07
2.140000000000000000e+02 9.778392651011268471e-07
2.150000000000000000e+02 1.133564327437984558e-06
2.160000000000000000e+02 1.312298303061858608e-06
2.170000000000000000e+02 1.517172021631977527e-06
2.180000000000000000e+02 1.751704951960453791e-06
2.190000000000000000e+02 2.019848666895284870e-06
2.200000000000000000e+02 2.326034612603948922e-06
2.210000000000000000e+02 2.675226550099242390e-06
2.220000000000000000e+02 3.072978062836871824e-06
2.230000000000000000e+02 3.525495551595441734e-06
2.240000000000000000e+02 4.039707166667646189e-06
2.250000000000000000e+02 4.623338157690025740e-06
2.260000000000000000e+02 5.284993153260562000e-06
2.270000000000000000e+02 6.034245915880603805e-06
2.280000000000000000e+02 6.881737152751404401e-06
2.290000000000000000e+02 7.839280999596437251e-06
2.300000000000000000e+02 8.919980833007502564e-06
2.310000000000000000e+02 1.013835510686379889e-05
2.320000000000000000e+02 1.151047395018506559e-05
2.330000000000000000e+02 1.305410730738789071e-05
2.340000000000000000e+02 1.478888544735203729e-05
2.350000000000000000e+02 1.673647271500261987e-05
2.360000000000000000e+02 1.892075544830501183e-05
2.370000000000000000e+02 2.136804503468001150e-05
2.380000000000000000e+02 2.410729713390238747e-05
2.390000000000000000e+02 2.717034814957221966e-05
2.400000000000000000e+02 3.059217008826502037e-05
2.410000000000000000e+02 3.441114500449234055e-05
2.420000000000000000e+02 3.866936029065879007e-05
2.430000000000000000e+02 4.341292613429345880e-05
2.440000000000000000e+02 4.869231652997877601e-05
2.450000000000000000e+02 5.456273530060387600e-05
2.460000000000000000e+02 6.108450865183764986e-05
2.470000000000000000e+02 6.832350585505341856e-05
2.480000000000000000e+02 7.635158972733764322e-05
2.490000000000000000e+02 8.524709865267963180e-05
2.500000000000000000e+02 9.509536196595777329e-05
2.510000000000000000e+02 1.059892506008989100e-04
2.520000000000000000e+02 1.180297649847802379e-04
2.530000000000000000e+02 1.313266622462479617e-04
2.540000000000000000e+02 1.459991248882211120e-04
2.550000000000000000e+02 1.621764731654118949e-04
2.560000000000000000e+02 1.799989234954950347e-04
2.570000000000000000e+02 1.996183953243655133e-04
2.580000000000000000e+02 2.211993689592027296e-04
2.590000000000000000e+02 2.449197969781741202e-04
2.600000000000000000e+02 2.709720719225064910e-04
2.610000000000000000e+02 2.995640530753084646e-04
2.620000000000000000e+02 3.309201552318565671e-04
2.630000000000000000e+02 3.652825024680479943e-04
2.640000000000000000e+02 4.029121500172820787e-04
2.650000000000000000e+02 4.440903774711196404e-04
2.660000000000000000e+02 4.891200566256236840e-04
2.670000000000000000e+02 5.383270974032147368e-04
2.680000000000000000e+02 5.920619753891473349e-04
2.690000000000000000e+02 6.507013446322097629e-04
2.700000000000000000e+02 7.146497394709398114e-04
2.710000000000000000e+02 7.843413692594110569e-04
2.720000000000000000e+02 8.602420099804193717e-04
2.730000000000000000e+02 9.428509968485939731e-04
2.740000000000000000e+02 1.032703322121483183e-03
2.750000000000000000e+02 1.130371842452927971e-03
2.760000000000000000e+02 1.236469600239923760e-03
2.770000000000000000e+02 1.351652263531658580e-03
2.780000000000000000e+02 1.476620689187254677e-03
2.790000000000000000e+02 1.612123614087034506e-03
2.800000000000000000e+02 1.758960479320563442e-03
2.810000000000000000e+02 1.917984392393344345e-03
2.820000000000000000e+02 2.090105232612668364e-03
2.830000000000000000e+02 2.276292904931655290e-03
2.840000000000000000e+02 2.477580747648858682e-03
2.850000000000000000e+02 2.695069099478837518e-03
2.860000000000000000e+02 2.929929031626680828e-03
2.870000000000000000e+02 3.183406250616510787e-03
2.880000000000000000e+02 3.456825177740411974e-03
2.890000000000000000e+02 3.751593211109745252e-03
2.900000000000000000e+02 4.069205176405617762e-03
2.910000000000000000e+02 4.411247972538830803e-03
2.920000000000000000e+02 4.779405418542274214e-03
2.930000000000000000e+02 5.175463308129862709e-03
2.940000000000000000e+02 5.601314678466166527e-03
2.950000000000000000e+02 6.058965299799059200e-03
2.960000000000000000e+02 6.550539392714650917e-03
2.970000000000000000e+02 7.078285579878574978e-03
2.980000000000000000e+02 7.644583079231028790e-03
2.990000000000000000e+02 8.251948145703911011e-03
3.000000000000000000e+02 8.903040768627594817e-03
3.010000000000000000e+02 9.600671632091583793e-03
3.020000000000000000e+02 1.034780934561780469e-02
3.030000000000000000e+02 1.114758795259727930e-02
3.040000000000000000e+02 1.200331472403042173e-02
3.050000000000000000e+02 1.291847824519781578e-02
3.060000000000000000e+02 1.389675680297248507e-02
3.070000000000000000e+02 1.494202708156553740e-02
3.080000000000000000e+02 1.605837317457521965e-02
3.090000000000000000e+02 1.725009592128428151e-02
3.100000000000000000e+02 1.852172257522232551e-02
3.110000000000000000e+02 1.987801681307804422e-02
3.120000000000000000e+02 2.132398909211147622e-02
3.130000000000000000e+02 2.286490736427747653e-02
3.140000000000000000e+02 2.450630815532982981e-02
3.150000000000000000e+02 2.625400801722928973e-02
3.160000000000000000e+02 2.811411536222930413e-02
3.170000000000000000e+02 3.009304268705955548e-02
3.180000000000000000e+02 3.219751919567008513e-02
3.190000000000000000e+02 3.443460382903735378e-02
3.200000000000000000e+02 3.681169871056734488e-02
3.210000000000000000e+02 3.933656301566224728e-02
3.220000000000000000e+02 4.201732727404157430e-02
3.230000000000000000e+02 4.486250811343193978e-02
3.240000000000000000e+02 4.788102345325544879e-02
3.250000000000000000e+02 5.108220815696060124e-02
3.260000000000000000e+02 5.447583015164735032e-02
3.270000000000000000e+02 5.807210702364187099e-02
3.280000000000000000e+02 6.188172309867612242e-02
3.290000000000000000e+02 6.591584701532142432e-02
3.300000000000000000e+02 7.018614980031517847e-02
3.310000000000000000e+02 7.470482345440623839e-02
3.320000000000000000e+02 7.948460005732255196e-02
3.330000000000000000e+02 8.453877140044337157e-02
3.340000000000000000e+02 8.988120915572667124e-02
3.350000000000000000e+02 9.552638558941009550e-02
3.360000000000000000e+02 1.014893948289646575e-01
3.370000000000000000e+02 1.077859746917367023e-01
3.380000000000000000e+02 1.144325290836653436e-01
3.390000000000000000e+02 1.214461509764098862e-01
3.400000000000000000e+02 1.288446459711623526e-01
3.410000000000000000e+02 1.366465564573595415e-01
3.420000000000000000e+02 1.448711863744386041e-01
3.430000000000000000e+02 1.535386265847098752e-01
3.440000000000000000e+02 1.626697808653420618e-01
3.450000000000000000e+02 1.722863925273727392e-01
3.460000000000000000e+02 1.824110716695713785e-01
3.470000000000000000e+02 1.930673230748877478e-01
3.480000000000000000e+02 2.042795747571264364e-01
3.490000000000000000e+02 2.160732071653818365e-01
3.500000000000000000e+02 2.284745830536673294e-01
3.510000000000000000e+02 2.415110780230574072e-01
3.520000000000000000e+02 2.552111117435520438e-01
3.530000000000000000e+02 2.696041798627457631e-01
3.540000000000000000e+02 2.847208866082687195e-01
3.550000000000000000e+02 3.005929780908307425e-01
3.560000000000000000e+02 3.172533763145722330e-01
3.570000000000000000e+02 3.347362139012859394e-01
3.580000000000000000e+02 3.530768695349348341e-01
3.590000000000000000e+02 3.723120041327406815e-01
3.600000000000000000e+02 3.924795977489787258e-01
3.610000000000000000e+02 4.136189872174468873e-01
3.620000000000000000e+02 4.357709045384320912e-01
3.630000000000000000e+02 4.589775160158296452e-01
3.640000000000000000e+02 4.832824621499052231e-01
3.650000000000000000e+02 5.087308982910255795e-01
3.660000000000000000e+02 5.353695360595049912e-01
3.670000000000000000e+02 5.632466855365437786e-01
3.680000000000000000e+02 5.924122982310541241e-01
3.690000000000000000e+02 6.229180108269811722e-01
3.700000000000000000e+02 6.548171897155514731e-01
3.710000000000000000e+02 6.881649763166798328e-01
3.720000000000000000e+02 7.230183331935818858e-01
3.730000000000000000e+02 7.594360909644385371e-01
3.740000000000000000e+02 7.974789960147650181e-01
3.750000000000000000e+02 8.372097590139321310e-01
3.760000000000000000e+02 8.786931042390869750e-01
3.770000000000000000e+02 9.219958197095083907e-01
3.780000000000000000e+02 9.671868081342329670e-01
3.790000000000000000e+02 1.014337138675564409e+00
3.800000000000000000e+02 1.063520099530877561e+00
3.810000000000000000e+02 1.114811251334903108e+00
3.820000000000000000e+02 1.168288481384463173e+00
3.830000000000000000e+02 1.224032058687418267e+00
3.840000000000000000e+02 1.282124689837345288e+00
3.850000000000000000e+02 1.342651575715263501e+00
3.860000000000000000e+02 1.405700469019483645e+00
3.870000000000000000e+02 1.471361732624443697e+00
3.880000000000000000e+02 1.539728398769154571e+00
3.890000000000000000e+02 1.610896229075650332e+00
3.900000000000000000e+02 1.684963775397629870e+00
3.910000000000000000e+02 1.762032441499206348e+00
3.920000000000000000e+02 1.842206545563477960e+00
3.930000000000000000e+02 1.925593383530404878e+00
3.940000000000000000e+02 2.012303293263207227e+00
3.950000000000000000e+02 2.102449719542307971e+00
3.960000000000000000e+02 2.196149279885575289e+00
3.970000000000000000e+02 2.293521831193420013e+00
3.980000000000000000e+02 2.394690537217011084e+00
3.990000000000000000e+02 2.499781936847706110e+00
4.000000000000000000e+02 2.608926013225506768e+00
4.010000000000000000e+02 2.722256263664126319e+00
4.020000000000000000e+02 2.839909770390030896e+00
4.030000000000000000e+02 2.962027272092579544e+00
4.040000000000000000e+02 3.088753236282130832e+00
4.050000000000000000e+02 3.220235932452781391e+00
4.060000000000000000e+02 3.356627506046135245e+00
4.070000000000000000e+02 3.498084053212321631e+00
4.080000000000000000e+02 3.644765696364144159e+00
4.090000000000000000e+02 3.796836660520172657e+00
4.100000000000000000e+02 3.954465350432156523e+00
4.110000000000000000e+02 4.117824428492127709e+00
4.120000000000000000e+02 4.287090893414124970e+00
4.130000000000000000e+02 4.462446159685407920e+00
4.140000000000000000e+02 4.644076137781702585e+00
4.150000000000000000e+02 4.832171315140842971e+00
4.160000000000000000e+02 5.026926837888927579e+00
4.170000000000000000e+02 5.228542593312918818e+00
4.180000000000000000e+02 5.437223293073324193e+00
4.190000000000000000e+02 5.653178557150500438e+00
4.200000000000000000e+02 5.876622998517763818e+00
4.210000000000000000e+02 6.107776308534391241e+00
4.220000000000000000e+02 6.346863343051331263e+00
4.230000000000000000e+02 6.594114209222212253e+00
4.240000000000000000e+02 6.849764353012111506e+00
4.250000000000000000e+02 7.114054647396229392e+00
4.260000000000000000e+02 7.387231481240537967e+00
4.270000000000000000e+02 7.669546848856131582e+00
4.280000000000000000e+02 7.961258440218935029e+00
4.290000000000000000e+02 8.262629731846173442e+00
4.300000000000000000e+02 8.573930078320779913e+00
4.310000000000000000e+02 8.895434804454811939e+00
4.320000000000000000e+02 9.227425298082680527e+00
4.330000000000000000e+02 9.570189103474856296e+00
4.340000000000000000e+02 9.924020015362524205e+00
4.350000000000000000e+02 1.028921817356348001e+01
4.360000000000000000e+02 1.066609015819937767e+01
4.370000000000000000e+02 1.105494908549428068e+01
4.380000000000000000e+02 1.145611470414424637e+01
4.390000000000000000e+02 1.186991349224763859e+01
4.400000000000000000e+02 1.229667875478553007e+01
4.410000000000000000e+02 1.273675072164150102e+01
4.420000000000000000e+02 1.319047664614996762e+01
4.430000000000000000e+02 1.365821090416202210e+01
4.440000000000000000e+02 1.414031509361757166e+01
4.450000000000000000e+02 1.463715813461247706e+01
4.460000000000000000e+02 1.514911636994922084e+01
4.470000000000000000e+02 1.567657366615950565e+01
4.480000000000000000e+02 1.621992151498696089e+01
4.490000000000000000e+02 1.677955913531823740e+01
4.500000000000000000e+02 1.735589357555029011e+01
4.510000000000000000e+02 1.794933981638185116e+01
4.520000000000000000e+02 1.856032087401682062e+01
4.530000000000000000e+02 1.918926790376710301e+01
4.540000000000000000e+02 1.983662030404253684e+01
4.550000000000000000e+02 2.050282582071520920e+01
4.560000000000000000e+02 2.118834065184546489e+01
4.570000000000000000e+02 2.189362955275690226e+01
4.580000000000000000e+02 2.261916594144719639e+01
4.590000000000000000e+02 2.336543200432207357e+01
4.600000000000000000e+02 2.413291880223899000e+01
4.610000000000000000e+02 2.492212637684760423e+01
4.620000000000000000e+02 2.573356385721356077e+01
4.630000000000000000e+02 2.656774956671234378e+01
4.640000000000000000e+02 2.742521113017974344e+01
4.650000000000000000e+02 2.830648558130530290e+01
4.660000000000000000e+02 2.921211947025538791e+01
4.670000000000000000e+02 3.014266897151200553e+01
4.680000000000000000e+02 3.109869999191375456e+01
4.690000000000000000e+02 3.208078827888520124e+01
4.700000000000000000e+02 3.308951952884061853e+01
4.710000000000000000e+02 3.412548949574856039e+01
4.720000000000000000e+02 3.518930409984299956e+01
4.730000000000000000e+02 3.628157953646724110e+01
4.740000000000000000e+02 3.740294238503654611e+01
4.750000000000000000e+02 3.855402971810543988e+01
4.760000000000000000e+02 3.973548921052550753e+01
4.770000000000000000e+02 4.094797924867980043e+01
4.780000000000000000e+02 4.219216903977935118e+01
4.790000000000000000e+02 4.346873872120803384e+01
4.800000000000000000e+02 4.477837946990122475e+01
4.810000000000000000e+02 4.612179361174428749e+01
4.820000000000000000e+02 4.749969473097658579e+01
4.830000000000000000e+02 4.891280777958684212e+01
4.840000000000000000e+02 5.036186918668553147e+01
4.850000000000000000e+02 5.184762696784012093e+01
4.860000000000000000e+02 5.337084083435906479e+01
4.870000000000000000e+02 5.493228230251003907e+01
4.880000000000000000e+02 5.653273480265848150e+01
4.890000000000000000e+02 5.817299378831208401e+01
4.900000000000000000e+02 5.985386684505709098e+01
4.910000000000000000e+02 6.157617379937216384e+01
4.920000000000000000e+02 6.334074682730592087e+01
4.930000000000000000e+02 6.514843056300355784e+01
4.940000000000000000e+02 6.700008220706897077e+01
4.950000000000000000e+02 6.889657163474801393e+01
4.960000000000000000e+02 7.083878150391883821e+01
4.970000000000000000e+02 7.282760736287546877e+01
4.980000000000000000e+02 7.486395775789075913e+01
4.990000000000000000e+02 7.694875434054441143e+01
5.000000000000000000e+02 7.908293197480257675e+01
5.010000000000000000e+02 8.126743884383526506e+01
5.020000000000000000e+02 8.350323655655726895e+01
5.030000000000000000e+02 8.579130025387959790e+01
5.040000000000000000e+02 8.813261871465739716e+01
5.050000000000000000e+02 9.052819446132069459e+01
5.060000000000000000e+02 9.297904386517461717e+01
5.070000000000000000e+02 9.548619725135573333e+01
5.080000000000000000e+02 9.805069900343072220e+01
5.090000000000000000e+02 1.006736076676245801e+02
5.100000000000000000e+02 1.033559960566645941e+02
5.110000000000000000e+02 1.060989513532274060e+02
5.120000000000000000e+02 1.089035752129757526e+02
5.130000000000000000e+02 1.117709838671720064e+02
5.140000000000000000e+02 1.147023082248554147e+02
5.150000000000000000e+02 1.176986939745706024e+02
5.160000000000000000e+02 1.207613016856341801e+02
5.170000000000000000e+02 1.238913069089270067e+02
5.180000000000000000e+02 1.270899002771995612e+02
5.190000000000000000e+02 1.303582876048776882e+02
5.200000000000000000e+02 1.336976899873568243e+02
5.210000000000000000e+02 1.371093438997720000e+02
5.220000000000000000e+02 1.405945012952316233e+02
5.230000000000000000e+02 1.441544297025029095e+02
5.240000000000000000e+02 1.477904123231373887e+02
5.250000000000000000e+02 1.515037481280235738e+02
5.260000000000000000e+02 1.552957519533567279e+02
5.270000000000000000e+02 1.591677545960122302e+02
5.280000000000000000e+02 1.631211029083125652e+02
5.290000000000000000e+02 1.671571598921754003e+02
5.300000000000000000e+02 1.712773047926324637e+02
5.310000000000000000e+02 1.754829331907069729e+02
5.320000000000000000e+02 1.797754570956394957e+02
5.330000000000000000e+02 1.841563050364506751e+02
5.340000000000000000e+02 1.886269221528305877e+02
5.350000000000000000e+02 1.931887702853433382e+02
5.360000000000000000e+02 1.978433280649367987e+02
5.370000000000000000e+02 2.025920910017470931e+02
5.380000000000000000e+02 2.074365715731873365e+02
5.390000000000000000e+02 2.123782993113103998e+02
5.400000000000000000e+02 2.174188208894354659e+02
5.410000000000000000e+02 2.225597002080295113e+02
5.420000000000000000e+02 2.278025184798322869e+02
5.430000000000000000e+02 2.331488743142164139e+02
5.440000000000000000e+02 2.386003838007726472e+02
5.450000000000000000e+02 2.441586805921108123e+02
5.460000000000000000e+02 2.498254159858672097e+02
5.470000000000000000e+02 2.556022590059095592e+02
5.480000000000000000e+02 2.614908964827305908e+02
5.490000000000000000e+02 2.674930331330207878e+02
5.500000000000000000e+02 2.736103916384123522e+02
5.510000000000000000e+02 2.798447127233854417e+02
5.520000000000000000e+02 2.861977552323284613e+02
5.530000000000000000e+02 2.926712962057439995e+02
5.540000000000000000e+02 2.992671309555920516e+02
5.550000000000000000e+02 3.059870731397629697e+02
5.560000000000000000e+02 3.128329548356726377e+02
5.570000000000000000e+02 3.198066266129706605e+02
5.580000000000000000e+02 3.269099576053557143e+02
5.590000000000000000e+02 3.341448355814902129e+02
5.600000000000000000e+02 3.415131670150054219e+02
5.610000000000000000e+02 3.490168771535931569e+02
5.620000000000000000e+02 3.566579100871738888e+02
5.630000000000000000e+02 3.644382288151353464e+02
5.640000000000000000e+02 3.723598153126371813e+02
5.650000000000000000e+02 3.804246705959712358e+02
5.660000000000000000e+02 3.886348147869742320e+02
5.670000000000000000e+02 3.969922871764852061e+02
5.680000000000000000e+02 4.054991462868425174e+02
5.690000000000000000e+02 4.141574699334120737e+02
5.700000000000000000e+02 4.229693552851447862e+02
5.710000000000000000e+02 4.319369189241552931e+02
5.720000000000000000e+02 4.410622969043149055e+02
5.730000000000000000e+02 4.503476448088570123e+02
5.740000000000000000e+02 4.597951378069886914e+02
5.750000000000000000e+02 4.694069707094997170e+02
5.760000000000000000e+02 4.791853580233704974e+02
5.770000000000000000e+02 4.891325340053681430e+02
5.780000000000000000e+02 4.992507527146308348e+02
5.790000000000000000e+02 5.095422880642316841e+02
5.800000000000000000e+02 5.200094338717216260e+02
5.810000000000000000e+02 5.306545039086446423e+02
5.820000000000000000e+02 5.414798319490225822e+02
5.830000000000000000e+02 5.524877718168044112e+02
5.840000000000000000e+02 5.636806974322774977e+02
5.850000000000000000e+02 5.750610028574368471e+02
5.860000000000000000e+02 5.866311023403083027e+02
5.870000000000000000e+02 5.983934303582236680e+02
5.880000000000000000e+02 6.103504416600414970e+02
5.890000000000000000e+02 6.225046113073160541e+02
5.900000000000000000e+02 6.348584347144063713e+02
5.910000000000000000e+02 6.474144276875229025e+02
5.920000000000000000e+02 6.601751264627150704e+02
5.930000000000000000e+02 6.731430877427883388e+02
5.940000000000000000e+02 6.863208887331563801e+02
5.950000000000000000e+02 6.997111271766210621e+02
5.960000000000000000e+02 7.133164213870811636e+02
5.970000000000000000e+02 7.271394102821654997e+02
5.980000000000000000e+02 7.411827534147903407e+02
5.990000000000000000e+02 7.554491310036403320e+02
6.000000000000000000e+02 7.699412439625680236e+02
6.010000000000000000e+02 7.846618139289137162e+02
6.020000000000000000e+02 7.996135832907435770e+02
6.030000000000000000e+02 8.147993152130045473e+02
6.040000000000000000e+02 8.302217936625949051e+02
6.050000000000000000e+02 8.458838234323498000e+02
6.060000000000000000e+02 8.617882301639423304e+02
6.070000000000000000e+02 8.779378603696975460e+02
6.080000000000000000e+02 8.943355814533188095e+02
6.090000000000000000e+02 9.109842817295296982e+02
6.100000000000000000e+02 9.278868704426264458e+02
6.110000000000000000e+02 9.450462777839441060e+02
6.120000000000000000e+02 9.624654549082355288e+02
6.130000000000000000e+02 9.801473739489623540e+02
6.140000000000000000e+02 9.980950280325008634e+02
6.150000000000000000e+02 1.016311431291259510e+03
6.160000000000000000e+02 1.034799618875711985e+03
6.170000000000000000e+02 1.053562646965345493e+03
6.180000000000000000e+02 1.072603592778521261e+03
6.190000000000000000e+02 1.091925554581256847e+03
6.200000000000000000e+02 1.111531651694921266e+03
6.210000000000000000e+02 1.131425024502851102e+03
6.220000000000000000e+02 1.151608834455885471e+03
6.230000000000000000e+02 1.172086264076822545e+03
6.240000000000000000e+02 1.192860516963797409e+03
6.250000000000000000e+02 1.213934817792586955e+03
6.260000000000000000e+02 1.235312412317837925e+03
6.270000000000000000e+02 1.256996567373222661e+03
6.280000000000000000e+02 1.278990570870526881e+03
6.290000000000000000e+02 1.301297731797664483e+03
6.300000000000000000e+02 1.323921380215631643e+03
6.310000000000000000e+02 1.346864867254392720e+03
6.320000000000000000e+02 1.370131565107702272e+03
6.330000000000000000e+02 1.393724867026877064e+03
6.340000000000000000e+02 1.417648187313498056e+03
6.350000000000000000e+02 1.441904961311068064e+03
6.360000000000000000e+02 1.466498645395614631e+03
6.370000000000000000e+02 1.491432716965242889e+03
6.380000000000000000e+02 1.516710674428641823e+03
6.390000000000000000e+02 1.542336037192552794e+03
6.400000000000000000e+02 1.568312345648192832e+03
6.410000000000000000e+02 1.594643161156641554e+03
6.420000000000000000e+02 1.621332066033199453e+03
6.430000000000000000e+02 1.648382663530710033e+03
6.440000000000000000e+02 1.675798577821859908e+03
6.450000000000000000e+02 1.703583453980455488e+03
6.460000000000000000e+02 1.731740957961676031e+03
6.470000000000000000e+02 1.760274776581316246e+03
6.480000000000000000e+02 1.789188617494015261e+03
6.490000000000000000e+02 1.818486209170475149e+03
6.500000000000000000e+02 1.848171300873681048e+03
6.510000000000000000e+02 1.878247662634113567e+03
6.520000000000000000e+02 1.908719085223972797e+03
6.530000000000000000e+02 1.939589380130405516e+03
6.540000000000000000e+02 1.970862379527748999e+03
6.550000000000000000e+02 2.002541936248787124e+03
6.560000000000000000e+02 2.034631923755030130e+03
6.570000000000000000e+02 2.067136236106027354e+03
6.580000000000000000e+02 2.100058787927693629e+03
6.590000000000000000e+02 2.133403514379688659e+03
6.600000000000000000e+02 2.167174371121821878e+03
6.610000000000000000e+02 2.201375334279517119e+03
6.620000000000000000e+02 2.236010400408309124e+03
6.630000000000000000e+02 2.271083586457407364e+03
6.640000000000000000e+02 2.306598929732317174e+03
6.650000000000000000e+02 2.342560487856518648e+03
6.660000000000000000e+02 2.378972338732223761e+03
6.670000000000000000e+02 2.415838580500200806e+03
6.680000000000000000e+02 2.453163331498683874e+03
6.690000000000000000e+02 2.490950730221365575e+03
6.700000000000000000e+02 2.529204935274479340e+03
6.710000000000000000e+02 2.567930125332976786e+03
6.720000000000000000e+02 2.607130499095813320e+03
6.730000000000000000e+02 2.646810275240330611e+03
6.740000000000000000e+02 2.686973692375755945e+03
6.750000000000000000e+02 2.727625008995826192e+03
6.760000000000000000e+02 2.768768503430520923e+03
6.770000000000000000e+02 2.810408473796938779e+03
6.780000000000000000e+02 2.852549237949300732e+03
6.790000000000000000e+02 2.895195133428101144e+03
6.800000000000000000e+02 2.938350517408396172e+03
6.810000000000000000e+02 2.982019766647252709e+03
6.820000000000000000e+02 3.026207277430355134e+03
6.830000000000000000e+02 3.070917465517772598e+03
6.840000000000000000e+02 3.116154766088901852e+03
6.850000000000000000e+02 3.161923633686581979e+03
6.860000000000000000e+02 3.208228542160399229e+03
6.870000000000000000e+02 3.255073984609169656e+03
6.880000000000000000e+02 3.302464473322629146e+03
6.890000000000000000e+02 3.350404539722317622e+03
6.900000000000000000e+02 3.398898734301672448e+03
6.910000000000000000e+02 3.447951626565335573e+03
6.920000000000000000e+02 3.497567804967682150e+03
6.930000000000000000e+02 3.547751876850571080e+03
6.940000000000000000e+02 3.598508468380345676e+03
6.950000000000000000e+02 3.649842224484040344e+03
6.960000000000000000e+02 3.701757808784870576e+03
6.970000000000000000e+02 3.754259903536953061e+03
6.980000000000000000e+02 3.807353209559284551e+03
6.990000000000000000e+02 3.861042446169001323e+03
7.000000000000000000e+02 3.915332351113893310e+03
7.010000000000000000e+02 3.970227680504206091e+03
7.020000000000000000e+02 4.025733208743725754e+03
7.030000000000000000e+02 4.081853728460162984e+03
7.040000000000000000e+02 4.138594050434815472e+03
7.050000000000000000e+02 4.195959003531561393e+03
7.060000000000000000e+02 4.253953434625143927e+03
7.070000000000000000e+02 4.312582208528786396e+03
7.080000000000000000e+02 4.371850207921124820e+03
7.090000000000000000e+02 4.431762333272480646e+03
7.100000000000000000e+02 4.492323502770460436e+03
7.110000000000000000e+02 4.553538652244918012e+03
7.120000000000000000e+02 4.615412735092248113e+03
7.130000000000000000e+02 4.677950722199060692e+03
7.140000000000000000e+02 4.741157601865199467e+03
7.150000000000000000e+02 4.805038379726154744e+03
7.160000000000000000e+02 4.869598078674832323e+03
7.170000000000000000e+02 4.934841738782733046e+03
7.180000000000000000e+02 5.000774417220511168e+03
7.190000000000000000e+02 5.067401188177929725e+03
7.200000000000000000e+02 5.134727142783232011e+03
7.210000000000000000e+02 5.202757389021925519e+03
7.220000000000000000e+02 5.271497051654981078e+03
7.230000000000000000e+02 5.340951272136466287e+03
7.240000000000000000e+02 5.411125208530602322e+03
7.250000000000000000e+02 5.482024035428278694e+03
7.260000000000000000e+02 5.553652943862996835e+03
7.270000000000000000e+02 5.626017141226295280e+03
7.280000000000000000e+02 5.699121851182599130e+03
7.290000000000000000e+02 5.772972313583573850e+03
7.300000000000000000e+02 5.847573784381939731e+03
7.310000000000000000e+02 5.922931535544762482e+03
7.320000000000000000e+02 5.999050854966248153e+03
7.330000000000000000e+02 6.075937046380019638e+03
7.340000000000000000e+02 6.153595429270913883e+03
7.350000000000000000e+02 6.232031338786268861e+03
7.360000000000000000e+02 6.311250125646742163e+03
7.370000000000000000e+02 6.391257156056652093e+03
7.380000000000000000e+02 6.472057811613834019e+03
7.390000000000000000e+02 6.553657489219068339e+03
7.400000000000000000e+02 6.636061600985012774e+03
7.410000000000000000e+02 6.719275574144709935e+03
7.420000000000000000e+02 6.803304850959648320e+03
7.430000000000000000e+02 6.888154888627388573e+03
7.440000000000000000e+02 6.973831159188758647e+03
7.450000000000000000e+02 7.060339149434628780e+03
7.460000000000000000e+02 7.147684360812276282e+03
7.470000000000000000e+02 7.235872309331328324e+03
7.480000000000000000e+02 7.324908525469325468e+03
7.490000000000000000e+02 7.414798554076873188e+03
7.500000000000000000e+02 7.505547954282409592e+03
7.510000000000000000e+02 7.597162299396593880e+03
7.520000000000000000e+02 7.689647176816325555e+03
7.530000000000000000e+02 7.783008187928392545e+03
7.540000000000000000e+02 7.877250948012744630e+03
7.550000000000000000e+02 7.972381086145434892e+03
7.560000000000000000e+02 8.068404245101209199e+03
7.570000000000000000e+02 8.165326081255731879e+03
7.580000000000000000e+02 8.263152264487509456e+03
7.590000000000000000e+02 8.361888478079470588e+03
7.600000000000000000e+02 8.461540418620214041e+03
7.610000000000000000e+02 8.562113795904968356e+03
7.620000000000000000e+02 8.663614332836219546e+03
7.630000000000000000e+02 8.766047765324046850e+03
7.640000000000000000e+02 8.869419842186171081e+03
7.650000000000000000e+02 8.973736325047693754e+03
7.660000000000000000e+02 9.079002988240576087e+03
7.670000000000000000e+02 9.185225618702834254e+03
7.680000000000000000e+02 9.292410015877454498e+03
7.690000000000000000e+02 9.400561991611055419e+03
7.700000000000000000e+02 9.509687370052304686e+03
7.710000000000000000e+02 9.619791987550055637e+03
7.720000000000000000e+02 9.730881692551276501e+03
7.730000000000000000e+02 9.842962345498708601e+03
7.740000000000000000e+02 9.956039818728311730e+03
7.750000000000000000e+02 1.007011999636648216e+04
7.760000000000000000e+02 1.018520877422704689e+04
7.770000000000000000e+02 1.030131205970805240e+04
7.780000000000000000e+02 1.041843577168833326e+04
7.790000000000000000e+02 1.053658584042389884e+04
7.800000000000000000e+02 1.065576820744410907e+04
7.810000000000000000e+02 1.077598882544767730e+04
7.820000000000000000e+02 1.089725365819846957e+04
7.830000000000000000e+02 1.101956868042114365e+04
7.840000000000000000e+02 1.114293987769662272e+04
7.850000000000000000e+02 1.126737324635739606e+04
7.860000000000000000e+02 1.139287479338263438e+04
7.870000000000000000e+02 1.151945053629323411e+04
7.880000000000000000e+02 1.164710650304659612e+04
7.890000000000000000e+02 1.177584873193138446e+04
7.900000000000000000e+02 1.190568327146206138e+04
7.910000000000000000e+02 1.203661618027332952e+04
7.920000000000000000e+02 1.216865352701445408e+04
7.930000000000000000e+02 1.230180139024346681e+04
7.940000000000000000e+02 1.243606585832123346e+04
7.950000000000000000e+02 1.257145302930545404e+04
7.960000000000000000e+02 1.270796901084451747e+04
7.970000000000000000e+02 1.284561992007129811e+04
7.980000000000000000e+02 1.298441188349685763e+04
7.990000000000000000e+02 1.312435103690404867e+04
8.000000000000000000e+02 1.326544352524102396e+04
8.010000000000000000e+02 1.340769550251473993e+04
8.020000000000000000e+02 1.355111313168430752e+04
8.030000000000000000e+02 1.369570258455434487e+04
8.040000000000000000e+02 1.384147004166822626e+04
8.050000000000000000e+02 1.398842169220133837e+04
8.060000000000000000e+02 1.413656373385421648e+04
8.070000000000000000e+02 1.428590237274570063e+04
8.080000000000000000e+02 1.443644382330603730e+04
8.090000000000000000e+02 1.458819430816992281e+04
8.100000000000000000e+02 1.474116005806957946e+04
8.110000000000000000e+02 1.489534731172774264e+04
8.120000000000000000e+02 1.505076231575070415e+04
8.130000000000000000e+02 1.520741132452127749e+04
8.140000000000000000e+02 1.536530060009181034e+04
8.150000000000000000e+02 1.552443641207716973e+04
8.160000000000000000e+02 1.568482503754776008e+04
8.170000000000000000e+02 1.584647276092248649e+04
8.180000000000000000e+02 1.600938587386182553e+04
8.190000000000000000e+02 1.617357067516084498e+04
8.200000000000000000e+02 1.633903347064227637e+04
8.210000000000000000e+02 1.650578057304960384e+04
8.220000000000000000e+02 1.667381830194021313e+04
8.230000000000000000e+02 1.684315298357854772e+04
8.240000000000000000e+02 1.701379095082932326e+04
8.250000000000000000e+02 1.718573854305080386e+04
8.260000000000000000e+02 1.735900210598809281e+04
8.270000000000000000e+02 1.753358799166653989e+04
8.280000000000000000e+02 1.770950255828514491e+04
8.290000000000000000e+02 1.788675217011006680e+04
8.300000000000000000e+02 1.806534319736820908e+04
8.310000000000000000e+02 1.824528201614085629e+04
8.320000000000000000e+02 1.842657500825740499e+04
8.330000000000000000e+02 1.860922856118916752e+04
8.340000000000000000e+02 1.879324906794329945e+04
8.350000000000000000e+02 1.897864292695675977e+04
8.360000000000000000e+02 1.916541654199040931e+04
8.370000000000000000e+02 1.935357632202323657e+04
8.380000000000000000e+02 1.954312868114660887e+04
8.390000000000000000e+02 1.973408003845870189e+04
8.400000000000000000e+02 1.992643681795903467e+04
8.410000000000000000e+02 2.012020544844307005e+04
8.420000000000000000e+02 2.031539236339701893e+04
8.430000000000000000e+02 2.051200400089270261e+04
8.440000000000000000e+02 2.071004680348257898e+04
8.450000000000000000e+02 2.090952721809488867e+04
8.460000000000000000e+02 2.111045169592893581e+04
8.470000000000000000e+02 2.131282669235055801e+04
8.480000000000000000e+02 2.151665866678763632e+04
8.490000000000000000e+02 2.172195408262589626e+04
8.500000000000000000e+02 2.192871940710471972e+04
8.510000000000000000e+02 2.213696111121322974e+04
8.520000000000000000e+02 2.234668566958645897e+04
8.530000000000000000e+02 2.255789956040171819e+04
8.540000000000000000e+02 2.277060926527512129e+04
8.550000000000000000e+02 2.298482126915828485e+04
8.560000000000000000e+02 2.320054206023522420e+04
8.570000000000000000e+02 2.341777812981935858e+04
8.580000000000000000e+02 2.363653597225078920e+04
8.590000000000000000e+02 2.385682208479370820e+04
8.600000000000000000e+02 2.407864296753400413e+04
8.610000000000000000e+02 2.430200512327704564e+04
8.620000000000000000e+02 2.452691505744570532e+04
8.630000000000000000e+02 2.475337927797854718e+04
8.640000000000000000e+02 2.498140429522821796e+04
8.650000000000000000e+02 2.521099662186003479e+04
8.660000000000000000e+02 2.544216277275085304e+04
8.670000000000000000e+02 2.567490926488799596e+04
8.680000000000000000e+02 2.590924261726858822e+04
8.690000000000000000e+02 2.614516935079895848e+04
8.700000000000000000e+02 2.638269598819429666e+04
8.710000000000000000e+02 2.662182905387862411e+04
8.720000000000000000e+02 2.686257507388484009e+04
8.730000000000000000e+02 2.710494057575515399e+04
8.740000000000000000e+02 2.734893208844160108e+04
8.750000000000000000e+02 2.759455614220691496e+04
8.760000000000000000e+02 2.784181926852559991e+04
8.770000000000000000e+02 2.809072799998518167e+04
8.780000000000000000e+02 2.834128887018783644e+04
8.790000000000000000e+02 2.859350841365210727e+04
8.800000000000000000e+02 2.884739316571498784e+04
8.810000000000000000e+02 2.910294966243421732e+04
8.820000000000000000e+02 2.936018444049085883e+04
8.830000000000000000e+02 2.961910403709205639e+04
8.840000000000000000e+02 2.987971498987414816e+04
8.850000000000000000e+02 3.014202383680596540e+04
8.860000000000000000e+02 3.040603711609248785e+04
8.870000000000000000e+02 3.067176136607862645e+04
8.880000000000000000e+02 3.093920312515346450e+04
8.890000000000000000e+02 3.120836893165456786e+04
8.900000000000000000e+02 3.147926532377271360e+04
8.910000000000000000e+02 3.175189883945686233e+04
8.920000000000000000e+02 3.202627601631938160e+04
8.930000000000000000e+02 3.230240339154157482e+04
8.940000000000000000e+02 3.258028750177949769e+04
8.950000000000000000e+02 3.285993488307001098e+04
8.960000000000000000e+02 3.314135207073722995e+04
8.970000000000000000e+02 3.342454559929914831e+04
8.980000000000000000e+02 3.370952200237460784e+04
8.990000000000000000e+02 3.399628781259058451e+04
9.000000000000000000e+02 3.428484956148973288e+04
9.010000000000000000e+02 3.457521377943823609e+04
9.020000000000000000e+02 3.486738699553398328e+04
9.030000000000000000e+02 3.516137573751500167e+04
9.040000000000000000e+02 3.545718653166828153e+04
9.050000000000000000e+02 3.575482590273876122e+04
9.060000000000000000e+02 3.605430037383882154e+04
9.070000000000000000e+02 3.635561646635785291e+04
9.080000000000000000e+02 3.665878069987239724e+04
9.090000000000000000e+02 3.696379959205636987e+04
9.100000000000000000e+02 3.727067965859171090e+04
9.110000000000000000e+02 3.757942741307939286e+04
9.120000000000000000e+02 3.789004936695066135e+04
9.130000000000000000e+02 3.820255202937860304e+04
9.140000000000000000e+02 3.851694190719012113e+04
9.150000000000000000e+02 3.883322550477812911e+04
9.160000000000000000e+02 3.915140932401417376e+04
9.170000000000000000e+02 3.947149986416129832e+04
9.180000000000000000e+02 3.979350362178724754e+04
9.190000000000000000e+02 4.011742709067809483e+04
9.200000000000000000e+02 4.044327676175205852e+04
9.210000000000000000e+02 4.077105912297379109e+04
9.220000000000000000e+02 4.110078065926890849e+04
9.230000000000000000e+02 4.143244785243883962e+04
9.240000000000000000e+02 4.176606718107620691e+04
9.250000000000000000e+02 4.210164512048019969e+04
9.260000000000000000e+02 4.243918814257263148e+04
9.270000000000000000e+02 4.277870271581418638e+04
9.280000000000000000e+02 4.312019530512094207e+04
9.290000000000000000e+02 4.346367237178138748e+04
9.300000000000000000e+02 4.380914037337368791e+04
9.310000000000000000e+02 4.415660576368331385e+04
9.320000000000000000e+02 4.450607499262102647e+04
9.330000000000000000e+02 4.485755450614125584e+04
9.340000000000000000e+02 4.521105074616069032e+04
9.350000000000000000e+02 4.556657015047739696e+04
9.360000000000000000e+02 4.592411915269021119e+04
9.370000000000000000e+02 4.628370418211843207e+04
9.380000000000000000e+02 4.664533166372189589e+04
9.390000000000000000e+02 4.700900801802153728e+04
9.400000000000000000e+02 4.737473966102009581e+04
9.410000000000000000e+02 4.774253300412331009e+04
9.420000000000000000e+02 4.811239445406146842e+04
9.430000000000000000e+02 4.848433041281124315e+04
9.440000000000000000e+02 4.885834727751800528e+04
9.450000000000000000e+02 4.923445144041833555e+04
9.460000000000000000e+02 4.961264928876305930e+04
9.470000000000000000e+02 4.999294720474057249e+04
9.480000000000000000e+02 5.037535156540050230e+04
9.490000000000000000e+02 5.075986874257775344e+04
9.500000000000000000e+02 5.114650510281700554e+04
9.510000000000000000e+02 5.153526700729738513e+04
9.520000000000000000e+02 5.192616081175769796e+04
9.530000000000000000e+02 5.231919286642193765e+04
9.540000000000000000e+02 5.271436951592513651e+04
9.550000000000000000e+02 5.311169709923967457e+04
9.560000000000000000e+02 5.351118194960182882e+04
9.570000000000000000e+02 5.391283039443884627e+04
9.580000000000000000e+02 5.431664875529622077e+04
9.590000000000000000e+02 5.472264334776548640e+04
9.600000000000000000e+02 5.513082048141232372e+04
9.610000000000000000e+02 5.554118645970495709e+04
9.620000000000000000e+02 5.595374757994310494e+04
9.630000000000000000e+02 5.636851013318711921e+04
9.640000000000000000e+02 5.678548040418759047e+04
9.650000000000000000e+02 5.720466467131531681e+04
9.660000000000000000e+02 5.762606920649165841e+04
9.670000000000000000e+02 5.804970027511922672e+04
9.680000000000000000e+02 5.847556413601296663e+04
9.690000000000000000e+02 5.890366704133159510e+04
9.700000000000000000e+02 5.933401523650947638e+04
9.710000000000000000e+02 5.976661496018880280e+04
9.720000000000000000e+02 6.020147244415219757e+04
9.730000000000000000e+02 6.063859391325562319e+04
9.740000000000000000e+02 6.107798558536173368e+04
9.750000000000000000e+02 6.151965367127367062e+04
9.760000000000000000e+02 6.196360437466895382e+04
9.770000000000000000e+02 6.240984389203417231e+04
9.780000000000000000e+02 6.285837841259965353e+04
9.790000000000000000e+02 6.330921411827469274e+04
9.800000000000000000e+02 6.376235718358326267e+04
9.810000000000000000e+02 6.421781377559983230e+04
9.820000000000000000e+02 6.467559005388581863e+04
9.830000000000000000e+02 6.513569217042618402e+04
9.840000000000000000e+02 6.559812626956672466e+04
9.850000000000000000e+02 6.606289848795130092e+04
9.860000000000000000e+02 6.653001495445992623e+04
9.870000000000000000e+02 6.699948179014677589e+04
9.880000000000000000e+02 6.747130510817894537e+04
9.890000000000000000e+02 6.794549101377539046e+04
9.900000000000000000e+02 6.842204560414624575e+04
9.910000000000000000e+02 6.890097496843255067e+04
9.920000000000000000e+02 6.938228518764648470e+04
9.930000000000000000e+02 6.986598233461163181e+04
9.940000000000000000e+02 7.035207247390401608e+04
9.950000000000000000e+02 7.084056166179334105e+04
9.960000000000000000e+02 7.133145594618447649e+04
9.970000000000000000e+02 7.182476136655951268e+04
9.980000000000000000e+02 7.232048395392020757e+04
9.990000000000000000e+02 7.281862973073057947e+04
