# BB temperature (K); Intensity through filter (ph/s/m^2/mas^2)
1.000000000000000000e+01 0.000000000000000000e+00
1.100000000000000000e+01 0.000000000000000000e+00
1.200000000000000000e+01 0.000000000000000000e+00
1.300000000000000000e+01 0.000000000000000000e+00
1.400000000000000000e+01 0.000000000000000000e+00
1.500000000000000000e+01 0.000000000000000000e+00
1.600000000000000000e+01 0.000000000000000000e+00
1.700000000000000000e+01 0.000000000000000000e+00
1.800000000000000000e+01 0.000000000000000000e+00
1.900000000000000000e+01 0.000000000000000000e+00
2.000000000000000000e+01 0.000000000000000000e+00
2.100000000000000000e+01 5.598317137327295449e-108
2.200000000000000000e+01 5.970759534672463402e-103
2.300000000000000000e+01 2.330579508762060691e-98
2.400000000000000000e+01 3.774794378658671658e-94
2.500000000000000000e+01 2.819215325850230880e-90
2.600000000000000000e+01 1.061534352647892017e-86
2.700000000000000000e+01 2.174378374574449840e-83
2.800000000000000000e+01 2.586067635550124695e-80
2.900000000000000000e+01 1.889094481392091568e-77
3.000000000000000000e+01 8.898752562608706270e-75
3.100000000000000000e+01 2.820269424558589823e-72
3.200000000000000000e+01 6.241088956889054251e-70
3.300000000000000000e+01 9.963395402575701105e-68
3.400000000000000000e+01 1.180957570129687247e-65
3.500000000000000000e+01 1.066143430330602539e-63
3.600000000000000000e+01 7.498871860242169568e-62
3.700000000000000000e+01 4.193300210183104684e-60
3.800000000000000000e+01 1.898246583726963977e-58
3.900000000000000000e+01 7.070293220590155477e-57
4.000000000000000000e+01 2.198654745476358264e-55
4.100000000000000000e+01 5.784146449479496892e-54
4.200000000000000000e+01 1.302767011575628702e-52
4.300000000000000000e+01 2.539453198890835079e-51
4.400000000000000000e+01 4.326466212084670353e-50
4.500000000000000000e+01 6.500399581036941108e-49
4.600000000000000000e+01 8.683923878832421356e-48
4.700000000000000000e+01 1.039236381557923887e-46
4.800000000000000000e+01 1.121804792370666668e-45
4.900000000000000000e+01 1.099167293770312006e-44
5.000000000000000000e+01 9.832723628972143370e-44
5.100000000000000000e+01 8.073648862992172819e-43
5.200000000000000000e+01 6.114990769945573727e-42
5.300000000000000000e+01 4.291745121574113968e-41
5.400000000000000000e+01 2.802978234945437346e-40
5.500000000000000000e+01 1.710233243664380967e-39
5.600000000000000000e+01 9.784112104749486148e-39
5.700000000000000000e+01 5.266083761606589435e-38
5.800000000000000000e+01 2.674994526333320542e-37
5.900000000000000000e+01 1.286182653989839826e-36
6.000000000000000000e+01 5.869726367334500312e-36
6.100000000000000000e+01 2.549067547798300583e-35
6.200000000000000000e+01 1.055927755757083818e-34
6.300000000000000000e+01 4.181686733257111061e-34
6.400000000000000000e+01 1.586526690570135631e-33
6.500000000000000000e+01 5.778030610908173625e-33
6.600000000000000000e+01 2.023740787031667668e-32
6.700000000000000000e+01 6.828581120367740361e-32
6.800000000000000000e+01 2.223412359723125375e-31
6.900000000000000000e+01 6.996737992628402988e-31
7.000000000000000000e+01 2.131037021916533152e-30
7.100000000000000000e+01 6.290776225472256265e-30
7.200000000000000000e+01 1.802188522601888226e-29
7.300000000000000000e+01 5.016639665026283930e-29
7.400000000000000000e+01 1.358461819142072990e-28
7.500000000000000000e+01 3.582465636131780121e-28
7.600000000000000000e+01 9.210215341596452000e-28
7.700000000000000000e+01 2.310682467193585233e-27
7.800000000000000000e+01 5.662406755104180889e-27
7.900000000000000000e+01 1.356560392727594092e-26
8.000000000000000000e+01 3.179963383901315791e-26
8.100000000000000000e+01 7.299607899854733954e-26
8.200000000000000000e+01 1.642116086494662036e-25
8.300000000000000000e+01 3.622860145710569032e-25
8.400000000000000000e+01 7.844117739434559435e-25
8.500000000000000000e+01 1.667895065878981019e-24
8.600000000000000000e+01 3.484972466731296359e-24
8.700000000000000000e+01 7.159741305548029319e-24
8.800000000000000000e+01 1.447145319901329276e-23
8.900000000000000000e+01 2.879267913521022808e-23
9.000000000000000000e+01 5.642022836651207950e-23
9.100000000000000000e+01 1.089401943499604349e-22
9.200000000000000000e+01 2.073720677800785908e-22
9.300000000000000000e+01 3.893323535307257754e-22
9.400000000000000000e+01 7.212564421285408378e-22
9.500000000000000000e+01 1.318987602129841687e-21
9.600000000000000000e+01 2.382038288990447675e-21
9.700000000000000000e+01 4.249930058857441863e-21
9.800000000000000000e+01 7.493781130882038218e-21
9.900000000000000000e+01 1.306354537863231648e-20
1.000000000000000000e+02 2.252217983913830791e-20
1.010000000000000000e+02 3.841419200547424744e-20
1.020000000000000000e+02 6.483983836814195120e-20
1.030000000000000000e+02 1.083409886170230400e-19
1.040000000000000000e+02 1.792548713261676182e-19
1.050000000000000000e+02 2.937637985851223752e-19
1.060000000000000000e+02 4.769709887743237999e-19
1.070000000000000000e+02 7.674761738810379547e-19
1.080000000000000000e+02 1.224125040170825323e-18
1.090000000000000000e+02 1.935883935571030439e-18
1.100000000000000000e+02 3.036172303968053894e-18
1.110000000000000000e+02 4.723504745837324996e-18
1.120000000000000000e+02 7.290997538620985579e-18
1.130000000000000000e+02 1.116823891619983899e-17
1.140000000000000000e+02 1.698028260222873638e-17
1.150000000000000000e+02 2.563019423659991514e-17
1.160000000000000000e+02 3.841377928939954641e-17
1.170000000000000000e+02 5.717799781598851778e-17
1.180000000000000000e+02 8.453831157721012093e-17
1.190000000000000000e+02 1.241750424530476729e-16
1.200000000000000000e+02 1.812350306167065278e-16
1.210000000000000000e+02 2.628728128526132380e-16
1.220000000000000000e+02 3.789756171031488757e-16
1.230000000000000000e+02 5.431291989149787788e-16
1.240000000000000000e+02 7.738975431150400015e-16
1.250000000000000000e+02 1.096509455474388450e-15
1.260000000000000000e+02 1.545069951114137926e-15
1.270000000000000000e+02 2.165445148796262748e-15
1.280000000000000000e+02 3.019007330263530238e-15
1.290000000000000000e+02 4.187473363090584630e-15
1.300000000000000000e+02 5.779126499828218768e-15
1.310000000000000000e+02 7.936780617923116441e-15
1.320000000000000000e+02 1.084792952834086580e-14
1.330000000000000000e+02 1.475762468071325028e-14
1.340000000000000000e+02 1.998474544550335677e-14
1.350000000000000000e+02 2.694247061133583344e-14
1.360000000000000000e+02 3.616393173349196972e-14
1.370000000000000000e+02 4.833423297583914285e-14
1.380000000000000000e+02 6.433026315704020535e-14
1.390000000000000000e+02 8.527000953757708059e-14
1.400000000000000000e+02 1.125734158602063729e-13
1.410000000000000000e+02 1.480372164343714165e-13
1.420000000000000000e+02 1.939266316058574381e-13
1.430000000000000000e+02 2.530873366301640631e-13
1.440000000000000000e+02 3.290817255717638431e-13
1.450000000000000000e+02 4.263541951928799538e-13
1.460000000000000000e+02 5.504309827619127560e-13
1.470000000000000000e+02 7.081610193309212763e-13
1.480000000000000000e+02 9.080053205355390335e-13
1.490000000000000000e+02 1.160383645857533045e-12
1.500000000000000000e+02 1.478088531384655124e-12
1.510000000000000000e+02 1.876778358613000622e-12
1.520000000000000000e+02 2.375562882410526599e-12
1.530000000000000000e+02 2.997696626031627621e-12
1.540000000000000000e+02 3.771397782710380906e-12
1.550000000000000000e+02 4.730812766107213980e-12
1.560000000000000000e+02 5.917149351590984684e-12
1.570000000000000000e+02 7.380004474493497091e-12
1.580000000000000000e+02 9.178916229219068310e-12
1.590000000000000000e+02 1.138517347524099757e-11
1.600000000000000000e+02 1.408392073505538408e-11
1.610000000000000000e+02 1.737660079924498257e-11
1.620000000000000000e+02 2.138378267074138493e-11
1.630000000000000000e+02 2.624842822160159919e-11
1.640000000000000000e+02 3.213965724017269934e-11
1.650000000000000000e+02 3.925707745499396069e-11
1.660000000000000000e+02 4.783575367626447331e-11
1.670000000000000000e+02 5.815189843970514572e-11
1.680000000000000000e+02 7.052937551603269165e-11
1.690000000000000000e+02 8.534711740818339278e-11
1.700000000000000000e+02 1.030475685451701466e-10
1.710000000000000000e+02 1.241462773443982720e-10
1.720000000000000000e+02 1.492427727026931783e-10
1.730000000000000000e+02 1.790328738403197291e-10
1.740000000000000000e+02 2.143225968126643058e-10
1.750000000000000000e+02 2.560438364723048719e-10
1.760000000000000000e+02 3.052720192615604860e-10
1.770000000000000000e+02 3.632459399941391877e-10
1.780000000000000000e+02 4.313900147960597169e-10
1.790000000000000000e+02 5.113392026723346314e-10
1.800000000000000000e+02 6.049668697983262793e-10
1.810000000000000000e+02 7.144158936540920621e-10
1.820000000000000000e+02 8.421333285765303332e-10
1.830000000000000000e+02 9.909089802469411742e-10
1.840000000000000000e+02 1.163918264108831460e-09
1.850000000000000000e+02 1.364769751769234853e-09
1.860000000000000000e+02 1.597557840121705055e-09
1.870000000000000000e+02 1.866921010284272769e-09
1.880000000000000000e+02 2.178106177512483417e-09
1.890000000000000000e+02 2.537039669066170719e-09
1.900000000000000000e+02 2.950405404615997585e-09
1.910000000000000000e+02 3.425730893207346040e-09
1.920000000000000000e+02 3.971481702087178667e-09
1.930000000000000000e+02 4.597165095873890184e-09
1.940000000000000000e+02 5.313443589637978070e-09
1.950000000000000000e+02 6.132259206486492109e-09
1.960000000000000000e+02 7.066969279227696356e-09
1.970000000000000000e+02 8.132494686652269689e-09
1.980000000000000000e+02 9.345481467917746935e-09
1.990000000000000000e+02 1.072447681347604147e-08
2.000000000000000000e+02 1.229012048794683521e-08
2.010000000000000000e+02 1.406535279931839541e-08
2.020000000000000000e+02 1.607564028985222167e-08
2.030000000000000000e+02 1.834922038707847120e-08
2.040000000000000000e+02 2.091736631828936098e-08
2.050000000000000000e+02 2.381467365896080244e-08
2.060000000000000000e+02 2.707936995454621289e-08
2.070000000000000000e+02 3.075364892607902697e-08
2.080000000000000000e+02 3.488403084297317081e-08
2.090000000000000000e+02 3.952175072130683559e-08
2.100000000000000000e+02 4.472317608269224598e-08
2.110000000000000000e+02 5.055025608755084899e-08
2.120000000000000000e+02 5.707100393720248269e-08
2.130000000000000000e+02 6.436001452161689119e-08
2.140000000000000000e+02 7.249901937393421784e-08
2.150000000000000000e+02 8.157748107891577103e-08
2.160000000000000000e+02 9.169322937030513210e-08
2.170000000000000000e+02 1.029531412416375928e-07
2.180000000000000000e+02 1.154738674863064697e-07
2.190000000000000000e+02 1.293826081756509911e-07
2.200000000000000000e+02 1.448179396784491284e-07
2.210000000000000000e+02 1.619306959214595631e-07
2.220000000000000000e+02 1.808849066885402694e-07
2.230000000000000000e+02 2.018587958553612187e-07
2.240000000000000000e+02 2.250458425578176485e-07
2.250000000000000000e+02 2.506559083949296163e-07
2.260000000000000000e+02 2.789164338712815318e-07
2.270000000000000000e+02 3.100737073899215293e-07
2.280000000000000000e+02 3.443942102141199772e-07
2.290000000000000000e+02 3.821660409254821430e-07
2.300000000000000000e+02 4.237004230166801051e-07
2.310000000000000000e+02 4.693332993695283247e-07
2.320000000000000000e+02 5.194270174833230532e-07
2.330000000000000000e+02 5.743721094343863429e-07
2.340000000000000000e+02 6.345891706656278451e-07
2.350000000000000000e+02 7.005308418247825236e-07
2.360000000000000000e+02 7.726838979918771256e-07
2.370000000000000000e+02 8.515714497605417877e-07
2.380000000000000000e+02 9.377552607641290272e-07
2.390000000000000000e+02 1.031838186366398969e-06
2.400000000000000000e+02 1.134466738367893877e-06
2.410000000000000000e+02 1.246333780713284292e-06
2.420000000000000000e+02 1.368181361322071493e-06
2.430000000000000000e+02 1.500803685305310927e-06
2.440000000000000000e+02 1.645050234974734631e-06
2.450000000000000000e+02 1.801829042197981617e-06
2.460000000000000000e+02 1.972110118804980938e-06
2.470000000000000000e+02 2.156929050906035754e-06
2.480000000000000000e+02 2.357390763142287695e-06
2.490000000000000000e+02 2.574673459054239821e-06
2.500000000000000000e+02 2.810032743924280732e-06
2.510000000000000000e+02 3.064805936625127898e-06
2.520000000000000000e+02 3.340416577188148591e-06
2.530000000000000000e+02 3.638379136994095537e-06
2.540000000000000000e+02 3.960303938684356568e-06
2.550000000000000000e+02 4.307902293094000787e-06
2.560000000000000000e+02 4.682991860718951830e-06
2.570000000000000000e+02 5.087502245449411527e-06
2.580000000000000000e+02 5.523480828530584877e-06
2.590000000000000000e+02 5.993098850950452403e-06
2.600000000000000000e+02 6.498657752703443271e-06
2.610000000000000000e+02 7.042595777639266306e-06
2.620000000000000000e+02 7.627494852878036671e-06
2.630000000000000000e+02 8.256087752057583913e-06
2.640000000000000000e+02 8.931265551976717520e-06
2.650000000000000000e+02 9.656085392510152827e-06
2.660000000000000000e+02 1.043377854999779969e-05
2.670000000000000000e+02 1.126775883465372933e-05
2.680000000000000000e+02 1.216163132289944614e-05
2.690000000000000000e+02 1.311920143590290146e-05
2.700000000000000000e+02 1.414448437599997451e-05
2.710000000000000000e+02 1.524171493309001077e-05
2.720000000000000000e+02 1.641535767353187282e-05
2.730000000000000000e+02 1.767011752452387724e-05
2.740000000000000000e+02 1.901095076742973411e-05
2.750000000000000000e+02 2.044307645401541803e-05
2.760000000000000000e+02 2.197198826008896731e-05
2.770000000000000000e+02 2.360346679158824296e-05
2.780000000000000000e+02 2.534359235874146250e-05
2.790000000000000000e+02 2.719875823453325495e-05
2.800000000000000000e+02 2.917568441434583638e-05
2.810000000000000000e+02 3.128143189431281511e-05
2.820000000000000000e+02 3.352341748662170020e-05
2.830000000000000000e+02 3.590942919073355577e-05
2.840000000000000000e+02 3.844764214025424553e-05
2.850000000000000000e+02 4.114663514599273443e-05
2.860000000000000000e+02 4.401540785658070729e-05
2.870000000000000000e+02 4.706339855890298958e-05
2.880000000000000000e+02 5.030050264150394938e-05
2.890000000000000000e+02 5.373709174509069526e-05
2.900000000000000000e+02 5.738403362525108694e-05
2.910000000000000000e+02 6.125271275354603271e-05
2.920000000000000000e+02 6.535505168421951291e-05
2.930000000000000000e+02 6.970353321490227873e-05
2.940000000000000000e+02 7.431122337086130459e-05
2.950000000000000000e+02 7.919179524357542615e-05
2.960000000000000000e+02 8.435955371569200077e-05
2.970000000000000000e+02 8.982946110574754818e-05
2.980000000000000000e+02 9.561716376741494227e-05
2.990000000000000000e+02 1.017390196794713461e-04
3.000000000000000000e+02 1.082121270641707629e-04
3.010000000000000000e+02 1.150543540732477179e-04
3.020000000000000000e+02 1.222843695823797928e-04
3.030000000000000000e+02 1.299216751365979861e-04
3.040000000000000000e+02 1.379866380908510888e-04
3.050000000000000000e+02 1.465005259917132757e-04
3.060000000000000000e+02 1.554855422480638804e-04
3.070000000000000000e+02 1.649648631404766015e-04
3.080000000000000000e+02 1.749626762210234276e-04
3.090000000000000000e+02 1.855042201572339058e-04
3.100000000000000000e+02 1.966158260760529131e-04
3.110000000000000000e+02 2.083249604658071676e-04
3.120000000000000000e+02 2.206602696964299478e-04
3.130000000000000000e+02 2.336516262204965221e-04
3.140000000000000000e+02 2.473301765200020441e-04
3.150000000000000000e+02 2.617283908662578970e-04
3.160000000000000000e+02 2.768801149628027512e-04
3.170000000000000000e+02 2.928206235438128883e-04
3.180000000000000000e+02 3.095866760031645653e-04
3.190000000000000000e+02 3.272165741320309990e-04
3.200000000000000000e+02 3.457502220457147972e-04
3.210000000000000000e+02 3.652291883833002338e-04
3.220000000000000000e+02 3.856967708666665488e-04
3.230000000000000000e+02 4.071980633084456170e-04
3.240000000000000000e+02 4.297800251616170340e-04
3.250000000000000000e+02 4.534915537066196568e-04
3.260000000000000000e+02 4.783835589751251152e-04
3.270000000000000000e+02 5.045090415129584258e-04
3.280000000000000000e+02 5.319231730880688439e-04
3.290000000000000000e+02 5.606833804529442935e-04
3.300000000000000000e+02 5.908494322744346251e-04
3.310000000000000000e+02 6.224835293475933836e-04
3.320000000000000000e+02 6.556503982138727100e-04
3.330000000000000000e+02 6.904173883077928484e-04
3.340000000000000000e+02 7.268545727600962724e-04
3.350000000000000000e+02 7.650348529893227778e-04
3.360000000000000000e+02 8.050340672177888884e-04
3.370000000000000000e+02 8.469311030520194862e-04
3.380000000000000000e+02 8.908080142718771775e-04
3.390000000000000000e+02 9.367501419768542925e-04
3.400000000000000000e+02 9.848462402423097117e-04
3.410000000000000000e+02 1.035188606442823947e-03
3.420000000000000000e+02 1.087873216404280181e-03
3.430000000000000000e+02 1.142999864550815715e-03
3.440000000000000000e+02 1.200672309217364672e-03
3.450000000000000000e+02 1.260998423303174350e-03
3.460000000000000000e+02 1.324090350446380021e-03
3.470000000000000000e+02 1.390064666904538854e-03
3.480000000000000000e+02 1.459042549330814799e-03
3.490000000000000000e+02 1.531149948640468141e-03
3.500000000000000000e+02 1.606517770167221462e-03
3.510000000000000000e+02 1.685282060314117168e-03
3.520000000000000000e+02 1.767584199908548044e-03
3.530000000000000000e+02 1.853571104476281831e-03
3.540000000000000000e+02 1.943395431654463580e-03
3.550000000000000000e+02 2.037215795968829683e-03
3.560000000000000000e+02 2.135196991205629523e-03
3.570000000000000000e+02 2.237510220614097583e-03
3.580000000000000000e+02 2.344333335180638547e-03
3.590000000000000000e+02 2.455851080221367957e-03
3.600000000000000000e+02 2.572255350545022985e-03
3.610000000000000000e+02 2.693745454443796823e-03
3.620000000000000000e+02 2.820528386775141526e-03
3.630000000000000000e+02 2.952819111403131268e-03
3.640000000000000000e+02 3.090840853273576008e-03
3.650000000000000000e+02 3.234825400402653508e-03
3.660000000000000000e+02 3.385013416064475925e-03
3.670000000000000000e+02 3.541654761468640295e-03
3.680000000000000000e+02 3.705008829224505119e-03
3.690000000000000000e+02 3.875344887894561444e-03
3.700000000000000000e+02 4.052942437945039958e-03
3.710000000000000000e+02 4.238091579407515276e-03
3.720000000000000000e+02 4.431093391571062565e-03
3.730000000000000000e+02 4.632260325030145183e-03
3.740000000000000000e+02 4.841916606419209915e-03
3.750000000000000000e+02 5.060398656170615912e-03
3.760000000000000000e+02 5.288055519638263681e-03
3.770000000000000000e+02 5.525249311934948664e-03
3.780000000000000000e+02 5.772355676837231074e-03
3.790000000000000000e+02 6.029764260117137856e-03
3.800000000000000000e+02 6.297879197665807484e-03
3.810000000000000000e+02 6.577119618779750723e-03
3.820000000000000000e+02 6.867920164985966310e-03
3.830000000000000000e+02 7.170731524787790981e-03
3.840000000000000000e+02 7.486020984718879702e-03
3.850000000000000000e+02 7.814272997098187581e-03
3.860000000000000000e+02 8.155989764884331861e-03
3.870000000000000000e+02 8.511691844033126425e-03
3.880000000000000000e+02 8.881918763767437247e-03
3.890000000000000000e+02 9.267229665173874406e-03
3.900000000000000000e+02 9.668203958546046570e-03
3.910000000000000000e+02 1.008544199989950055e-02
3.920000000000000000e+02 1.051956578708828846e-02
3.930000000000000000e+02 1.097121967595865270e-02
3.940000000000000000e+02 1.144107111697998183e-02
3.950000000000000000e+02 1.192981141279830272e-02
3.960000000000000000e+02 1.243815649716256515e-02
3.970000000000000000e+02 1.296684773567853902e-02
3.980000000000000000e+02 1.351665274885016296e-02
3.990000000000000000e+02 1.408836625787264485e-02
4.000000000000000000e+02 1.468281095364626365e-02
4.010000000000000000e+02 1.530083838948427880e-02
4.020000000000000000e+02 1.594332989799278691e-02
4.030000000000000000e+02 1.661119753260459006e-02
4.040000000000000000e+02 1.730538503425338784e-02
4.050000000000000000e+02 1.802686882367870308e-02
4.060000000000000000e+02 1.877665901985588193e-02
4.070000000000000000e+02 1.955580048504945365e-02
4.080000000000000000e+02 2.036537389699195205e-02
4.090000000000000000e+02 2.120649684869372470e-02
4.100000000000000000e+02 2.208032497639316610e-02
4.110000000000000000e+02 2.298805311615990249e-02
4.120000000000000000e+02 2.393091648966690771e-02
4.130000000000000000e+02 2.491019191965075999e-02
4.140000000000000000e+02 2.592719907558214965e-02
4.150000000000000000e+02 2.698330175007171081e-02
4.160000000000000000e+02 2.807990916653923391e-02
4.170000000000000000e+02 2.921847731867659864e-02
4.180000000000000000e+02 3.040051034223760495e-02
4.190000000000000000e+02 3.162756191969007258e-02
4.200000000000000000e+02 3.290123671826792467e-02
4.210000000000000000e+02 3.422319186196293855e-02
4.220000000000000000e+02 3.559513843799794880e-02
4.230000000000000000e+02 3.701884303832469331e-02
4.240000000000000000e+02 3.849612933669190051e-02
4.250000000000000000e+02 4.002887970182978511e-02
4.260000000000000000e+02 4.161903684729899300e-02
4.270000000000000000e+02 4.326860551855327142e-02
4.280000000000000000e+02 4.497965421776579931e-02
4.290000000000000000e+02 4.675431696697015388e-02
4.300000000000000000e+02 4.859479511006781216e-02
4.310000000000000000e+02 5.050335915425399613e-02
4.320000000000000000e+02 5.248235065141480110e-02
4.330000000000000000e+02 5.453418412004819998e-02
4.340000000000000000e+02 5.666134900826170356e-02
4.350000000000000000e+02 5.886641169839935961e-02
4.360000000000000000e+02 6.115201755385053090e-02
4.370000000000000000e+02 6.352089300859201093e-02
4.380000000000000000e+02 6.597584770001534149e-02
4.390000000000000000e+02 6.851977664558882297e-02
4.400000000000000000e+02 7.115566246390454819e-02
4.410000000000000000e+02 7.388657764065786893e-02
4.420000000000000000e+02 7.671568684010676709e-02
4.430000000000000000e+02 7.964624926255621518e-02
4.440000000000000000e+02 8.268162104841123017e-02
4.450000000000000000e+02 8.582525772934027075e-02
4.460000000000000000e+02 8.908071672708897659e-02
4.470000000000000000e+02 9.245165990048141713e-02
4.480000000000000000e+02 9.594185614114436600e-02
4.490000000000000000e+02 9.955518401848634236e-02
4.500000000000000000e+02 1.032956344744620919e-01
4.510000000000000000e+02 1.071673135686486145e-01
4.520000000000000000e+02 1.111744452741564582e-01
4.530000000000000000e+02 1.153213743248971274e-01
4.540000000000000000e+02 1.196125691147229969e-01
4.550000000000000000e+02 1.240526246489529472e-01
4.560000000000000000e+02 1.286462655487937146e-01
4.570000000000000000e+02 1.333983491091615403e-01
4.580000000000000000e+02 1.383138684104064375e-01
4.590000000000000000e+02 1.433979554844342641e-01
4.600000000000000000e+02 1.486558845357215108e-01
4.610000000000000000e+02 1.540930752177072094e-01
4.620000000000000000e+02 1.597150959650480984e-01
4.630000000000000000e+02 1.655276673822118350e-01
4.640000000000000000e+02 1.715366656888834829e-01
4.650000000000000000e+02 1.777481262226496828e-01
4.660000000000000000e+02 1.841682469994247173e-01
4.670000000000000000e+02 1.908033923320724967e-01
4.680000000000000000e+02 1.976600965076752980e-01
4.690000000000000000e+02 2.047450675238935147e-01
4.700000000000000000e+02 2.120651908848530109e-01
4.710000000000000000e+02 2.196275334569927629e-01
4.720000000000000000e+02 2.274393473852975578e-01
4.730000000000000000e+02 2.355080740703326403e-01
4.740000000000000000e+02 2.438413482064939186e-01
4.750000000000000000e+02 2.524470018818749106e-01
4.760000000000000000e+02 2.613330687401523855e-01
4.770000000000000000e+02 2.705077882048754767e-01
4.780000000000000000e+02 2.799796097665440686e-01
4.790000000000000000e+02 2.897571973328518236e-01
4.800000000000000000e+02 2.998494336424575302e-01
4.810000000000000000e+02 3.102654247426486767e-01
4.820000000000000000e+02 3.210145045312450818e-01
4.830000000000000000e+02 3.321062393630874188e-01
4.840000000000000000e+02 3.435504327214458642e-01
4.850000000000000000e+02 3.553571299546739448e-01
4.860000000000000000e+02 3.675366230784271604e-01
4.870000000000000000e+02 3.800994556437549132e-01
4.880000000000000000e+02 3.930564276713661154e-01
4.890000000000000000e+02 4.064186006523611283e-01
4.900000000000000000e+02 4.201973026157099778e-01
4.910000000000000000e+02 4.344041332627557872e-01
4.920000000000000000e+02 4.490509691689996141e-01
4.930000000000000000e+02 4.641499690534305334e-01
4.940000000000000000e+02 4.797135791156372786e-01
4.950000000000000000e+02 4.957545384409451916e-01
4.960000000000000000e+02 5.122858844737987472e-01
4.970000000000000000e+02 5.293209585596087008e-01
4.980000000000000000e+02 5.468734115552694730e-01
4.990000000000000000e+02 5.649572095085444445e-01
5.000000000000000000e+02 5.835866394065013507e-01
5.010000000000000000e+02 6.027763149931790743e-01
5.020000000000000000e+02 6.225411826566492612e-01
5.030000000000000000e+02 6.428965273856270812e-01
5.040000000000000000e+02 6.638579787957785694e-01
5.050000000000000000e+02 6.854415172258563338e-01
5.060000000000000000e+02 7.076634799037916368e-01
5.070000000000000000e+02 7.305405671828519854e-01
5.080000000000000000e+02 7.540898488479699235e-01
5.090000000000000000e+02 7.783287704923328443e-01
5.100000000000000000e+02 8.032751599643157547e-01
5.110000000000000000e+02 8.289472338848278277e-01
5.120000000000000000e+02 8.553636042351293600e-01
5.130000000000000000e+02 8.825432850151725406e-01
5.140000000000000000e+02 9.105056989724944483e-01
5.150000000000000000e+02 9.392706844016988077e-01
5.160000000000000000e+02 9.688585020145307203e-01
5.170000000000000000e+02 9.992898418805574723e-01
5.180000000000000000e+02 1.030585830438442096e+00
5.190000000000000000e+02 1.062768037577790370e+00
5.200000000000000000e+02 1.095858483791545490e+00
5.210000000000000000e+02 1.129879647398884801e+00
5.220000000000000000e+02 1.164854471838568273e+00
5.230000000000000000e+02 1.200806373032673013e+00
5.240000000000000000e+02 1.237759246820636871e+00
5.250000000000000000e+02 1.275737476463532083e+00
5.260000000000000000e+02 1.314765940218456386e+00
5.270000000000000000e+02 1.354870018982942792e+00
5.280000000000000000e+02 1.396075604009268334e+00
5.290000000000000000e+02 1.438409104688515683e+00
5.300000000000000000e+02 1.481897456404259072e+00
5.310000000000000000e+02 1.526568128455706219e+00
5.320000000000000000e+02 1.572449132050143250e+00
5.330000000000000000e+02 1.619569028364483021e+00
5.340000000000000000e+02 1.667956936675751400e+00
5.350000000000000000e+02 1.717642542560291252e+00
5.360000000000000000e+02 1.768656106161478059e+00
5.370000000000000000e+02 1.821028470525732246e+00
5.380000000000000000e+02 1.874791070006569749e+00
5.390000000000000000e+02 1.929975938736467667e+00
5.400000000000000000e+02 1.986615719166280103e+00
5.410000000000000000e+02 2.044743670671918423e+00
5.420000000000000000e+02 2.104393678228045683e+00
5.430000000000000000e+02 2.165600261148467265e+00
5.440000000000000000e+02 2.228398581892920838e+00
5.450000000000000000e+02 2.292824454939970114e+00
5.460000000000000000e+02 2.358914355725643119e+00
5.470000000000000000e+02 2.426705429647511902e+00
5.480000000000000000e+02 2.496235501133854839e+00
5.490000000000000000e+02 2.567543082777519636e+00
5.500000000000000000e+02 2.640667384534171269e+00
5.510000000000000000e+02 2.715648322984490104e+00
5.520000000000000000e+02 2.792526530659958262e+00
5.530000000000000000e+02 2.871343365431842543e+00
5.540000000000000000e+02 2.952140919962924048e+00
5.550000000000000000e+02 3.034962031221593914e+00
5.560000000000000000e+02 3.119850290057865738e+00
5.570000000000000000e+02 3.206850050840838851e+00
5.580000000000000000e+02 3.296006441157208311e+00
5.590000000000000000e+02 3.387365371570308703e+00
5.600000000000000000e+02 3.480973545439252081e+00
5.610000000000000000e+02 3.576878468797649369e+00
5.620000000000000000e+02 3.675128460291448018e+00
5.630000000000000000e+02 3.775772661175357037e+00
5.640000000000000000e+02 3.878861045367365534e+00
5.650000000000000000e+02 3.984444429560809020e+00
5.660000000000000000e+02 4.092574483393480733e+00
5.670000000000000000e+02 4.203303739673213357e+00
5.680000000000000000e+02 4.316685604659387998e+00
5.690000000000000000e+02 4.432774368399838849e+00
5.700000000000000000e+02 4.551625215122522050e+00
5.710000000000000000e+02 4.673294233681430043e+00
5.720000000000000000e+02 4.797838428056118154e+00
5.730000000000000000e+02 4.925315727904272300e+00
5.740000000000000000e+02 5.055784999166691662e+00
5.750000000000000000e+02 5.189306054724076134e+00
5.760000000000000000e+02 5.325939665105010157e+00
5.770000000000000000e+02 5.465747569244474136e+00
5.780000000000000000e+02 5.608792485292283914e+00
5.790000000000000000e+02 5.755138121470768198e+00
5.800000000000000000e+02 5.904849186981042664e+00
5.810000000000000000e+02 6.057991402957251026e+00
5.820000000000000000e+02 6.214631513467996804e+00
5.830000000000000000e+02 6.374837296564421329e+00
5.840000000000000000e+02 6.538677575374108208e+00
5.850000000000000000e+02 6.706222229240208499e+00
5.860000000000000000e+02 6.877542204905034318e+00
5.870000000000000000e+02 7.052709527737412998e+00
5.880000000000000000e+02 7.231797313003105465e+00
5.890000000000000000e+02 7.414879777177525000e+00
5.900000000000000000e+02 7.602032249300052946e+00
5.910000000000000000e+02 7.793331182369218624e+00
5.920000000000000000e+02 7.988854164777925426e+00
5.930000000000000000e+02 8.188679931788064081e+00
5.940000000000000000e+02 8.392888377043695058e+00
5.950000000000000000e+02 8.601560564122031849e+00
5.960000000000000000e+02 8.814778738121473722e+00
5.970000000000000000e+02 9.032626337285901030e+00
5.980000000000000000e+02 9.255188004664434587e+00
5.990000000000000000e+02 9.482549599805885521e+00
6.000000000000000000e+02 9.714798210487071373e+00
6.010000000000000000e+02 9.952022164474245258e+00
6.020000000000000000e+02 1.019431104131676236e+01
6.030000000000000000e+02 1.044175568417222166e+01
6.040000000000000000e+02 1.069444821166225168e+01
6.050000000000000000e+02 1.095248202975809271e+01
6.060000000000000000e+02 1.121595184369517817e+01
6.070000000000000000e+02 1.148495366991586941e+01
6.080000000000000000e+02 1.175958484803948068e+01
6.090000000000000000e+02 1.203994405285880909e+01
6.100000000000000000e+02 1.232613130636224597e+01
6.110000000000000000e+02 1.261824798978069317e+01
6.120000000000000000e+02 1.291639685565836615e+01
6.130000000000000000e+02 1.322068203994667179e+01
6.140000000000000000e+02 1.353120907412025176e+01
6.150000000000000000e+02 1.384808489731437398e+01
6.160000000000000000e+02 1.417141786848278251e+01
6.170000000000000000e+02 1.450131777857504645e+01
6.180000000000000000e+02 1.483789586273273287e+01
6.190000000000000000e+02 1.518126481250329185e+01
6.200000000000000000e+02 1.553153878807091459e+01
6.210000000000000000e+02 1.588883343050347285e+01
6.220000000000000000e+02 1.625326587401452372e+01
6.230000000000000000e+02 1.662495475823969215e+01
6.240000000000000000e+02 1.700402024052633365e+01
6.250000000000000000e+02 1.739058400823572015e+01
6.260000000000000000e+02 1.778476929105678295e+01
6.270000000000000000e+02 1.818670087333050844e+01
6.280000000000000000e+02 1.859650510638415355e+01
6.290000000000000000e+02 1.901430992087428606e+01
6.300000000000000000e+02 1.944024483913776891e+01
6.310000000000000000e+02 1.987444098754986399e+01
6.320000000000000000e+02 2.031703110888836861e+01
6.330000000000000000e+02 2.076814957470309508e+01
6.340000000000000000e+02 2.122793239768953910e+01
6.350000000000000000e+02 2.169651724406614335e+01
6.360000000000000000e+02 2.217404344595378873e+01
6.370000000000000000e+02 2.266065201375707971e+01
6.380000000000000000e+02 2.315648564854618030e+01
6.390000000000000000e+02 2.366168875443848663e+01
6.400000000000000000e+02 2.417640745097894950e+01
6.410000000000000000e+02 2.470078958551852111e+01
6.420000000000000000e+02 2.523498474558943983e+01
6.430000000000000000e+02 2.577914427127665320e+01
6.440000000000000000e+02 2.633342126758441992e+01
6.450000000000000000e+02 2.689797061679709955e+01
6.460000000000000000e+02 2.747294899083331998e+01
6.470000000000000000e+02 2.805851486359256342e+01
6.480000000000000000e+02 2.865482852329317964e+01
6.490000000000000000e+02 2.926205208480106634e+01
6.500000000000000000e+02 2.988034950194801453e+01
6.510000000000000000e+02 3.050988657983877061e+01
6.520000000000000000e+02 3.115083098714595522e+01
6.530000000000000000e+02 3.180335226839195428e+01
6.540000000000000000e+02 3.246762185621683017e+01
6.550000000000000000e+02 3.314381308363137890e+01
6.560000000000000000e+02 3.383210119625425705e+01
6.570000000000000000e+02 3.453266336453278029e+01
6.580000000000000000e+02 3.524567869594569913e+01
6.590000000000000000e+02 3.597132824718777755e+01
6.600000000000000000e+02 3.670979503633495966e+01
6.610000000000000000e+02 3.746126405498914380e+01
6.620000000000000000e+02 3.822592228040187479e+01
6.630000000000000000e+02 3.900395868757595963e+01
6.640000000000000000e+02 3.979556426134414693e+01
6.650000000000000000e+02 4.060093200842395333e+01
6.660000000000000000e+02 4.142025696944769919e+01
6.670000000000000000e+02 4.225373623096712805e+01
6.680000000000000000e+02 4.310156893743135953e+01
6.690000000000000000e+02 4.396395630313759995e+01
6.700000000000000000e+02 4.484110162415359468e+01
6.710000000000000000e+02 4.573321029021100514e+01
6.720000000000000000e+02 4.664048979656878657e+01
6.730000000000000000e+02 4.756314975584586335e+01
6.740000000000000000e+02 4.850140190982198618e+01
6.750000000000000000e+02 4.945546014120611034e+01
6.760000000000000000e+02 5.042554048537145661e+01
6.770000000000000000e+02 5.141186114205624591e+01
6.780000000000000000e+02 5.241464248702955331e+01
6.790000000000000000e+02 5.343410708372087470e+01
6.800000000000000000e+02 5.447047969481337759e+01
6.810000000000000000e+02 5.552398729379930131e+01
6.820000000000000000e+02 5.659485907649708025e+01
6.830000000000000000e+02 5.768332647252915990e+01
6.840000000000000000e+02 5.878962315675983774e+01
6.850000000000000000e+02 5.991398506069225505e+01
6.860000000000000000e+02 6.105665038382352350e+01
6.870000000000000000e+02 6.221785960495773793e+01
6.880000000000000000e+02 6.339785549347543281e+01
6.890000000000000000e+02 6.459688312055899928e+01
6.900000000000000000e+02 6.581518987037343038e+01
6.910000000000000000e+02 6.705302545120117941e+01
6.920000000000000000e+02 6.831064190653077617e+01
6.930000000000000000e+02 6.958829362609823477e+01
6.940000000000000000e+02 7.088623735688027239e+01
6.950000000000000000e+02 7.220473221403912589e+01
6.960000000000000000e+02 7.354403969181765888e+01
6.970000000000000000e+02 7.490442367438410542e+01
6.980000000000000000e+02 7.628615044662633693e+01
6.990000000000000000e+02 7.768948870489370506e+01
7.000000000000000000e+02 7.911470956768688723e+01
7.010000000000000000e+02 8.056208658629427077e+01
7.020000000000000000e+02 8.203189575537459177e+01
7.030000000000000000e+02 8.352441552348479092e+01
7.040000000000000000e+02 8.503992680355241873e+01
7.050000000000000000e+02 8.657871298329224885e+01
7.060000000000000000e+02 8.814105993556563590e+01
7.070000000000000000e+02 8.972725602868293038e+01
7.080000000000000000e+02 9.133759213664727383e+01
7.090000000000000000e+02 9.297236164933973157e+01
7.100000000000000000e+02 9.463186048264489614e+01
7.110000000000000000e+02 9.631638708851617992e+01
7.120000000000000000e+02 9.802624246498028526e+01
7.130000000000000000e+02 9.976173016608017008e+01
7.140000000000000000e+02 1.015231563117555709e+02
7.150000000000000000e+02 1.033108295976611686e+02
7.160000000000000000e+02 1.051250613049205924e+02
7.170000000000000000e+02 1.069661653098169580e+02
7.180000000000000000e+02 1.088344580934183199e+02
7.190000000000000000e+02 1.107302587511375407e+02
7.200000000000000000e+02 1.126538890022266770e+02
7.210000000000000000e+02 1.146056731992043325e+02
7.220000000000000000e+02 1.165859383372160636e+02
7.230000000000000000e+02 1.185950140633266443e+02
7.240000000000000000e+02 1.206332326857446304e+02
7.250000000000000000e+02 1.227009291829768642e+02
7.260000000000000000e+02 1.247984412129146392e+02
7.270000000000000000e+02 1.269261091218486968e+02
7.280000000000000000e+02 1.290842759534142772e+02
7.290000000000000000e+02 1.312732874574644200e+02
7.300000000000000000e+02 1.334934920988719966e+02
7.310000000000000000e+02 1.357452410662586999e+02
7.320000000000000000e+02 1.380288882806518984e+02
7.330000000000000000e+02 1.403447904040676519e+02
7.340000000000000000e+02 1.426933068480199154e+02
7.350000000000000000e+02 1.450747997819552211e+02
7.360000000000000000e+02 1.474896341416128678e+02
7.370000000000000000e+02 1.499381776373088258e+02
7.380000000000000000e+02 1.524208007621444949e+02
7.390000000000000000e+02 1.549378768001388096e+02
7.400000000000000000e+02 1.574897818342831215e+02
7.410000000000000000e+02 1.600768947545192589e+02
7.420000000000000000e+02 1.626995972656390563e+02
7.430000000000000000e+02 1.653582738951065778e+02
7.440000000000000000e+02 1.680533120008003323e+02
7.450000000000000000e+02 1.707851017786774719e+02
7.460000000000000000e+02 1.735540362703576136e+02
7.470000000000000000e+02 1.763605113706269947e+02
7.480000000000000000e+02 1.792049258348616547e+02
7.490000000000000000e+02 1.820876812863706959e+02
7.500000000000000000e+02 1.850091822236569783e+02
7.510000000000000000e+02 1.879698360275970117e+02
7.520000000000000000e+02 1.909700529685385391e+02
7.530000000000000000e+02 1.940102462133153836e+02
7.540000000000000000e+02 1.970908318321798163e+02
7.550000000000000000e+02 2.002122288056513071e+02
7.560000000000000000e+02 2.033748590312819147e+02
7.570000000000000000e+02 2.065791473303377472e+02
7.580000000000000000e+02 2.098255214543957550e+02
7.590000000000000000e+02 2.131144120918564511e+02
7.600000000000000000e+02 2.164462528743710550e+02
7.610000000000000000e+02 2.198214803831836832e+02
7.620000000000000000e+02 2.232405341553878486e+02
7.630000000000000000e+02 2.267038566900963872e+02
7.640000000000000000e+02 2.302118934545268303e+02
7.650000000000000000e+02 2.337650928899977316e+02
7.660000000000000000e+02 2.373639064178400986e+02
7.670000000000000000e+02 2.410087884452211142e+02
7.680000000000000000e+02 2.447001963708798371e+02
7.690000000000000000e+02 2.484385905907762435e+02
7.700000000000000000e+02 2.522244345036512811e+02
7.710000000000000000e+02 2.560581945164993272e+02
7.720000000000000000e+02 2.599403400499521126e+02
7.730000000000000000e+02 2.638713435435735164e+02
7.740000000000000000e+02 2.678516804610661666e+02
7.750000000000000000e+02 2.718818292953878881e+02
7.760000000000000000e+02 2.759622715737792191e+02
7.770000000000000000e+02 2.800934918627018533e+02
7.780000000000000000e+02 2.842759777726864172e+02
7.790000000000000000e+02 2.885102199630897530e+02
7.800000000000000000e+02 2.927967121467638663e+02
7.810000000000000000e+02 2.971359510946329010e+02
7.820000000000000000e+02 3.015284366401791658e+02
7.830000000000000000e+02 3.059746716838401426e+02
7.840000000000000000e+02 3.104751621973124998e+02
7.850000000000000000e+02 3.150304172277669750e+02
7.860000000000000000e+02 3.196409489019700914e+02
7.870000000000000000e+02 3.243072724303158907e+02
7.880000000000000000e+02 3.290299061107655803e+02
7.890000000000000000e+02 3.338093713326952638e+02
7.900000000000000000e+02 3.386461925806522117e+02
7.910000000000000000e+02 3.435408974380188738e+02
7.920000000000000000e+02 3.484940165905853746e+02
7.930000000000000000e+02 3.535060838300296382e+02
7.940000000000000000e+02 3.585776360573038914e+02
7.950000000000000000e+02 3.637092132859316962e+02
7.960000000000000000e+02 3.689013586452101094e+02
7.970000000000000000e+02 3.741546183833195300e+02
7.980000000000000000e+02 3.794695418703426526e+02
7.990000000000000000e+02 3.848466816011885498e+02
8.000000000000000000e+02 3.902865931984256918e+02
8.010000000000000000e+02 3.957898354150211162e+02
8.020000000000000000e+02 4.013569701369876270e+02
8.030000000000000000e+02 4.069885623859374846e+02
8.040000000000000000e+02 4.126851803215431573e+02
8.050000000000000000e+02 4.184473952439055893e+02
8.060000000000000000e+02 4.242757815958291872e+02
8.070000000000000000e+02 4.301709169650035278e+02
8.080000000000000000e+02 4.361333820860932633e+02
8.090000000000000000e+02 4.421637608427331543e+02
8.100000000000000000e+02 4.482626402694311878e+02
8.110000000000000000e+02 4.544306105533797222e+02
8.120000000000000000e+02 4.606682650361709648e+02
8.130000000000000000e+02 4.669762002154217271e+02
8.140000000000000000e+02 4.733550157463051278e+02
8.150000000000000000e+02 4.798053144429872532e+02
8.160000000000000000e+02 4.863277022799737210e+02
8.170000000000000000e+02 4.929227883933616567e+02
8.180000000000000000e+02 4.995911850819992992e+02
8.190000000000000000e+02 5.063335078085528949e+02
8.200000000000000000e+02 5.131503752004807666e+02
8.210000000000000000e+02 5.200424090509153530e+02
8.220000000000000000e+02 5.270102343194514560e+02
8.230000000000000000e+02 5.340544791328438805e+02
8.240000000000000000e+02 5.411757747856103151e+02
8.250000000000000000e+02 5.483747557405437192e+02
8.260000000000000000e+02 5.556520596291329639e+02
8.270000000000000000e+02 5.630083272518882040e+02
8.280000000000000000e+02 5.704442025785778014e+02
8.290000000000000000e+02 5.779603327483722524e+02
8.300000000000000000e+02 5.855573680698948920e+02
8.310000000000000000e+02 5.932359620211818765e+02
8.320000000000000000e+02 6.009967712495524665e+02
8.330000000000000000e+02 6.088404555713840409e+02
8.340000000000000000e+02 6.167676779717988893e+02
8.350000000000000000e+02 6.247791046042591461e+02
8.360000000000000000e+02 6.328754047900697515e+02
8.370000000000000000e+02 6.410572510177922823e+02
8.380000000000000000e+02 6.493253189425652181e+02
8.390000000000000000e+02 6.576802873853382607e+02
8.400000000000000000e+02 6.661228383320110424e+02
8.410000000000000000e+02 6.746536569324855463e+02
8.420000000000000000e+02 6.832734314996250760e+02
8.430000000000000000e+02 6.919828535081288692e+02
8.440000000000000000e+02 7.007826175933099648e+02
8.450000000000000000e+02 7.096734215497890546e+02
8.460000000000000000e+02 7.186559663300965894e+02
8.470000000000000000e+02 7.277309560431859836e+02
8.480000000000000000e+02 7.368990979528592788e+02
8.490000000000000000e+02 7.461611024761020872e+02
8.500000000000000000e+02 7.555176831813308809e+02
8.510000000000000000e+02 7.649695567865529711e+02
8.520000000000000000e+02 7.745174431574379241e+02
8.530000000000000000e+02 7.841620653052989383e+02
8.540000000000000000e+02 7.939041493849911149e+02
8.550000000000000000e+02 8.037444246927187805e+02
8.560000000000000000e+02 8.136836236637554975e+02
8.570000000000000000e+02 8.237224818700802871e+02
8.580000000000000000e+02 8.338617380179247220e+02
8.590000000000000000e+02 8.441021339452337315e+02
8.600000000000000000e+02 8.544444146190411402e+02
8.610000000000000000e+02 8.648893281327599425e+02
8.620000000000000000e+02 8.754376257033841284e+02
8.630000000000000000e+02 8.860900616686079729e+02
8.640000000000000000e+02 8.968473934838600599e+02
8.650000000000000000e+02 9.077103817192496535e+02
8.660000000000000000e+02 9.186797900564338306e+02
8.670000000000000000e+02 9.297563852853934350e+02
8.680000000000000000e+02 9.409409373011308162e+02
8.690000000000000000e+02 9.522342191002816207e+02
8.700000000000000000e+02 9.636370067776434780e+02
8.710000000000000000e+02 9.751500795226203309e+02
8.720000000000000000e+02 9.867742196155861620e+02
8.730000000000000000e+02 9.985102124241644788e+02
8.740000000000000000e+02 1.010358846399427080e+03
8.750000000000000000e+02 1.022320913072009262e+03
8.760000000000000000e+02 1.034397207048144764e+03
8.770000000000000000e+02 1.046588526005617041e+03
8.780000000000000000e+02 1.058895670689635381e+03
8.790000000000000000e+02 1.071319444908622927e+03
8.800000000000000000e+02 1.083860655529929318e+03
8.810000000000000000e+02 1.096520112475461019e+03
8.820000000000000000e+02 1.109298628717236397e+03
8.830000000000000000e+02 1.122197020272850978e+03
8.840000000000000000e+02 1.135216106200878585e+03
8.850000000000000000e+02 1.148356708596180624e+03
8.860000000000000000e+02 1.161619652585145104e+03
8.870000000000000000e+02 1.175005766320844032e+03
8.880000000000000000e+02 1.188515880978113501e+03
8.890000000000000000e+02 1.202150830748557837e+03
8.900000000000000000e+02 1.215911452835478030e+03
8.910000000000000000e+02 1.229798587448717853e+03
8.920000000000000000e+02 1.243813077799439725e+03
8.930000000000000000e+02 1.257955770094824402e+03
8.940000000000000000e+02 1.272227513532689954e+03
8.950000000000000000e+02 1.286629160296042301e+03
8.960000000000000000e+02 1.301161565547543660e+03
8.970000000000000000e+02 1.315825587423916431e+03
8.980000000000000000e+02 1.330622087030263174e+03
8.990000000000000000e+02 1.345551928434318825e+03
9.000000000000000000e+02 1.360615978660625842e+03
9.010000000000000000e+02 1.375815107684643635e+03
9.020000000000000000e+02 1.391150188426773866e+03
9.030000000000000000e+02 1.406622096746325724e+03
9.040000000000000000e+02 1.422231711435402076e+03
9.050000000000000000e+02 1.437979914212715812e+03
9.060000000000000000e+02 1.453867589717334795e+03
9.070000000000000000e+02 1.469895625502360872e+03
9.080000000000000000e+02 1.486064912028530671e+03
9.090000000000000000e+02 1.502376342657753185e+03
9.100000000000000000e+02 1.518830813646576644e+03
9.110000000000000000e+02 1.535429224139581038e+03
9.120000000000000000e+02 1.552172476162712655e+03
9.130000000000000000e+02 1.569061474616539954e+03
9.140000000000000000e+02 1.586097127269448038e+03
9.150000000000000000e+02 1.603280344750762424e+03
9.160000000000000000e+02 1.620612040543809371e+03
9.170000000000000000e+02 1.638093130978904583e+03
9.180000000000000000e+02 1.655724535226280523e+03
9.190000000000000000e+02 1.673507175288947792e+03
9.200000000000000000e+02 1.691441975995485109e+03
9.210000000000000000e+02 1.709529864992774037e+03
9.220000000000000000e+02 1.727771772738659593e+03
9.230000000000000000e+02 1.746168632494555595e+03
9.240000000000000000e+02 1.764721380317976354e+03
9.250000000000000000e+02 1.783430955055018785e+03
9.260000000000000000e+02 1.802298298332766990e+03
9.270000000000000000e+02 1.821324354551645911e+03
9.280000000000000000e+02 1.840510070877702447e+03
9.290000000000000000e+02 1.859856397234838823e+03
9.300000000000000000e+02 1.879364286296972978e+03
9.310000000000000000e+02 1.899034693480140049e+03
9.320000000000000000e+02 1.918868576934541352e+03
9.330000000000000000e+02 1.938866897536524220e+03
9.340000000000000000e+02 1.959030618880510019e+03
9.350000000000000000e+02 1.979360707270853709e+03
9.360000000000000000e+02 1.999858131713657485e+03
9.370000000000000000e+02 2.020523863908515750e+03
9.380000000000000000e+02 2.041358878240206650e+03
9.390000000000000000e+02 2.062364151770328135e+03
9.400000000000000000e+02 2.083540664228873993e+03
9.410000000000000000e+02 2.104889398005754174e+03
9.420000000000000000e+02 2.126411338142259865e+03
9.430000000000000000e+02 2.148107472322476042e+03
9.440000000000000000e+02 2.169978790864630355e+03
9.450000000000000000e+02 2.192026286712398814e+03
9.460000000000000000e+02 2.214250955426150085e+03
9.470000000000000000e+02 2.236653795174136121e+03
9.480000000000000000e+02 2.259235806723629139e+03
9.490000000000000000e+02 2.281997993432015846e+03
9.500000000000000000e+02 2.304941361237820274e+03
9.510000000000000000e+02 2.328066918651695232e+03
9.520000000000000000e+02 2.351375676747345096e+03
9.530000000000000000e+02 2.374868649152411308e+03
9.540000000000000000e+02 2.398546852039297846e+03
9.550000000000000000e+02 2.422411304115946223e+03
9.560000000000000000e+02 2.446463026616572279e+03
9.570000000000000000e+02 2.470703043292338862e+03
9.580000000000000000e+02 2.495132380401990304e+03
9.590000000000000000e+02 2.519752066702432785e+03
9.600000000000000000e+02 2.544563133439269222e+03
9.610000000000000000e+02 2.569566614337285500e+03
9.620000000000000000e+02 2.594763545590891681e+03
9.630000000000000000e+02 2.620154965854515012e+03
9.640000000000000000e+02 2.645741916232944277e+03
9.650000000000000000e+02 2.671525440271635034e+03
9.660000000000000000e+02 2.697506583946963929e+03
9.670000000000000000e+02 2.723686395656437526e+03
9.680000000000000000e+02 2.750065926208864312e+03
9.690000000000000000e+02 2.776646228814472579e+03
9.700000000000000000e+02 2.803428359074991931e+03
9.710000000000000000e+02 2.830413374973691589e+03
9.720000000000000000e+02 2.857602336865371399e+03
9.730000000000000000e+02 2.884996307466313738e+03
9.740000000000000000e+02 2.912596351844194032e+03
9.750000000000000000e+02 2.940403537407949443e+03
9.760000000000000000e+02 2.968418933897607076e+03
9.770000000000000000e+02 2.996643613374072629e+03
9.780000000000000000e+02 3.025078650208872205e+03
9.790000000000000000e+02 3.053725121073866376e+03
9.800000000000000000e+02 3.082584104930916965e+03
9.810000000000000000e+02 3.111656683021518802e+03
9.820000000000000000e+02 3.140943938856390560e+03
9.830000000000000000e+02 3.170446958205025112e+03
9.840000000000000000e+02 3.200166829085214431e+03
9.850000000000000000e+02 3.230104641752527641e+03
9.860000000000000000e+02 3.260261488689749513e+03
9.870000000000000000e+02 3.290638464596293488e+03
9.880000000000000000e+02 3.321236666377575602e+03
9.890000000000000000e+02 3.352057193134345653e+03
9.900000000000000000e+02 3.383101146151992452e+03
9.910000000000000000e+02 3.414369628889820433e+03
9.920000000000000000e+02 3.445863746970266675e+03
9.930000000000000000e+02 3.477584608168120667e+03
9.940000000000000000e+02 3.509533322399678582e+03
9.950000000000000000e+02 3.541711001711888912e+03
9.960000000000000000e+02 3.574118760271448991e+03
9.970000000000000000e+02 3.606757714353884694e+03
9.980000000000000000e+02 3.639628982332582837e+03
9.990000000000000000e+02 3.672733684667808120e+03
