# BB temperature (K); Intensity through filter (ph/s/m^2/mas^2)
1.000000000000000000e+01 0.000000000000000000e+00
1.100000000000000000e+01 0.000000000000000000e+00
1.200000000000000000e+01 0.000000000000000000e+00
1.300000000000000000e+01 0.000000000000000000e+00
1.400000000000000000e+01 0.000000000000000000e+00
1.500000000000000000e+01 0.000000000000000000e+00
1.600000000000000000e+01 0.000000000000000000e+00
1.700000000000000000e+01 0.000000000000000000e+00
1.800000000000000000e+01 0.000000000000000000e+00
1.900000000000000000e+01 0.000000000000000000e+00
2.000000000000000000e+01 0.000000000000000000e+00
2.100000000000000000e+01 9.407249168615111156e-108
2.200000000000000000e+01 9.953579424484173538e-103
2.300000000000000000e+01 3.854489274875862326e-98
2.400000000000000000e+01 6.193878724228020335e-94
2.500000000000000000e+01 4.589669365937798534e-90
2.600000000000000000e+01 1.714714005938674877e-86
2.700000000000000000e+01 3.485145848677684764e-83
2.800000000000000000e+01 4.113203163892482398e-80
2.900000000000000000e+01 2.981788431661894871e-77
3.000000000000000000e+01 1.394008449837488373e-74
3.100000000000000000e+01 4.385022564118347524e-72
3.200000000000000000e+01 9.632071844205299794e-70
3.300000000000000000e+01 1.526437652490725942e-67
3.400000000000000000e+01 1.796195245146533014e-65
3.500000000000000000e+01 1.609972167163276310e-63
3.600000000000000000e+01 1.124394498265164000e-61
3.700000000000000000e+01 6.243611021084343705e-60
3.800000000000000000e+01 2.806900741461466029e-58
3.900000000000000000e+01 1.038350866544556545e-56
4.000000000000000000e+01 3.207258389444543441e-55
4.100000000000000000e+01 8.381552251752979782e-54
4.200000000000000000e+01 1.875418970873966650e-52
4.300000000000000000e+01 3.632087023838622906e-51
4.400000000000000000e+01 6.148538144598759472e-50
4.500000000000000000e+01 9.179923520598296708e-49
4.600000000000000000e+01 1.218746119638314792e-47
4.700000000000000000e+01 1.449597351289661370e-46
4.800000000000000000e+01 1.555333361165731592e-45
4.900000000000000000e+01 1.514886954973836571e-44
5.000000000000000000e+01 1.347216146385440483e-43
5.100000000000000000e+01 1.099807782300548055e-42
5.200000000000000000e+01 8.282517170457081645e-42
5.300000000000000000e+01 5.780372538059869621e-41
5.400000000000000000e+01 3.754329438855624153e-40
5.500000000000000000e+01 2.278209849845140479e-39
5.600000000000000000e+01 1.296343514293386455e-38
5.700000000000000000e+01 6.940342238412146885e-38
5.800000000000000000e+01 3.507067948357300340e-37
5.900000000000000000e+01 1.677588193202609899e-36
6.000000000000000000e+01 7.617190569053960226e-36
6.100000000000000000e+01 3.291432313776226785e-35
6.200000000000000000e+01 1.356739024391732838e-34
6.300000000000000000e+01 5.346918651758578403e-34
6.400000000000000000e+01 2.018926057076376697e-33
6.500000000000000000e+01 7.318200912148787393e-33
6.600000000000000000e+01 2.551296169806709462e-32
6.700000000000000000e+01 8.569343324392218718e-32
6.800000000000000000e+01 2.777648400434300135e-31
6.900000000000000000e+01 8.702052426435328651e-31
7.000000000000000000e+01 2.638846251164910915e-30
7.100000000000000000e+01 7.756254616623530972e-30
7.200000000000000000e+01 2.212585337335736899e-29
7.300000000000000000e+01 6.133261992487687059e-29
7.400000000000000000e+01 1.653983616158538068e-28
7.500000000000000000e+01 4.344070564481186788e-28
7.600000000000000000e+01 1.112349252645336724e-27
7.700000000000000000e+01 2.779669967710643442e-27
7.800000000000000000e+01 6.785161980295628506e-27
7.900000000000000000e+01 1.619305023335236839e-26
8.000000000000000000e+01 3.781514648950794690e-26
8.100000000000000000e+01 8.648099714527629220e-26
8.200000000000000000e+01 1.938319847289009593e-25
8.300000000000000000e+01 4.260848858933965700e-25
8.400000000000000000e+01 9.192503055544679211e-25
8.500000000000000000e+01 1.947714419015075044e-24
8.600000000000000000e+01 4.055497680183219362e-24
8.700000000000000000e+01 8.303312534761017010e-24
8.800000000000000000e+01 1.672615334617168801e-23
8.900000000000000000e+01 3.316776027111034552e-23
9.000000000000000000e+01 6.477970291125182766e-23
9.100000000000000000e+01 1.246757116504812056e-22
9.200000000000000000e+01 2.365662441238366335e-22
9.300000000000000000e+01 4.427419644595794527e-22
9.400000000000000000e+01 8.176474948898018077e-22
9.500000000000000000e+01 1.490670102733897901e-21
9.600000000000000000e+01 2.683934282129399013e-21
9.700000000000000000e+01 4.774246173892206805e-21
9.800000000000000000e+01 8.393463039521361895e-21
9.900000000000000000e+01 1.458933009808368295e-20
1.000000000000000000e+02 2.508045984945267795e-20
1.010000000000000000e+02 4.265637351745496403e-20
1.020000000000000000e+02 7.179883455444422166e-20
1.030000000000000000e+02 1.196374966742673020e-19
1.040000000000000000e+02 1.974058755980518292e-19
1.050000000000000000e+02 3.226392750005922527e-19
1.060000000000000000e+02 5.224632791135478840e-19
1.070000000000000000e+02 8.384714900483169334e-19
1.080000000000000000e+02 1.333899957049807503e-18
1.090000000000000000e+02 2.104093864089290187e-18
1.100000000000000000e+02 3.291656591159532873e-18
1.110000000000000000e+02 5.108207494080905168e-18
1.120000000000000000e+02 7.865398210117782085e-18
1.130000000000000000e+02 1.201880644000471713e-17
1.140000000000000000e+02 1.822961545776298332e-17
1.150000000000000000e+02 2.745069132352572201e-17
1.160000000000000000e+02 4.104590645648931562e-17
1.170000000000000000e+02 6.095447597284697588e-17
1.180000000000000000e+02 8.991585592376934239e-17
1.190000000000000000e+02 1.317756272924611403e-16
1.200000000000000000e+02 1.918990348916334364e-16
1.210000000000000000e+02 2.777268060209400976e-16
1.220000000000000000e+02 3.995179522812103208e-16
1.230000000000000000e+02 5.713369569469104762e-16
1.240000000000000000e+02 8.123586671440047183e-16
1.250000000000000000e+02 1.148584058160395773e-15
1.260000000000000000e+02 1.615084664197643415e-15
1.270000000000000000e+02 2.258923878033750116e-15
1.280000000000000000e+02 3.142940690827344323e-15
1.290000000000000000e+02 4.350627154037741921e-15
1.300000000000000000e+02 5.992386508711465299e-15
1.310000000000000000e+02 8.213526412547010811e-15
1.320000000000000000e+02 1.120442316248050938e-14
1.330000000000000000e+02 1.521339074588145419e-14
1.340000000000000000e+02 2.056290580534787450e-14
1.350000000000000000e+02 2.766997942136197873e-14
1.360000000000000000e+02 3.707163269878390422e-14
1.370000000000000000e+02 4.945662967092785899e-14
1.380000000000000000e+02 6.570485272731826640e-14
1.390000000000000000e+02 8.693597793002310084e-14
1.400000000000000000e+02 1.145694261440330517e-13
1.410000000000000000e+02 1.503979374899053483e-13
1.420000000000000000e+02 1.966775485901743973e-13
1.430000000000000000e+02 2.562372525748608814e-13
1.440000000000000000e+02 3.326121998316500057e-13
1.450000000000000000e+02 4.302049629290578988e-13
1.460000000000000000e+02 5.544801528564062799e-13
1.470000000000000000e+02 7.121985475702567188e-13
1.480000000000000000e+02 9.116978907300468252e-13
1.490000000000000000e+02 1.163228652471918704e-12
1.500000000000000000e+02 1.479354330292410838e-12
1.510000000000000000e+02 1.875427322977250867e-12
1.520000000000000000e+02 2.370153051642770293e-12
1.530000000000000000e+02 2.986256848266133752e-12
1.540000000000000000e+02 3.751270203786173425e-12
1.550000000000000000e+02 4.698455286519579596e-12
1.560000000000000000e+02 5.867889230179669597e-12
1.570000000000000000e+02 7.307732573506109264e-12
1.580000000000000000e+02 9.075709436098099697e-12
1.590000000000000000e+02 1.124083056456175474e-11
1.600000000000000000e+02 1.388539430798602060e-11
1.610000000000000000e+02 1.710730491186599436e-11
1.620000000000000000e+02 2.102275228605788166e-11
1.630000000000000000e+02 2.576930263764207834e-11
1.640000000000000000e+02 3.150945509742774791e-11
1.650000000000000000e+02 3.843472574420982550e-11
1.660000000000000000e+02 4.677032727989589417e-11
1.670000000000000000e+02 5.678052006846215237e-11
1.680000000000000000e+02 6.877471836057647697e-11
1.690000000000000000e+02 8.311444432278154389e-11
1.700000000000000000e+02 1.002212320152997695e-10
1.710000000000000000e+02 1.205855937564818502e-10
1.720000000000000000e+02 1.447771724159230710e-10
1.730000000000000000e+02 1.734562151340560249e-10
1.740000000000000000e+02 2.073865168156618891e-10
1.750000000000000000e+02 2.474499955304889046e-10
1.760000000000000000e+02 2.946630767183538218e-10
1.770000000000000000e+02 3.501950788809131329e-10
1.780000000000000000e+02 4.153888102896677140e-10
1.790000000000000000e+02 4.917836041912155358e-10
1.800000000000000000e+02 5.811410390871372297e-10
1.810000000000000000e+02 6.854736109473172896e-10
1.820000000000000000e+02 8.070766457210617299e-10
1.830000000000000000e+02 9.485637632780502614e-10
1.840000000000000000e+02 1.112906227977592820e-09
1.850000000000000000e+02 1.303476546464956247e-09
1.860000000000000000e+02 1.524096700061028065e-09
1.870000000000000000e+02 1.779091427277949884e-09
1.880000000000000000e+02 2.073347001587778103e-09
1.890000000000000000e+02 2.412375980621140446e-09
1.900000000000000000e+02 2.802388435502793500e-09
1.910000000000000000e+02 3.250370203063224216e-09
1.920000000000000000e+02 3.764168739219296196e-09
1.930000000000000000e+02 4.352587188908797661e-09
1.940000000000000000e+02 5.025487326607093394e-09
1.950000000000000000e+02 5.793902061659024554e-09
1.960000000000000000e+02 6.670158244432163247e-09
1.970000000000000000e+02 7.668010552642526532e-09
1.980000000000000000e+02 8.802787282119696476e-09
1.990000000000000000e+02 1.009154891276142860e-08
2.000000000000000000e+02 1.155326036847024699e-08
2.010000000000000000e+02 1.320897793945467451e-08
2.020000000000000000e+02 1.508205188639912644e-08
2.030000000000000000e+02 1.719834579864042668e-08
2.040000000000000000e+02 1.958647383261047033e-08
2.050000000000000000e+02 2.227805701238670642e-08
2.060000000000000000e+02 2.530799983120160738e-08
2.070000000000000000e+02 2.871478845116416301e-08
2.080000000000000000e+02 3.254081185819921318e-08
2.090000000000000000e+02 3.683270739026984703e-08
2.100000000000000000e+02 4.164173211926616033e-08
2.110000000000000000e+02 4.702416163046640196e-08
2.120000000000000000e+02 5.304171780814865429e-08
2.130000000000000000e+02 5.976202730169120036e-08
2.140000000000000000e+02 6.725911241328319355e-08
2.150000000000000000e+02 7.561391621610701416e-08
2.160000000000000000e+02 8.491486378047637624e-08
2.170000000000000000e+02 9.525846145484541302e-08
2.180000000000000000e+02 1.067499362187656932e-07
2.190000000000000000e+02 1.195039171956772891e-07
2.200000000000000000e+02 1.336451614847911332e-07
2.210000000000000000e+02 1.493093265431657224e-07
2.220000000000000000e+02 1.666437914213156730e-07
2.230000000000000000e+02 1.858085292282061394e-07
2.240000000000000000e+02 2.069770332742078866e-07
2.250000000000000000e+02 2.303372994134008943e-07
2.260000000000000000e+02 2.560928671794265487e-07
2.270000000000000000e+02 2.844639223817939934e-07
2.280000000000000000e+02 3.156884639020521043e-07
2.290000000000000000e+02 3.500235375014228843e-07
2.300000000000000000e+02 3.877465395232617564e-07
2.310000000000000000e+02 4.291565934449678894e-07
2.320000000000000000e+02 4.745760023045680153e-07
2.330000000000000000e+02 5.243517800970911567e-07
2.340000000000000000e+02 5.788572653048671308e-07
2.350000000000000000e+02 6.384938197939704938e-07
2.360000000000000000e+02 7.036926163760280315e-07
2.370000000000000000e+02 7.749165184004732352e-07
2.380000000000000000e+02 8.526620548068707737e-07
2.390000000000000000e+02 9.374614941301462927e-07
2.400000000000000000e+02 1.029885021013225424e-06
2.410000000000000000e+02 1.130543018841722686e-06
2.420000000000000000e+02 1.240088462173714667e-06
2.430000000000000000e+02 1.359219422694263341e-06
2.440000000000000000e+02 1.488681692479105033e-06
2.450000000000000000e+02 1.629271528404638294e-06
2.460000000000000000e+02 1.781838521592050098e-06
2.470000000000000000e+02 1.947288595821906774e-06
2.480000000000000000e+02 2.126587138901755756e-06
2.490000000000000000e+02 2.320762271013250470e-06
2.500000000000000000e+02 2.530908254106699326e-06
2.510000000000000000e+02 2.758189046449996402e-06
2.520000000000000000e+02 3.003842006475190202e-06
2.530000000000000000e+02 3.269181750099810178e-06
2.540000000000000000e+02 3.555604165730918352e-06
2.550000000000000000e+02 3.864590591188258669e-06
2.560000000000000000e+02 4.197712156808135611e-06
2.570000000000000000e+02 4.556634299012157183e-06
2.580000000000000000e+02 4.943121448644565001e-06
2.590000000000000000e+02 5.359041898398279133e-06
2.600000000000000000e+02 5.806372853663292547e-06
2.610000000000000000e+02 6.287205671141504108e-06
2.620000000000000000e+02 6.803751289579095030e-06
2.630000000000000000e+02 7.358345856971890507e-06
2.640000000000000000e+02 7.953456558599831806e-06
2.650000000000000000e+02 8.591687650244461471e-06
2.660000000000000000e+02 9.275786700937687303e-06
2.670000000000000000e+02 1.000865104958140954e-05
2.680000000000000000e+02 1.079333447976538394e-05
2.690000000000000000e+02 1.163305411709543177e-05
2.700000000000000000e+02 1.253119755332552100e-05
2.710000000000000000e+02 1.349133020156544667e-05
2.720000000000000000e+02 1.451720288681054043e-05
2.730000000000000000e+02 1.561275967601171159e-05
2.740000000000000000e+02 1.678214595187246442e-05
2.750000000000000000e+02 1.802971673452454069e-05
2.760000000000000000e+02 1.936004525519633682e-05
2.770000000000000000e+02 2.077793178594660605e-05
2.780000000000000000e+02 2.228841272949207006e-05
2.790000000000000000e+02 2.389676997310995237e-05
2.800000000000000000e+02 2.560854051054640179e-05
2.810000000000000000e+02 2.742952633580797377e-05
2.820000000000000000e+02 2.936580461265728435e-05
2.830000000000000000e+02 3.142373812357453721e-05
2.840000000000000000e+02 3.360998600188467553e-05
2.850000000000000000e+02 3.593151475068475005e-05
2.860000000000000000e+02 3.839560955213856906e-05
2.870000000000000000e+02 4.100988587063550080e-05
2.880000000000000000e+02 4.378230135323696277e-05
2.890000000000000000e+02 4.672116803075932552e-05
2.900000000000000000e+02 4.983516482276311723e-05
2.910000000000000000e+02 5.313335034963878692e-05
2.920000000000000000e+02 5.662517605489639054e-05
2.930000000000000000e+02 6.032049964068148115e-05
2.940000000000000000e+02 6.422959881945281620e-05
2.950000000000000000e+02 6.836318538466762797e-05
2.960000000000000000e+02 7.273241960322985526e-05
2.970000000000000000e+02 7.734892493236346616e-05
2.980000000000000000e+02 8.222480306347742910e-05
2.990000000000000000e+02 8.737264929549339151e-05
3.000000000000000000e+02 9.280556824000801592e-05
3.010000000000000000e+02 9.853718986056248831e-05
3.020000000000000000e+02 1.045816858481902459e-04
3.030000000000000000e+02 1.109537863353120832e-04
3.040000000000000000e+02 1.176687969499419105e-04
3.050000000000000000e+02 1.247426162120646707e-04
3.060000000000000000e+02 1.321917532739379448e-04
3.070000000000000000e+02 1.400333460059649743e-04
3.080000000000000000e+02 1.482851794296763382e-04
3.090000000000000000e+02 1.569657044992507243e-04
3.100000000000000000e+02 1.660940572328931607e-04
3.110000000000000000e+02 1.756900781952826262e-04
3.120000000000000000e+02 1.857743323321863881e-04
3.130000000000000000e+02 1.963681291582297802e-04
3.140000000000000000e+02 2.074935432986995678e-04
3.150000000000000000e+02 2.191734353861428798e-04
3.160000000000000000e+02 2.314314733124208463e-04
3.170000000000000000e+02 2.442921538367505332e-04
3.180000000000000000e+02 2.577808245501760640e-04
3.190000000000000000e+02 2.719237061967777914e-04
3.200000000000000000e+02 2.867479153518329702e-04
3.210000000000000000e+02 3.022814874570230442e-04
3.220000000000000000e+02 3.185534002126744267e-04
3.230000000000000000e+02 3.355935973269064945e-04
3.240000000000000000e+02 3.534330126214587308e-04
3.250000000000000000e+02 3.721035944938502369e-04
3.260000000000000000e+02 3.916383307354258966e-04
3.270000000000000000e+02 4.120712737047304490e-04
3.280000000000000000e+02 4.334375658555500834e-04
3.290000000000000000e+02 4.557734656188532898e-04
3.300000000000000000e+02 4.791163736377593210e-04
3.310000000000000000e+02 5.035048593545589715e-04
3.320000000000000000e+02 5.289786879487194107e-04
3.330000000000000000e+02 5.555788476246856494e-04
3.340000000000000000e+02 5.833475772482165766e-04
3.350000000000000000e+02 6.123283943298778696e-04
3.360000000000000000e+02 6.425661233542256110e-04
3.370000000000000000e+02 6.741069244531220717e-04
3.380000000000000000e+02 7.069983224215314454e-04
3.390000000000000000e+02 7.412892360740467148e-04
3.400000000000000000e+02 7.770300079403238058e-04
3.410000000000000000e+02 8.142724342974997634e-04
3.420000000000000000e+02 8.530697955375935110e-04
3.430000000000000000e+02 8.934768868677980943e-04
3.440000000000000000e+02 9.355500493415126999e-04
3.450000000000000000e+02 9.793472012178507449e-04
3.460000000000000000e+02 1.024927869647317613e-03
3.470000000000000000e+02 1.072353222681260215e-03
3.480000000000000000e+02 1.121686101602614770e-03
3.490000000000000000e+02 1.172991053575433117e-03
3.500000000000000000e+02 1.226334364610566280e-03
3.510000000000000000e+02 1.281784092844860928e-03
3.520000000000000000e+02 1.339410102131123950e-03
3.530000000000000000e+02 1.399284095936075912e-03
3.540000000000000000e+02 1.461479651543456243e-03
3.550000000000000000e+02 1.526072254559375160e-03
3.560000000000000000e+02 1.593139333716968049e-03
3.570000000000000000e+02 1.662760295977370106e-03
3.580000000000000000e+02 1.735016561923949027e-03
3.590000000000000000e+02 1.809991601446741313e-03
3.600000000000000000e+02 1.887770969713947582e-03
3.610000000000000000e+02 1.968442343427348126e-03
3.620000000000000000e+02 2.052095557358452234e-03
3.630000000000000000e+02 2.138822641162132793e-03
3.640000000000000000e+02 2.228717856464548439e-03
3.650000000000000000e+02 2.321877734222050314e-03
3.660000000000000000e+02 2.418401112347788335e-03
3.670000000000000000e+02 2.518389173602737004e-03
3.680000000000000000e+02 2.621945483747793217e-03
3.690000000000000000e+02 2.729176029953647026e-03
3.700000000000000000e+02 2.840189259465065227e-03
3.710000000000000000e+02 2.955096118516270087e-03
3.720000000000000000e+02 3.074010091494090800e-03
3.730000000000000000e+02 3.197047240345523601e-03
3.740000000000000000e+02 3.324326244226411074e-03
3.750000000000000000e+02 3.455968439387928186e-03
3.760000000000000000e+02 3.592097859297564786e-03
3.770000000000000000e+02 3.732841274991360609e-03
3.780000000000000000e+02 3.878328235654131088e-03
3.790000000000000000e+02 4.028691109424472998e-03
3.800000000000000000e+02 4.184065124421347190e-03
3.810000000000000000e+02 4.344588409989133711e-03
3.820000000000000000e+02 4.510402038158005562e-03
3.830000000000000000e+02 4.681650065316574939e-03
3.840000000000000000e+02 4.858479574093839924e-03
3.850000000000000000e+02 5.041040715447401947e-03
3.860000000000000000e+02 5.229486750955137687e-03
3.870000000000000000e+02 5.423974095307423221e-03
3.880000000000000000e+02 5.624662358997218996e-03
3.890000000000000000e+02 5.831714391205248746e-03
3.900000000000000000e+02 6.045296322877721437e-03
3.910000000000000000e+02 6.265577609994055740e-03
3.920000000000000000e+02 6.492731077022149792e-03
3.930000000000000000e+02 6.726932960558883873e-03
3.940000000000000000e+02 6.968362953153575678e-03
3.950000000000000000e+02 7.217204247312304817e-03
3.960000000000000000e+02 7.473643579681012693e-03
3.970000000000000000e+02 7.737871275405538984e-03
3.980000000000000000e+02 8.010081292666721212e-03
3.990000000000000000e+02 8.290471267389023027e-03
4.000000000000000000e+02 8.579242558121027637e-03
4.010000000000000000e+02 8.876600291086486627e-03
4.020000000000000000e+02 9.182753405404730715e-03
4.030000000000000000e+02 9.497914698479228979e-03
4.040000000000000000e+02 9.822300871553531557e-03
4.050000000000000000e+02 1.015613257543370417e-02
4.060000000000000000e+02 1.049963445637674617e-02
4.070000000000000000e+02 1.085303520214460186e-02
4.080000000000000000e+02 1.121656758822348228e-02
4.090000000000000000e+02 1.159046852420854597e-02
4.100000000000000000e+02 1.197497910035411235e-02
4.110000000000000000e+02 1.237034463428976321e-02
4.120000000000000000e+02 1.277681471790300706e-02
4.130000000000000000e+02 1.319464326438929413e-02
4.140000000000000000e+02 1.362408855547049200e-02
4.150000000000000000e+02 1.406541328878312992e-02
4.160000000000000000e+02 1.451888462543798018e-02
4.170000000000000000e+02 1.498477423775278379e-02
4.180000000000000000e+02 1.546335835716031344e-02
4.190000000000000000e+02 1.595491782229397151e-02
4.200000000000000000e+02 1.645973812725381319e-02
4.210000000000000000e+02 1.697810947005577026e-02
4.220000000000000000e+02 1.751032680126742708e-02
4.230000000000000000e+02 1.805668987283395865e-02
4.240000000000000000e+02 1.861750328709803337e-02
4.250000000000000000e+02 1.919307654601812643e-02
4.260000000000000000e+02 1.978372410058954270e-02
4.270000000000000000e+02 2.038976540047343286e-02
4.280000000000000000e+02 2.101152494383891345e-02
4.290000000000000000e+02 2.164933232742398753e-02
4.300000000000000000e+02 2.230352229682154575e-02
4.310000000000000000e+02 2.297443479699668237e-02
4.320000000000000000e+02 2.366241502304251149e-02
4.330000000000000000e+02 2.436781347118159927e-02
4.340000000000000000e+02 2.509098599002089827e-02
4.350000000000000000e+02 2.583229383206844462e-02
4.360000000000000000e+02 2.659210370552039793e-02
4.370000000000000000e+02 2.737078782632770130e-02
4.380000000000000000e+02 2.816872397055206895e-02
4.390000000000000000e+02 2.898629552702117890e-02
4.400000000000000000e+02 2.982389155029420424e-02
4.410000000000000000e+02 3.068190681394853542e-02
4.420000000000000000e+02 3.156074186419961791e-02
4.430000000000000000e+02 3.246080307386618041e-02
4.440000000000000000e+02 3.338250269669386372e-02
4.450000000000000000e+02 3.432625892205046908e-02
4.460000000000000000e+02 3.529249593000741148e-02
4.470000000000000000e+02 3.628164394682138749e-02
4.480000000000000000e+02 3.729413930083245315e-02
4.490000000000000000e+02 3.833042447879374259e-02
4.500000000000000000e+02 3.939094818265003600e-02
4.510000000000000000e+02 4.047616538678228126e-02
4.520000000000000000e+02 4.158653739573623526e-02
4.530000000000000000e+02 4.272253190245400151e-02
4.540000000000000000e+02 4.388462304702793471e-02
4.550000000000000000e+02 4.507329147599714592e-02
4.560000000000000000e+02 4.628902440220794556e-02
4.570000000000000000e+02 4.753231566525971397e-02
4.580000000000000000e+02 4.880366579255892429e-02
4.590000000000000000e+02 5.010358206100487544e-02
4.600000000000000000e+02 5.143257855933173334e-02
4.610000000000000000e+02 5.279117625113120826e-02
4.620000000000000000e+02 5.417990303858306878e-02
4.630000000000000000e+02 5.559929382691937427e-02
4.640000000000000000e+02 5.704989058965131282e-02
4.650000000000000000e+02 5.853224243458667736e-02
4.660000000000000000e+02 6.004690567066819917e-02
4.670000000000000000e+02 6.159444387566352652e-02
4.680000000000000000e+02 6.317542796473847588e-02
4.690000000000000000e+02 6.479043625994643230e-02
4.700000000000000000e+02 6.644005456066791326e-02
4.710000000000000000e+02 6.812487621503483803e-02
4.720000000000000000e+02 6.984550219237614654e-02
4.730000000000000000e+02 7.160254115672125275e-02
4.740000000000000000e+02 7.339660954139991256e-02
4.750000000000000000e+02 7.522833162477808588e-02
4.760000000000000000e+02 7.709833960716994117e-02
4.770000000000000000e+02 7.900727368896839908e-02
4.780000000000000000e+02 8.095578215003657041e-02
4.790000000000000000e+02 8.294452143040487169e-02
4.800000000000000000e+02 8.497415621231928229e-02
4.810000000000000000e+02 8.704535950368724739e-02
4.820000000000000000e+02 8.915881272296982685e-02
4.830000000000000000e+02 9.131520578556924506e-02
4.840000000000000000e+02 9.351523719176275951e-02
4.850000000000000000e+02 9.575961411623534758e-02
4.860000000000000000e+02 9.804905249926451627e-02
4.870000000000000000e+02 1.003842771396123990e-01
4.880000000000000000e+02 1.027660217891820105e-01
4.890000000000000000e+02 1.051950292494951006e-01
4.900000000000000000e+02 1.076720514700518910e-01
4.910000000000000000e+02 1.101978496486328979e-01
4.920000000000000000e+02 1.127731943336065662e-01
4.930000000000000000e+02 1.153988655283057357e-01
4.940000000000000000e+02 1.180756527975395792e-01
4.950000000000000000e+02 1.208043553763085698e-01
4.960000000000000000e+02 1.235857822807907569e-01
4.970000000000000000e+02 1.264207524216711953e-01
4.980000000000000000e+02 1.293100947198859152e-01
4.990000000000000000e+02 1.322546482248563027e-01
5.000000000000000000e+02 1.352552622352878597e-01
5.010000000000000000e+02 1.383127964226127937e-01
5.020000000000000000e+02 1.414281209571553732e-01
5.030000000000000000e+02 1.446021166371015687e-01
5.040000000000000000e+02 1.478356750203562164e-01
5.050000000000000000e+02 1.511296985593731657e-01
5.060000000000000000e+02 1.544851007390450892e-01
5.070000000000000000e+02 1.579028062177423031e-01
5.080000000000000000e+02 1.613837509715918273e-01
5.090000000000000000e+02 1.649288824420893085e-01
5.100000000000000000e+02 1.685391596871383679e-01
5.110000000000000000e+02 1.722155535356160450e-01
5.120000000000000000e+02 1.759590467455613427e-01
5.130000000000000000e+02 1.797706341660900153e-01
5.140000000000000000e+02 1.836513229031371819e-01
5.150000000000000000e+02 1.876021324891348763e-01
5.160000000000000000e+02 1.916240950567309198e-01
5.170000000000000000e+02 1.957182555166591953e-01
5.180000000000000000e+02 1.998856717398741212e-01
5.190000000000000000e+02 2.041274147440623743e-01
5.200000000000000000e+02 2.084445688846493228e-01
5.210000000000000000e+02 2.128382320504184910e-01
5.220000000000000000e+02 2.173095158638655711e-01
5.230000000000000000e+02 2.218595458864096037e-01
5.240000000000000000e+02 2.264894618285884786e-01
5.250000000000000000e+02 2.312004177653653736e-01
5.260000000000000000e+02 2.359935823566782775e-01
5.270000000000000000e+02 2.408701390733638814e-01
5.280000000000000000e+02 2.458312864285931154e-01
5.290000000000000000e+02 2.508782382149551959e-01
5.300000000000000000e+02 2.560122237473296813e-01
5.310000000000000000e+02 2.612344881116926421e-01
5.320000000000000000e+02 2.665462924199980543e-01
5.330000000000000000e+02 2.719489140712862407e-01
5.340000000000000000e+02 2.774436470191677384e-01
5.350000000000000000e+02 2.830318020458366668e-01
5.360000000000000000e+02 2.887147070427687479e-01
5.370000000000000000e+02 2.944937072982632409e-01
5.380000000000000000e+02 3.003701657919892742e-01
5.390000000000000000e+02 3.063454634967011092e-01
5.400000000000000000e+02 3.124209996872867046e-01
5.410000000000000000e+02 3.185981922573223879e-01
5.420000000000000000e+02 3.248784780433011665e-01
5.430000000000000000e+02 3.312633131567138678e-01
5.440000000000000000e+02 3.377541733241564703e-01
5.450000000000000000e+02 3.443525542356457025e-01
5.460000000000000000e+02 3.510599719013277054e-01
5.470000000000000000e+02 3.578779630167610026e-01
5.480000000000000000e+02 3.648080853369662924e-01
5.490000000000000000e+02 3.718519180594342388e-01
5.500000000000000000e+02 3.790110622162821685e-01
5.510000000000000000e+02 3.862871410757628965e-01
5.520000000000000000e+02 3.936818005533179177e-01
5.530000000000000000e+02 4.011967096323864057e-01
5.540000000000000000e+02 4.088335607951686379e-01
5.550000000000000000e+02 4.165940704635583414e-01
5.560000000000000000e+02 4.244799794504506285e-01
5.570000000000000000e+02 4.324930534216450684e-01
5.580000000000000000e+02 4.406350833685581114e-01
5.590000000000000000e+02 4.489078860919664127e-01
5.600000000000000000e+02 4.573133046970055959e-01
5.610000000000000000e+02 4.658532090996503339e-01
5.620000000000000000e+02 4.745294965449038949e-01
5.630000000000000000e+02 4.833440921369340781e-01
5.640000000000000000e+02 4.922989493813842432e-01
5.650000000000000000e+02 5.013960507401050704e-01
5.660000000000000000e+02 5.106374081985446400e-01
5.670000000000000000e+02 5.200250638460411912e-01
5.680000000000000000e+02 5.295610904692688026e-01
5.690000000000000000e+02 5.392475921590855759e-01
5.700000000000000000e+02 5.490867049310351744e-01
5.710000000000000000e+02 5.590805973597634537e-01
5.720000000000000000e+02 5.692314712276064226e-01
5.730000000000000000e+02 5.795415621876153223e-01
5.740000000000000000e+02 5.900131404412781722e-01
5.750000000000000000e+02 6.006485114312172247e-01
5.760000000000000000e+02 6.114500165491244532e-01
5.770000000000000000e+02 6.224200338592146275e-01
5.780000000000000000e+02 6.335609788374756413e-01
5.790000000000000000e+02 6.448753051269910941e-01
5.800000000000000000e+02 6.563655053096273395e-01
5.810000000000000000e+02 6.680341116943641078e-01
5.820000000000000000e+02 6.798836971225639125e-01
5.830000000000000000e+02 6.919168757904744504e-01
5.840000000000000000e+02 7.041363040892529845e-01
5.850000000000000000e+02 7.165446814628202432e-01
5.860000000000000000e+02 7.291447512838420408e-01
5.870000000000000000e+02 7.419393017481414887e-01
5.880000000000000000e+02 7.549311667878570997e-01
5.890000000000000000e+02 7.681232270036482124e-01
5.900000000000000000e+02 7.815184106162708089e-01
5.910000000000000000e+02 7.951196944378357001e-01
5.920000000000000000e+02 8.089301048630684887e-01
5.930000000000000000e+02 8.229527188808990479e-01
5.940000000000000000e+02 8.371906651066987060e-01
5.950000000000000000e+02 8.516471248355039769e-01
5.960000000000000000e+02 8.663253331165452487e-01
5.970000000000000000e+02 8.812285798494294831e-01
5.980000000000000000e+02 8.963602109023006692e-01
5.990000000000000000e+02 9.117236292523288599e-01
6.000000000000000000e+02 9.273222961488620797e-01
6.010000000000000000e+02 9.431597322995932675e-01
6.020000000000000000e+02 9.592395190800890870e-01
6.030000000000000000e+02 9.755652997670259952e-01
6.040000000000000000e+02 9.921407807954990554e-01
6.050000000000000000e+02 1.008969733040748329e+00
6.060000000000000000e+02 1.026055993124668220e+00
6.070000000000000000e+02 1.043403464747465037e+00
6.080000000000000000e+02 1.061016120044815381e+00
6.090000000000000000e+02 1.078898000970910376e+00
6.100000000000000000e+02 1.097053220707735255e+00
6.110000000000000000e+02 1.115485965100976751e+00
6.120000000000000000e+02 1.134200494122917124e+00
6.130000000000000000e+02 1.153201143362700964e+00
6.140000000000000000e+02 1.172492325544354674e+00
6.150000000000000000e+02 1.192078532072936348e+00
6.160000000000000000e+02 1.211964334609203053e+00
6.170000000000000000e+02 1.232154386673187663e+00
6.180000000000000000e+02 1.252653425277065136e+00
6.190000000000000000e+02 1.273466272587709280e+00
6.200000000000000000e+02 1.294597837619327230e+00
6.210000000000000000e+02 1.316053117956576868e+00
6.220000000000000000e+02 1.337837201508553564e+00
6.230000000000000000e+02 1.359955268294059660e+00
6.240000000000000000e+02 1.382412592258551509e+00
6.250000000000000000e+02 1.405214543123171289e+00
6.260000000000000000e+02 1.428366588266277049e+00
6.270000000000000000e+02 1.451874294637867324e+00
6.280000000000000000e+02 1.475743330707325329e+00
6.290000000000000000e+02 1.499979468444887942e+00
6.300000000000000000e+02 1.524588585337258051e+00
6.310000000000000000e+02 1.549576666437777028e+00
6.320000000000000000e+02 1.574949806451573231e+00
6.330000000000000000e+02 1.600714211856112401e+00
6.340000000000000000e+02 1.626876203057574521e+00
6.350000000000000000e+02 1.653442216583469682e+00
6.360000000000000000e+02 1.680418807311933493e+00
6.370000000000000000e+02 1.707812650738119498e+00
6.380000000000000000e+02 1.735630545278124881e+00
6.390000000000000000e+02 1.763879414610876051e+00
6.400000000000000000e+02 1.792566310058409274e+00
6.410000000000000000e+02 1.821698413004976480e+00
6.420000000000000000e+02 1.851283037355418992e+00
6.430000000000000000e+02 1.881327632033233499e+00
6.440000000000000000e+02 1.911839783518788582e+00
6.450000000000000000e+02 1.942827218428106351e+00
6.460000000000000000e+02 1.974297806132668365e+00
6.470000000000000000e+02 2.006259561420683291e+00
6.480000000000000000e+02 2.038720647200252145e+00
6.490000000000000000e+02 2.071689377244888330e+00
6.500000000000000000e+02 2.105174218981820999e+00
6.510000000000000000e+02 2.139183796323548048e+00
6.520000000000000000e+02 2.173726892543060174e+00
6.530000000000000000e+02 2.208812453193216285e+00
6.540000000000000000e+02 2.244449589070683260e+00
6.550000000000000000e+02 2.280647579224923227e+00
6.560000000000000000e+02 2.317415874012649368e+00
6.570000000000000000e+02 2.354764098198227185e+00
6.580000000000000000e+02 2.392702054100453779e+00
6.590000000000000000e+02 2.431239724786173895e+00
6.600000000000000000e+02 2.470387277311190566e+00
6.610000000000000000e+02 2.510155066008910474e+00
6.620000000000000000e+02 2.550553635827196963e+00
6.630000000000000000e+02 2.591593725713867702e+00
6.640000000000000000e+02 2.633286272051292176e+00
6.650000000000000000e+02 2.675642412140557092e+00
6.660000000000000000e+02 2.718673487735645100e+00
6.670000000000000000e+02 2.762391048628073165e+00
6.680000000000000000e+02 2.806806856282466622e+00
6.690000000000000000e+02 2.851932887523501936e+00
6.700000000000000000e+02 2.897781338274694196e+00
6.710000000000000000e+02 2.944364627349454366e+00
6.720000000000000000e+02 2.991695400294912766e+00
6.730000000000000000e+02 3.039786533288920012e+00
6.740000000000000000e+02 3.088651137090709931e+00
6.750000000000000000e+02 3.138302561045664962e+00
6.760000000000000000e+02 3.188754397144636599e+00
6.770000000000000000e+02 3.240020484138284917e+00
6.780000000000000000e+02 3.292114911706875091e+00
6.790000000000000000e+02 3.345052024685987391e+00
6.800000000000000000e+02 3.398846427348611865e+00
6.810000000000000000e+02 3.453512987744027374e+00
6.820000000000000000e+02 3.509066842093987226e+00
6.830000000000000000e+02 3.565523399246588454e+00
6.840000000000000000e+02 3.622898345188323876e+00
6.850000000000000000e+02 3.681207647614739287e+00
6.860000000000000000e+02 3.740467560560150950e+00
6.870000000000000000e+02 3.800694629086863507e+00
6.880000000000000000e+02 3.861905694034329706e+00
6.890000000000000000e+02 3.924117896828723140e+00
6.900000000000000000e+02 3.987348684353305917e+00
6.910000000000000000e+02 4.051615813880099282e+00
6.920000000000000000e+02 4.116937358063253782e+00
6.930000000000000000e+02 4.183331709994560832e+00
6.940000000000000000e+02 4.250817588321564422e+00
6.950000000000000000e+02 4.319414042428675771e+00
6.960000000000000000e+02 4.389140457681755869e+00
6.970000000000000000e+02 4.460016560736565161e+00
6.980000000000000000e+02 4.532062424911543985e+00
6.990000000000000000e+02 4.605298475625318133e+00
7.000000000000000000e+02 4.679745495899382490e+00
7.010000000000000000e+02 4.755424631926368662e+00
7.020000000000000000e+02 4.832357398704331786e+00
7.030000000000000000e+02 4.910565685737472208e+00
7.040000000000000000e+02 4.990071762803699684e+00
7.050000000000000000e+02 5.070898285789469995e+00
7.060000000000000000e+02 5.153068302592313188e+00
7.070000000000000000e+02 5.236605259091436260e+00
7.080000000000000000e+02 5.321533005186839915e+00
7.090000000000000000e+02 5.407875800907349984e+00
7.100000000000000000e+02 5.495658322587943623e+00
7.110000000000000000e+02 5.584905669116804638e+00
7.120000000000000000e+02 5.675643368252500487e+00
7.130000000000000000e+02 5.767897383011651335e+00
7.140000000000000000e+02 5.861694118127516617e+00
7.150000000000000000e+02 5.957060426579881884e+00
7.160000000000000000e+02 6.054023616196624324e+00
7.170000000000000000e+02 6.152611456327351291e+00
7.180000000000000000e+02 6.252852184589498208e+00
7.190000000000000000e+02 6.354774513687255322e+00
7.200000000000000000e+02 6.458407638303707010e+00
7.210000000000000000e+02 6.563781242066562882e+00
7.220000000000000000e+02 6.670925504587830623e+00
7.230000000000000000e+02 6.779871108577834704e+00
7.240000000000000000e+02 6.890649247033898916e+00
7.250000000000000000e+02 7.003291630504094201e+00
7.260000000000000000e+02 7.117830494426388377e+00
7.270000000000000000e+02 7.234298606543559274e+00
7.280000000000000000e+02 7.352729274394219416e+00
7.290000000000000000e+02 7.473156352880295117e+00
7.300000000000000000e+02 7.595614251911319670e+00
7.310000000000000000e+02 7.720137944125861296e+00
7.320000000000000000e+02 7.846762972690434879e+00
7.330000000000000000e+02 7.975525459176234122e+00
7.340000000000000000e+02 8.106462111513989655e+00
7.350000000000000000e+02 8.239610232027313685e+00
7.360000000000000000e+02 8.375007725544818982e+00
7.370000000000000000e+02 8.512693107591362107e+00
7.380000000000000000e+02 8.652705512658684484e+00
7.390000000000000000e+02 8.795084702555801215e+00
7.400000000000000000e+02 8.939871074839434328e+00
7.410000000000000000e+02 9.087105671324740896e+00
7.420000000000000000e+02 9.236830186676732168e+00
7.430000000000000000e+02 9.389086977082580887e+00
7.440000000000000000e+02 9.543919069005166733e+00
7.450000000000000000e+02 9.701370168018090823e+00
7.460000000000000000e+02 9.861484667722518083e+00
7.470000000000000000e+02 1.002430765874606067e+01
7.480000000000000000e+02 1.018988493782393512e+01
7.490000000000000000e+02 1.035826301696282314e+01
7.500000000000000000e+02 1.052948913268749109e+01
7.510000000000000000e+02 1.070361125537057134e+01
7.520000000000000000e+02 1.088067809864569568e+01
7.530000000000000000e+02 1.106073912890429511e+01
7.540000000000000000e+02 1.124384457487616373e+01
7.550000000000000000e+02 1.143004543729423084e+01
7.560000000000000000e+02 1.161939349864358206e+01
7.570000000000000000e+02 1.181194133299510085e+01
7.580000000000000000e+02 1.200774231592388652e+01
7.590000000000000000e+02 1.220685063451264440e+01
7.600000000000000000e+02 1.240932129744035350e+01
7.610000000000000000e+02 1.261521014515635564e+01
7.620000000000000000e+02 1.282457386014004008e+01
7.630000000000000000e+02 1.303746997724642043e+01
7.640000000000000000e+02 1.325395689413772793e+01
7.650000000000000000e+02 1.347409388180121681e+01
7.660000000000000000e+02 1.369794109515337865e+01
7.670000000000000000e+02 1.392555958373078084e+01
7.680000000000000000e+02 1.415701130246760187e+01
7.690000000000000000e+02 1.439235912256015126e+01
7.700000000000000000e+02 1.463166684241847371e+01
7.710000000000000000e+02 1.487499919870517928e+01
7.720000000000000000e+02 1.512242187746170252e+01
7.730000000000000000e+02 1.537400152532213227e+01
7.740000000000000000e+02 1.562980576081468342e+01
7.750000000000000000e+02 1.588990318575105931e+01
7.760000000000000000e+02 1.615436339670373656e+01
7.770000000000000000e+02 1.642325699657135374e+01
7.780000000000000000e+02 1.669665560623234057e+01
7.790000000000000000e+02 1.697463187628680359e+01
7.800000000000000000e+02 1.725725949888690280e+01
7.810000000000000000e+02 1.754461321965579401e+01
7.820000000000000000e+02 1.783676884969507981e+01
7.830000000000000000e+02 1.813380327768113176e+01
7.840000000000000000e+02 1.843579448205017002e+01
7.850000000000000000e+02 1.874282154327222116e+01
7.860000000000000000e+02 1.905496465621407509e+01
7.870000000000000000e+02 1.937230514259126579e+01
7.880000000000000000e+02 1.969492546350918616e+01
7.890000000000000000e+02 2.002290923209334395e+01
7.900000000000000000e+02 2.035634122620884057e+01
7.910000000000000000e+02 2.069530740126908697e+01
7.920000000000000000e+02 2.103989490313389155e+01
7.930000000000000000e+02 2.139019208109683490e+01
7.940000000000000000e+02 2.174628850096198107e+01
7.950000000000000000e+02 2.210827495821007460e+01
7.960000000000000000e+02 2.247624349125408116e+01
7.970000000000000000e+02 2.285028739478413229e+01
7.980000000000000000e+02 2.323050123320195581e+01
7.990000000000000000e+02 2.361698085414469972e+01
8.000000000000000000e+02 2.400982340209818133e+01
8.010000000000000000e+02 2.440912733209950147e+01
8.020000000000000000e+02 2.481499242352914081e+01
8.030000000000000000e+02 2.522751979399232169e+01
8.040000000000000000e+02 2.564681191328979537e+01
8.050000000000000000e+02 2.607297261747783423e+01
8.060000000000000000e+02 2.650610712301758909e+01
8.070000000000000000e+02 2.694632204101349870e+01
8.080000000000000000e+02 2.739372539154108921e+01
8.090000000000000000e+02 2.784842661806359487e+01
8.100000000000000000e+02 2.831053660193784083e+01
8.110000000000000000e+02 2.878016767700892586e+01
8.120000000000000000e+02 2.925743364429386517e+01
8.130000000000000000e+02 2.974244978675401541e+01
8.140000000000000000e+02 3.023533288415616482e+01
8.150000000000000000e+02 3.073620122802227783e+01
8.160000000000000000e+02 3.124517463666771988e+01
8.170000000000000000e+02 3.176237447032787742e+01
8.180000000000000000e+02 3.228792364637310186e+01
8.190000000000000000e+02 3.282194665461173599e+01
8.200000000000000000e+02 3.336456957268126899e+01
8.210000000000000000e+02 3.391592008152730386e+01
8.220000000000000000e+02 3.447612748097036217e+01
8.230000000000000000e+02 3.504532270536029159e+01
8.240000000000000000e+02 3.562363833931811996e+01
8.250000000000000000e+02 3.621120863356522790e+01
8.260000000000000000e+02 3.680816952083966953e+01
8.270000000000000000e+02 3.741465863189961993e+01
8.280000000000000000e+02 3.803081531161326723e+01
8.290000000000000000e+02 3.865678063513574614e+01
8.300000000000000000e+02 3.929269742417225331e+01
8.310000000000000000e+02 3.993871026332753615e+01
8.320000000000000000e+02 4.059496551654130769e+01
8.330000000000000000e+02 4.126161134360966543e+01
8.340000000000000000e+02 4.193879771679200275e+01
8.350000000000000000e+02 4.262667643750344837e+01
8.360000000000000000e+02 4.332540115309232931e+01
8.370000000000000000e+02 4.403512737370289898e+01
8.380000000000000000e+02 4.475601248922254882e+01
8.390000000000000000e+02 4.548821578631351059e+01
8.400000000000000000e+02 4.623189846552897109e+01
8.410000000000000000e+02 4.698722365851315885e+01
8.420000000000000000e+02 4.775435644528486989e+01
8.430000000000000000e+02 4.853346387160505770e+01
8.440000000000000000e+02 4.932471496642692443e+01
8.450000000000000000e+02 5.012828075942955763e+01
8.460000000000000000e+02 5.094433429863384077e+01
8.470000000000000000e+02 5.177305066810085066e+01
8.480000000000000000e+02 5.261460700571231541e+01
8.490000000000000000e+02 5.346918252103291280e+01
8.500000000000000000e+02 5.433695851325390436e+01
8.510000000000000000e+02 5.521811838921807691e+01
8.520000000000000000e+02 5.611284768152528102e+01
8.530000000000000000e+02 5.702133406671893567e+01
8.540000000000000000e+02 5.794376738355221335e+01
8.550000000000000000e+02 5.888033965133449499e+01
8.560000000000000000e+02 5.983124508835710742e+01
8.570000000000000000e+02 6.079668013039839281e+01
8.580000000000000000e+02 6.177684344930749205e+01
8.590000000000000000e+02 6.277193597166682082e+01
8.600000000000000000e+02 6.378216089753230733e+01
8.610000000000000000e+02 6.480772371925174014e+01
8.620000000000000000e+02 6.584883224036030924e+01
8.630000000000000000e+02 6.690569659455340457e+01
8.640000000000000000e+02 6.797852926473544244e+01
8.650000000000000000e+02 6.906754510214582865e+01
8.660000000000000000e+02 7.017296134555988374e+01
8.670000000000000000e+02 7.129499764056591005e+01
8.680000000000000000e+02 7.243387605891683734e+01
8.690000000000000000e+02 7.358982111795680225e+01
8.700000000000000000e+02 7.476305980012182317e+01
8.710000000000000000e+02 7.595382157251438571e+01
8.720000000000000000e+02 7.716233840655115728e+01
8.730000000000000000e+02 7.838884479768408653e+01
8.740000000000000000e+02 7.963357778519360863e+01
8.750000000000000000e+02 8.089677697205422646e+01
8.760000000000000000e+02 8.217868454487162921e+01
8.770000000000000000e+02 8.347954529389083689e+01
8.780000000000000000e+02 8.479960663307562641e+01
8.790000000000000000e+02 8.613911862025737776e+01
8.800000000000000000e+02 8.749833397735461915e+01
8.810000000000000000e+02 8.887750811066133849e+01
8.820000000000000000e+02 9.027689913120445908e+01
8.830000000000000000e+02 9.169676787516948480e+01
8.840000000000000000e+02 9.313737792439431473e+01
8.850000000000000000e+02 9.459899562693027519e+01
8.860000000000000000e+02 9.608189011767028376e+01
8.870000000000000000e+02 9.758633333904315066e+01
8.880000000000000000e+02 9.911260006177430171e+01
8.890000000000000000e+02 1.006609679057113027e+02
8.900000000000000000e+02 1.022317173607148817e+02
8.910000000000000000e+02 1.038251318076139285e+02
8.920000000000000000e+02 1.054414975392247698e+02
8.930000000000000000e+02 1.070811037814334554e+02
8.940000000000000000e+02 1.087442427143410271e+02
8.950000000000000000e+02 1.104312094934711013e+02
8.960000000000000000e+02 1.121423022710391990e+02
8.970000000000000000e+02 1.138778222172832670e+02
8.980000000000000000e+02 1.156380735418549364e+02
8.990000000000000000e+02 1.174233635152707933e+02
9.000000000000000000e+02 1.192340024904233786e+02
9.010000000000000000e+02 1.210703039241510055e+02
9.020000000000000000e+02 1.229325843988662399e+02
9.030000000000000000e+02 1.248211636442419206e+02
9.040000000000000000e+02 1.267363645589553300e+02
9.050000000000000000e+02 1.286785132324876599e+02
9.060000000000000000e+02 1.306479389669811155e+02
9.070000000000000000e+02 1.326449742991507605e+02
9.080000000000000000e+02 1.346699550222515711e+02
9.090000000000000000e+02 1.367232202080997467e+02
9.100000000000000000e+02 1.388051122291481647e+02
9.110000000000000000e+02 1.409159767806147556e+02
9.120000000000000000e+02 1.430561629026636012e+02
9.130000000000000000e+02 1.452260230026379588e+02
9.140000000000000000e+02 1.474259128773448424e+02
9.150000000000000000e+02 1.496561917353901094e+02
9.160000000000000000e+02 1.519172222195641666e+02
9.170000000000000000e+02 1.542093704292766461e+02
9.180000000000000000e+02 1.565330059430407630e+02
9.190000000000000000e+02 1.588885018410049383e+02
9.200000000000000000e+02 1.612762347275333354e+02
9.210000000000000000e+02 1.636965847538322691e+02
9.220000000000000000e+02 1.661499356406240224e+02
9.230000000000000000e+02 1.686366747008656546e+02
9.240000000000000000e+02 1.711571928625134262e+02
9.250000000000000000e+02 1.737118846913315338e+02
9.260000000000000000e+02 1.763011484137444995e+02
9.270000000000000000e+02 1.789253859397332462e+02
9.280000000000000000e+02 1.815850028857732923e+02
9.290000000000000000e+02 1.842804085978147839e+02
9.300000000000000000e+02 1.870120161743040512e+02
9.310000000000000000e+02 1.897802424892455235e+02
9.320000000000000000e+02 1.925855082153036903e+02
9.330000000000000000e+02 1.954282378469438868e+02
9.340000000000000000e+02 1.983088597236122155e+02
9.350000000000000000e+02 2.012278060529528148e+02
9.360000000000000000e+02 2.041855129340627855e+02
9.370000000000000000e+02 2.071824203807830997e+02
9.380000000000000000e+02 2.102189723450260601e+02
9.390000000000000000e+02 2.132956167401373477e+02
9.400000000000000000e+02 2.164128054642926884e+02
9.410000000000000000e+02 2.195709944239282549e+02
9.420000000000000000e+02 2.227706435572046360e+02
9.430000000000000000e+02 2.260122168575024943e+02
9.440000000000000000e+02 2.292961823969503712e+02
9.450000000000000000e+02 2.326230123499836679e+02
9.460000000000000000e+02 2.359931830169329317e+02
9.470000000000000000e+02 2.394071748476436596e+02
9.480000000000000000e+02 2.428654724651228207e+02
9.490000000000000000e+02 2.463685646892153045e+02
9.500000000000000000e+02 2.499169445603068311e+02
9.510000000000000000e+02 2.535111093630537766e+02
9.520000000000000000e+02 2.571515606501402544e+02
9.530000000000000000e+02 2.608388042660584460e+02
9.540000000000000000e+02 2.645733503709158185e+02
9.550000000000000000e+02 2.683557134642643973e+02
9.560000000000000000e+02 2.721864124089541974e+02
9.570000000000000000e+02 2.760659704550096762e+02
9.580000000000000000e+02 2.799949152635265364e+02
9.590000000000000000e+02 2.839737789305905835e+02
9.600000000000000000e+02 2.880030980112171619e+02
9.610000000000000000e+02 2.920834135433088932e+02
9.620000000000000000e+02 2.962152710716339357e+02
9.630000000000000000e+02 3.003992206718208990e+02
9.640000000000000000e+02 3.046358169743724034e+02
9.650000000000000000e+02 3.089256191886944976e+02
9.660000000000000000e+02 3.132691911271424487e+02
9.670000000000000000e+02 3.176671012290813678e+02
9.680000000000000000e+02 3.221199225849617847e+02
9.690000000000000000e+02 3.266282329604092070e+02
9.700000000000000000e+02 3.311926148203255025e+02
9.710000000000000000e+02 3.358136553530038100e+02
9.720000000000000000e+02 3.404919464942543641e+02
9.730000000000000000e+02 3.452280849515414616e+02
9.740000000000000000e+02 3.500226722281298635e+02
9.750000000000000000e+02 3.548763146472416565e+02
9.760000000000000000e+02 3.597896233762205611e+02
9.770000000000000000e+02 3.647632144507043677e+02
9.780000000000000000e+02 3.697977087988052745e+02
9.790000000000000000e+02 3.748937322652952275e+02
9.800000000000000000e+02 3.800519156357979682e+02
9.810000000000000000e+02 3.852728946609856848e+02
9.820000000000000000e+02 3.905573100807798710e+02
9.830000000000000000e+02 3.959058076485529796e+02
9.840000000000000000e+02 4.013190381553397970e+02
9.850000000000000000e+02 4.067976574540416550e+02
9.860000000000000000e+02 4.123423264836380895e+02
9.870000000000000000e+02 4.179537112933960543e+02
9.880000000000000000e+02 4.236324830670808979e+02
9.890000000000000000e+02 4.293793181471636444e+02
9.900000000000000000e+02 4.351948980590284464e+02
9.910000000000000000e+02 4.410799095351764549e+02
9.920000000000000000e+02 4.470350445394266785e+02
9.930000000000000000e+02 4.530610002911132597e+02
9.940000000000000000e+02 4.591584792892765563e+02
9.950000000000000000e+02 4.653281893368497890e+02
9.960000000000000000e+02 4.715708435648388104e+02
9.970000000000000000e+02 4.778871604564955646e+02
9.980000000000000000e+02 4.842778638714826229e+02
9.990000000000000000e+02 4.907436830700295900e+02
