# BB temperature (K); Intensity through filter (ph/s/m^2/mas^2)
1.000000000000000000e+01 0.000000000000000000e+00
1.100000000000000000e+01 0.000000000000000000e+00
1.200000000000000000e+01 0.000000000000000000e+00
1.300000000000000000e+01 0.000000000000000000e+00
1.400000000000000000e+01 0.000000000000000000e+00
1.500000000000000000e+01 0.000000000000000000e+00
1.600000000000000000e+01 0.000000000000000000e+00
1.700000000000000000e+01 0.000000000000000000e+00
1.800000000000000000e+01 0.000000000000000000e+00
1.900000000000000000e+01 0.000000000000000000e+00
2.000000000000000000e+01 0.000000000000000000e+00
2.100000000000000000e+01 2.207813019521417311e-22
2.200000000000000000e+01 3.622898744360955375e-21
2.300000000000000000e+01 4.670845109001413963e-20
2.400000000000000000e+01 4.875677464243186187e-19
2.500000000000000000e+01 4.226133594980822838e-18
2.600000000000000000e+01 3.107443982394693563e-17
2.700000000000000000e+01 1.973898240720921748e-16
2.800000000000000000e+01 1.100243096317236332e-15
2.900000000000000000e+01 5.454337733346614409e-15
3.000000000000000000e+01 2.433063538676645256e-14
3.100000000000000000e+01 9.865940609314388586e-14
3.200000000000000000e+01 3.669118178564654956e-13
3.300000000000000000e+01 1.261304646360790568e-12
3.400000000000000000e+01 4.035630883485045392e-12
3.500000000000000000e+01 1.209183304734648086e-11
3.600000000000000000e+01 3.411330150031962949e-11
3.700000000000000000e+01 9.105697080350172973e-11
3.800000000000000000e+01 2.309650086647637692e-10
3.900000000000000000e+01 5.588761176693372722e-10
4.000000000000000000e+01 1.294628969144542909e-09
4.100000000000000000e+01 2.880124789101603494e-09
4.200000000000000000e+01 6.171045008839451132e-09
4.300000000000000000e+01 1.276783692206279774e-08
4.400000000000000000e+01 2.556905017107218205e-08
4.500000000000000000e+01 4.966918069475316290e-08
4.600000000000000000e+01 9.377561203161738493e-08
4.700000000000000000e+01 1.723876780436340203e-07
4.800000000000000000e+01 3.090678833333516669e-07
4.900000000000000000e+01 5.412432471724950509e-07
5.000000000000000000e+01 9.271055000226324322e-07
5.100000000000000000e+01 1.555333768826271589e-06
5.200000000000000000e+01 2.558542974395278064e-06
5.300000000000000000e+01 4.131565054849473291e-06
5.400000000000000000e+01 6.555896934713711957e-06
5.500000000000000000e+01 1.023189642845161128e-05
5.600000000000000000e+01 1.572057148660143151e-05
5.700000000000000000e+01 2.379708484183774771e-05
5.800000000000000000e+01 3.551837976889871612e-05
5.900000000000000000e+01 5.230761716231517567e-05
6.000000000000000000e+01 7.605839272000265879e-05
6.100000000000000000e+01 1.092619686076205256e-04
6.200000000000000000e+01 1.551609993530603997e-04
6.300000000000000000e+01 2.179334497764580370e-04
6.400000000000000000e+01 3.029105867282180786e-04
6.500000000000000000e+01 4.168330700613844539e-04
6.600000000000000000e+01 5.681492661140361868e-04
6.700000000000000000e+01 7.673599544209539543e-04
6.800000000000000000e+01 1.027413591822871550e-03
6.900000000000000000e+01 1.364156235105969898e-03
7.000000000000000000e+01 1.796840102440728712e-03
7.100000000000000000e+01 2.348694575014079015e-03
7.200000000000000000e+01 3.047563204315818699e-03
7.300000000000000000e+01 3.926609999588701050e-03
7.400000000000000000e+01 5.025097927027017720e-03
7.500000000000000000e+01 6.389242161362724236e-03
7.600000000000000000e+01 8.073140196251049616e-03
7.700000000000000000e+01 1.013978044775895593e-02
7.800000000000000000e+01 1.266213048119149351e-02
7.900000000000000000e+01 1.572430546176954019e-02
8.000000000000000000e+01 1.942281688084890323e-02
8.100000000000000000e+01 2.386790104811003371e-02
8.200000000000000000e+01 2.918492627310153090e-02
8.300000000000000000e+01 3.551587709321335495e-02
8.400000000000000000e+01 4.302091334587863913e-02
8.500000000000000000e+01 5.188000133652794638e-02
8.600000000000000000e+01 6.229461382611638232e-02
8.700000000000000000e+01 7.448949505802163196e-02
8.800000000000000000e+01 8.871448656836995739e-02
8.900000000000000000e+01 1.052464090804357544e-01
9.000000000000000000e+01 1.243909953761645343e-01
9.100000000000000000e+01 1.464848686689879387e-01
9.200000000000000000e+01 1.718975606742567108e-01
9.300000000000000000e+01 2.010335632885586477e-01
9.400000000000000000e+01 2.343344075481126609e-01
9.500000000000000000e+01 2.722807633399981775e-01
9.600000000000000000e+01 3.153945531883584064e-01
9.700000000000000000e+01 3.642410733306049586e-01
9.800000000000000000e+01 4.194311152353313865e-01
9.900000000000000000e+01 4.816230806929833186e-01
1.000000000000000000e+02 5.515250836309073534e-01
1.010000000000000000e+02 6.298970318644301347e-01
1.020000000000000000e+02 7.175526820930957506e-01
1.030000000000000000e+02 8.153616615838993331e-01
1.040000000000000000e+02 9.242514501488842127e-01
1.050000000000000000e+02 1.045209316220268247e+00
1.060000000000000000e+02 1.179284201049738190e+00
1.070000000000000000e+02 1.327588545306944479e+00
1.080000000000000000e+02 1.491300052622855254e+00
1.090000000000000000e+02 1.671663384913730566e+00
1.100000000000000000e+02 1.869991784628329379e+00
1.110000000000000000e+02 2.087668619381961577e+00
1.120000000000000000e+02 2.326148844773419100e+00
1.130000000000000000e+02 2.586960381522327879e+00
1.140000000000000000e+02 2.871705403412455837e+00
1.150000000000000000e+02 3.182061532878833088e+00
1.160000000000000000e+02 3.519782941430920520e+00
1.170000000000000000e+02 3.886701352458530767e+00
1.180000000000000000e+02 4.284726944319768194e+00
1.190000000000000000e+02 4.715849151959170094e+00
1.200000000000000000e+02 5.182137365647975891e+00
1.210000000000000000e+02 5.685741525775315885e+00
1.220000000000000000e+02 6.228892612948015106e+00
1.230000000000000000e+02 6.813903032976215357e+00
1.240000000000000000e+02 7.443166896631309370e+00
1.250000000000000000e+02 8.119160194360530269e+00
1.260000000000000000e+02 8.844440866428499248e+00
1.270000000000000000e+02 9.621648769229103948e+00
1.280000000000000000e+02 1.045350553877093525e+01
1.290000000000000000e+02 1.134281435258559867e+01
1.300000000000000000e+02 1.229245959154021151e+01
1.310000000000000000e+02 1.330540640325314072e+01
1.320000000000000000e+02 1.438470016901522186e+01
1.330000000000000000e+02 1.553346587630747599e+01
1.340000000000000000e+02 1.675490739918056349e+01
1.350000000000000000e+02 1.805230668892101775e+01
1.360000000000000000e+02 1.942902287757492275e+01
1.370000000000000000e+02 2.088849129703118734e+01
1.380000000000000000e+02 2.243422241648453408e+01
1.390000000000000000e+02 2.406980070120238935e+01
1.400000000000000000e+02 2.579888339561143695e+01
1.410000000000000000e+02 2.762519923379797149e+01
1.420000000000000000e+02 2.955254708058259183e+01
1.430000000000000000e+02 3.158479450638423458e+01
1.440000000000000000e+02 3.372587629913176954e+01
1.450000000000000000e+02 3.597979291651360967e+01
1.460000000000000000e+02 3.835060888187765471e+01
1.470000000000000000e+02 4.084245112710627268e+01
1.480000000000000000e+02 4.345950728579346389e+01
1.490000000000000000e+02 4.620602394004551172e+01
1.500000000000000000e+02 4.908630482421185803e+01
1.510000000000000000e+02 5.210470898883147584e+01
1.520000000000000000e+02 5.526564892804948670e+01
1.530000000000000000e+02 5.857358867372405342e+01
1.540000000000000000e+02 6.203304185939981608e+01
1.550000000000000000e+02 6.564856975727722954e+01
1.560000000000000000e+02 6.942477929125274727e+01
1.570000000000000000e+02 7.336632102904681574e+01
1.580000000000000000e+02 7.747788715637433654e+01
1.590000000000000000e+02 8.176420943604472313e+01
1.600000000000000000e+02 8.623005715480974231e+01
1.610000000000000000e+02 9.088023506070230439e+01
1.620000000000000000e+02 9.571958129353517108e+01
1.630000000000000000e+02 1.007529653111484009e+02
1.640000000000000000e+02 1.059852858139149419e+02
1.650000000000000000e+02 1.114214686699311443e+02
1.660000000000000000e+02 1.170664648432350248e+02
1.670000000000000000e+02 1.229252483273112659e+02
1.680000000000000000e+02 1.290028140860555652e+02
1.690000000000000000e+02 1.353041760042854094e+02
1.700000000000000000e+02 1.418343648497979359e+02
1.710000000000000000e+02 1.485984262488890408e+02
1.720000000000000000e+02 1.556014186771617176e+02
1.730000000000000000e+02 1.628484114673665317e+02
1.740000000000000000e+02 1.703444828359296253e+02
1.750000000000000000e+02 1.780947179297424441e+02
1.760000000000000000e+02 1.861042068947010648e+02
1.770000000000000000e+02 1.943780429674008587e+02
1.780000000000000000e+02 2.029213205913124511e+02
1.790000000000000000e+02 2.117391335586825107e+02
1.800000000000000000e+02 2.208365731793258533e+02
1.810000000000000000e+02 2.302187264773975244e+02
1.820000000000000000e+02 2.398906744171578964e+02
1.830000000000000000e+02 2.498574901586701742e+02
1.840000000000000000e+02 2.601242373442971143e+02
1.850000000000000000e+02 2.706959684167941305e+02
1.860000000000000000e+02 2.815777229697262101e+02
1.870000000000000000e+02 2.927745261308705835e+02
1.880000000000000000e+02 3.042913869792031392e+02
1.890000000000000000e+02 3.161332969960002401e+02
1.900000000000000000e+02 3.283052285505321493e+02
1.910000000000000000e+02 3.408121334207606878e+02
1.920000000000000000e+02 3.536589413494009477e+02
1.930000000000000000e+02 3.668505586356479853e+02
1.940000000000000000e+02 3.803918667628217918e+02
1.950000000000000000e+02 3.942877210621286395e+02
1.960000000000000000e+02 4.085429494126902341e+02
1.970000000000000000e+02 4.231623509779450956e+02
1.980000000000000000e+02 4.381506949784825338e+02
1.990000000000000000e+02 4.535127195013246251e+02
2.000000000000000000e+02 4.692531303456339060e+02
2.010000000000000000e+02 4.853765999047801074e+02
2.020000000000000000e+02 5.018877660846708864e+02
2.030000000000000000e+02 5.187912312582044478e+02
2.040000000000000000e+02 5.360915612556794940e+02
2.050000000000000000e+02 5.537932843909584335e+02
2.060000000000000000e+02 5.719008905231538620e+02
2.070000000000000000e+02 5.904188301535766641e+02
2.080000000000000000e+02 6.093515135576601551e+02
2.090000000000000000e+02 6.287033099515484764e+02
2.100000000000000000e+02 6.484785466930106850e+02
2.110000000000000000e+02 6.686815085163268577e+02
2.120000000000000000e+02 6.893164368007621761e+02
2.130000000000000000e+02 7.103875288722358619e+02
2.140000000000000000e+02 7.318989373377645506e+02
2.150000000000000000e+02 7.538547694522495703e+02
2.160000000000000000e+02 7.762590865171592895e+02
2.170000000000000000e+02 7.991159033106441711e+02
2.180000000000000000e+02 8.224291875486101162e+02
2.190000000000000000e+02 8.462028593762603350e+02
2.200000000000000000e+02 8.704407908896131403e+02
2.210000000000000000e+02 8.951468056864823666e+02
2.220000000000000000e+02 9.203246784464096208e+02
2.230000000000000000e+02 9.459781345390221077e+02
2.240000000000000000e+02 9.721108496602872719e+02
2.250000000000000000e+02 9.987264494961290211e+02
2.260000000000000000e+02 1.025828509412864378e+03
2.270000000000000000e+02 1.053420554173913843e+03
2.280000000000000000e+02 1.081506057682244773e+03
2.290000000000000000e+02 1.110088442747989802e+03
2.300000000000000000e+02 1.139171080880690624e+03
2.310000000000000000e+02 1.168757292105620536e+03
2.320000000000000000e+02 1.198850344803621965e+03
2.330000000000000000e+02 1.229453455573916017e+03
2.340000000000000000e+02 1.260569789119323787e+03
2.350000000000000000e+02 1.292202458153356474e+03
2.360000000000000000e+02 1.324354523328616551e+03
2.370000000000000000e+02 1.357028993185974286e+03
2.380000000000000000e+02 1.390228824123965296e+03
2.390000000000000000e+02 1.423956920387876607e+03
2.400000000000000000e+02 1.458216134077982133e+03
2.410000000000000000e+02 1.493009265176396411e+03
2.420000000000000000e+02 1.528339061592013422e+03
2.430000000000000000e+02 1.564208219223020023e+03
2.440000000000000000e+02 1.600619382036449224e+03
2.450000000000000000e+02 1.637575142164277167e+03
2.460000000000000000e+02 1.675078040015545866e+03
2.470000000000000000e+02 1.713130564404017150e+03
2.480000000000000000e+02 1.751735152690860559e+03
2.490000000000000000e+02 1.790894190941888837e+03
2.500000000000000000e+02 1.830610014098859438e+03
2.510000000000000000e+02 1.870884906164363429e+03
2.520000000000000000e+02 1.911721100399843408e+03
2.530000000000000000e+02 1.953120779536269310e+03
2.540000000000000000e+02 1.995086075997026683e+03
2.550000000000000000e+02 2.037619072132564042e+03
2.560000000000000000e+02 2.080721800466371405e+03
2.570000000000000000e+02 2.124396243951846827e+03
2.580000000000000000e+02 2.168644336239636687e+03
2.590000000000000000e+02 2.213467961955028841e+03
2.600000000000000000e+02 2.258868956984992110e+03
2.610000000000000000e+02 2.304849108774461911e+03
2.620000000000000000e+02 2.351410156631481186e+03
2.630000000000000000e+02 2.398553792040805547e+03
2.640000000000000000e+02 2.446281658985606555e+03
2.650000000000000000e+02 2.494595354276889339e+03
2.660000000000000000e+02 2.543496427890278937e+03
2.670000000000000000e+02 2.592986383309806115e+03
2.680000000000000000e+02 2.643066677878360679e+03
2.690000000000000000e+02 2.693738723154467607e+03
2.700000000000000000e+02 2.745003885275047651e+03
2.710000000000000000e+02 2.796863485323859550e+03
2.720000000000000000e+02 2.849318799705286438e+03
2.730000000000000000e+02 2.902371060523169490e+03
2.740000000000000000e+02 2.956021455964399593e+03
2.750000000000000000e+02 3.010271130686940978e+03
2.760000000000000000e+02 3.065121186212040357e+03
2.770000000000000000e+02 3.120572681320317315e+03
2.780000000000000000e+02 3.176626632451469959e+03
2.790000000000000000e+02 3.233284014107342045e+03
2.800000000000000000e+02 3.290545759258075122e+03
2.810000000000000000e+02 3.348412759751117846e+03
2.820000000000000000e+02 3.406885866722831906e+03
2.830000000000000000e+02 3.465965891012462180e+03
2.840000000000000000e+02 3.525653603578252387e+03
2.850000000000000000e+02 3.585949735915460224e+03
2.860000000000000000e+02 3.646854980476075525e+03
2.870000000000000000e+02 3.708369991090029544e+03
2.880000000000000000e+02 3.770495383387669335e+03
2.890000000000000000e+02 3.833231735223326723e+03
2.900000000000000000e+02 3.896579587099770379e+03
2.910000000000000000e+02 3.960539442593374588e+03
2.920000000000000000e+02 4.025111768779786416e+03
2.930000000000000000e+02 4.090296996659972137e+03
2.940000000000000000e+02 4.156095521586416908e+03
2.950000000000000000e+02 4.222507703689358095e+03
2.960000000000000000e+02 4.289533868302872179e+03
2.970000000000000000e+02 4.357174306390656966e+03
2.980000000000000000e+02 4.425429274971391351e+03
2.990000000000000000e+02 4.494298997543487530e+03
3.000000000000000000e+02 4.563783664509142909e+03
3.010000000000000000e+02 4.633883433597523435e+03
3.020000000000000000e+02 4.704598430286961957e+03
3.030000000000000000e+02 4.775928748226069729e+03
3.040000000000000000e+02 4.847874449653594638e+03
3.050000000000000000e+02 4.920435565816977032e+03
3.060000000000000000e+02 4.993612097389423070e+03
3.070000000000000000e+02 5.067404014885448305e+03
3.080000000000000000e+02 5.141811259074755981e+03
3.090000000000000000e+02 5.216833741394378194e+03
3.100000000000000000e+02 5.292471344358945316e+03
3.110000000000000000e+02 5.368723921969051844e+03
3.120000000000000000e+02 5.445591300117587707e+03
3.130000000000000000e+02 5.523073276993974105e+03
3.140000000000000000e+02 5.601169623486215642e+03
3.150000000000000000e+02 5.679880083580706014e+03
3.160000000000000000e+02 5.759204374759707207e+03
3.170000000000000000e+02 5.839142188396437632e+03
3.180000000000000000e+02 5.919693190147700989e+03
3.190000000000000000e+02 6.000857020344010380e+03
3.200000000000000000e+02 6.082633294377111270e+03
3.210000000000000000e+02 6.165021603084903290e+03
3.220000000000000000e+02 6.248021513133666303e+03
3.230000000000000000e+02 6.331632567397547973e+03
3.240000000000000000e+02 6.415854285335278291e+03
3.250000000000000000e+02 6.500686163364073764e+03
3.260000000000000000e+02 6.586127675230653949e+03
3.270000000000000000e+02 6.672178272379376722e+03
3.280000000000000000e+02 6.758837384317420401e+03
3.290000000000000000e+02 6.846104418977003661e+03
3.300000000000000000e+02 6.933978763074591370e+03
3.310000000000000000e+02 7.022459782467080004e+03
3.320000000000000000e+02 7.111546822504903503e+03
3.330000000000000000e+02 7.201239208382076868e+03
3.340000000000000000e+02 7.291536245483111088e+03
3.350000000000000000e+02 7.382437219726809417e+03
3.360000000000000000e+02 7.473941397906914972e+03
3.370000000000000000e+02 7.566048028029581474e+03
3.380000000000000000e+02 7.658756339647684399e+03
3.390000000000000000e+02 7.752065544191922527e+03
3.400000000000000000e+02 7.845974835298710786e+03
3.410000000000000000e+02 7.940483389134865320e+03
3.420000000000000000e+02 8.035590364719068930e+03
3.430000000000000000e+02 8.131294904240077813e+03
3.440000000000000000e+02 8.227596133371729593e+03
3.450000000000000000e+02 8.324493161584674453e+03
3.460000000000000000e+02 8.421985082454881194e+03
3.470000000000000000e+02 8.520070973968893668e+03
3.480000000000000000e+02 8.618749898825828495e+03
3.490000000000000000e+02 8.718020904736149532e+03
3.500000000000000000e+02 8.817883024717186345e+03
3.510000000000000000e+02 8.918335277385396694e+03
3.520000000000000000e+02 9.019376667245436693e+03
3.530000000000000000e+02 9.121006184975951328e+03
3.540000000000000000e+02 9.223222807712172653e+03
3.550000000000000000e+02 9.326025499325298370e+03
3.560000000000000000e+02 9.429413210698663534e+03
3.570000000000000000e+02 9.533384880000689009e+03
3.580000000000000000e+02 9.637939432954679432e+03
3.590000000000000000e+02 9.743075783105436130e+03
3.600000000000000000e+02 9.848792832082666791e+03
3.610000000000000000e+02 9.955089469861308316e+03
3.620000000000000000e+02 1.006196457501864097e+04
3.630000000000000000e+02 1.016941701498834118e+04
3.640000000000000000e+02 1.027744564631137655e+04
3.650000000000000000e+02 1.038604931488383409e+04
3.660000000000000000e+02 1.049522685620165066e+04
3.670000000000000000e+02 1.060497709560229850e+04
3.680000000000000000e+02 1.071529884850342569e+04
3.690000000000000000e+02 1.082619092063842618e+04
3.700000000000000000e+02 1.093765210828907948e+04
3.710000000000000000e+02 1.104968119851511983e+04
3.720000000000000000e+02 1.116227696938089321e+04
3.730000000000000000e+02 1.127543819017901114e+04
3.740000000000000000e+02 1.138916362165112514e+04
3.750000000000000000e+02 1.150345201620573425e+04
3.760000000000000000e+02 1.161830211813315509e+04
3.770000000000000000e+02 1.173371266381756141e+04
3.780000000000000000e+02 1.184968238194624246e+04
3.790000000000000000e+02 1.196620999371596008e+04
3.800000000000000000e+02 1.208329421303656090e+04
3.810000000000000000e+02 1.220093374673176004e+04
3.820000000000000000e+02 1.231912729473720901e+04
3.830000000000000000e+02 1.243787355029575883e+04
3.840000000000000000e+02 1.255717120015008004e+04
3.850000000000000000e+02 1.267701892473252519e+04
3.860000000000000000e+02 1.279741539835235380e+04
3.870000000000000000e+02 1.291835928938031611e+04
3.880000000000000000e+02 1.303984926043058113e+04
3.890000000000000000e+02 1.316188396854009261e+04
3.900000000000000000e+02 1.328446206534533667e+04
3.910000000000000000e+02 1.340758219725653908e+04
3.920000000000000000e+02 1.353124300562937242e+04
3.930000000000000000e+02 1.365544312693412758e+04
3.940000000000000000e+02 1.378018119292238771e+04
3.950000000000000000e+02 1.390545583079129392e+04
3.960000000000000000e+02 1.403126566334532981e+04
3.970000000000000000e+02 1.415760930915571953e+04
3.980000000000000000e+02 1.428448538271743746e+04
3.990000000000000000e+02 1.441189249460384599e+04
4.000000000000000000e+02 1.453982925161900130e+04
4.010000000000000000e+02 1.466829425694764177e+04
4.020000000000000000e+02 1.479728611030290085e+04
4.030000000000000000e+02 1.492680340807172979e+04
4.040000000000000000e+02 1.505684474345810486e+04
4.050000000000000000e+02 1.518740870662398447e+04
4.060000000000000000e+02 1.531849388482809263e+04
4.070000000000000000e+02 1.545009886256254867e+04
4.080000000000000000e+02 1.558222222168730150e+04
4.090000000000000000e+02 1.571486254156248833e+04
4.100000000000000000e+02 1.584801839917866346e+04
4.110000000000000000e+02 1.598168836928496785e+04
4.120000000000000000e+02 1.611587102451523788e+04
4.130000000000000000e+02 1.625056493551208587e+04
4.140000000000000000e+02 1.638576867104897246e+04
4.150000000000000000e+02 1.652148079815030724e+04
4.160000000000000000e+02 1.665769988220955929e+04
4.170000000000000000e+02 1.679442448710547978e+04
4.180000000000000000e+02 1.693165317531635810e+04
4.190000000000000000e+02 1.706938450803241358e+04
4.200000000000000000e+02 1.720761704526632820e+04
4.210000000000000000e+02 1.734634934596190215e+04
4.220000000000000000e+02 1.748557996810088662e+04
4.230000000000000000e+02 1.762530746880806691e+04
4.240000000000000000e+02 1.776553040445447914e+04
4.250000000000000000e+02 1.790624733075894619e+04
4.260000000000000000e+02 1.804745680288783478e+04
4.270000000000000000e+02 1.818915737555308078e+04
4.280000000000000000e+02 1.833134760310859565e+04
4.290000000000000000e+02 1.847402603964488299e+04
4.300000000000000000e+02 1.861719123908211986e+04
4.310000000000000000e+02 1.876084175526153194e+04
4.320000000000000000e+02 1.890497614203518606e+04
4.330000000000000000e+02 1.904959295335417846e+04
4.340000000000000000e+02 1.919469074335526966e+04
4.350000000000000000e+02 1.934026806644596581e+04
4.360000000000000000e+02 1.948632347738805402e+04
4.370000000000000000e+02 1.963285553137963507e+04
4.380000000000000000e+02 1.977986278413570835e+04
4.390000000000000000e+02 1.992734379196720329e+04
4.400000000000000000e+02 2.007529711185863562e+04
4.410000000000000000e+02 2.022372130154427578e+04
4.420000000000000000e+02 2.037261491958297484e+04
4.430000000000000000e+02 2.052197652543150252e+04
4.440000000000000000e+02 2.067180467951659011e+04
4.450000000000000000e+02 2.082209794330558361e+04
4.460000000000000000e+02 2.097285487937572543e+04
4.470000000000000000e+02 2.112407405148222824e+04
4.480000000000000000e+02 2.127575402462487909e+04
4.490000000000000000e+02 2.142789336511352303e+04
4.500000000000000000e+02 2.158049064063214610e+04
4.510000000000000000e+02 2.173354442030183054e+04
4.520000000000000000e+02 2.188705327474236401e+04
4.530000000000000000e+02 2.204101577613271002e+04
4.540000000000000000e+02 2.219543049827024515e+04
4.550000000000000000e+02 2.235029601662884306e+04
4.560000000000000000e+02 2.250561090841574696e+04
4.570000000000000000e+02 2.266137375262736896e+04
4.580000000000000000e+02 2.281758313010386337e+04
4.590000000000000000e+02 2.297423762358264503e+04
4.600000000000000000e+02 2.313133581775080529e+04
4.610000000000000000e+02 2.328887629929643299e+04
4.620000000000000000e+02 2.344685765695885129e+04
4.630000000000000000e+02 2.360527848157782500e+04
4.640000000000000000e+02 2.376413736614169466e+04
4.650000000000000000e+02 2.392343290583454291e+04
4.660000000000000000e+02 2.408316369808232776e+04
4.670000000000000000e+02 2.424332834259796073e+04
4.680000000000000000e+02 2.440392544142550105e+04
4.690000000000000000e+02 2.456495359898335664e+04
4.700000000000000000e+02 2.472641142210647013e+04
4.710000000000000000e+02 2.488829752008764626e+04
4.720000000000000000e+02 2.505061050471796625e+04
4.730000000000000000e+02 2.521334899032615795e+04
4.740000000000000000e+02 2.537651159381727120e+04
4.750000000000000000e+02 2.554009693471029095e+04
4.760000000000000000e+02 2.570410363517498990e+04
4.770000000000000000e+02 2.586853032006790454e+04
4.780000000000000000e+02 2.603337561696740522e+04
4.790000000000000000e+02 2.619863815620805326e+04
4.800000000000000000e+02 2.636431657091399029e+04
4.810000000000000000e+02 2.653040949703167644e+04
4.820000000000000000e+02 2.669691557336171900e+04
4.830000000000000000e+02 2.686383344158999898e+04
4.840000000000000000e+02 2.703116174631794274e+04
4.850000000000000000e+02 2.719889913509213147e+04
4.860000000000000000e+02 2.736704425843309218e+04
4.870000000000000000e+02 2.753559576986340471e+04
4.880000000000000000e+02 2.770455232593504843e+04
4.890000000000000000e+02 2.787391258625604314e+04
4.900000000000000000e+02 2.804367521351642790e+04
4.910000000000000000e+02 2.821383887351349767e+04
4.920000000000000000e+02 2.838440223517639242e+04
4.930000000000000000e+02 2.855536397059001320e+04
4.940000000000000000e+02 2.872672275501827971e+04
4.950000000000000000e+02 2.889847726692672950e+04
4.960000000000000000e+02 2.907062618800450946e+04
4.970000000000000000e+02 2.924316820318570535e+04
4.980000000000000000e+02 2.941610200067009282e+04
4.990000000000000000e+02 2.958942627194322995e+04
5.000000000000000000e+02 2.976313971179600412e+04
5.010000000000000000e+02 2.993724101834358225e+04
5.020000000000000000e+02 3.011172889304374621e+04
5.030000000000000000e+02 3.028660204071470798e+04
5.040000000000000000e+02 3.046185916955232460e+04
5.050000000000000000e+02 3.063749899114680375e+04
5.060000000000000000e+02 3.081352022049883817e+04
5.070000000000000000e+02 3.098992157603520900e+04
5.080000000000000000e+02 3.116670177962388698e+04
5.090000000000000000e+02 3.134385955658858802e+04
5.100000000000000000e+02 3.152139363572286675e+04
5.110000000000000000e+02 3.169930274930366431e+04
5.120000000000000000e+02 3.187758563310438331e+04
5.130000000000000000e+02 3.205624102640751516e+04
5.140000000000000000e+02 3.223526767201674011e+04
5.150000000000000000e+02 3.241466431626859776e+04
5.160000000000000000e+02 3.259442970904367394e+04
5.170000000000000000e+02 3.277456260377739090e+04
5.180000000000000000e+02 3.295506175747026282e+04
5.190000000000000000e+02 3.313592593069783470e+04
5.200000000000000000e+02 3.331715388762007933e+04
5.210000000000000000e+02 3.349874439599045581e+04
5.220000000000000000e+02 3.368069622716452432e+04
5.230000000000000000e+02 3.386300815610812424e+04
5.240000000000000000e+02 3.404567896140526864e+04
5.250000000000000000e+02 3.422870742526544927e+04
5.260000000000000000e+02 3.441209233353078162e+04
5.270000000000000000e+02 3.459583247568259685e+04
5.280000000000000000e+02 3.477992664484775014e+04
5.290000000000000000e+02 3.496437363780454325e+04
5.300000000000000000e+02 3.514917225498832704e+04
5.310000000000000000e+02 3.533432130049660918e+04
5.320000000000000000e+02 3.551981958209406002e+04
5.330000000000000000e+02 3.570566591121689999e+04
5.340000000000000000e+02 3.589185910297720693e+04
5.350000000000000000e+02 3.607839797616672877e+04
5.360000000000000000e+02 3.626528135326041229e+04
5.370000000000000000e+02 3.645250806041969190e+04
5.380000000000000000e+02 3.664007692749530543e+04
5.390000000000000000e+02 3.682798678803005168e+04
5.400000000000000000e+02 3.701623647926096601e+04
5.410000000000000000e+02 3.720482484212145209e+04
5.420000000000000000e+02 3.739375072124289727e+04
5.430000000000000000e+02 3.758301296495627321e+04
5.440000000000000000e+02 3.777261042529316182e+04
5.450000000000000000e+02 3.796254195798678120e+04
5.460000000000000000e+02 3.815280642247250944e+04
5.470000000000000000e+02 3.834340268188832124e+04
5.480000000000000000e+02 3.853432960307494795e+04
5.490000000000000000e+02 3.872558605657560111e+04
5.500000000000000000e+02 3.891717091663572501e+04
5.510000000000000000e+02 3.910908306120228372e+04
5.520000000000000000e+02 3.930132137192295340e+04
5.530000000000000000e+02 3.949388473414499458e+04
5.540000000000000000e+02 3.968677203691391333e+04
5.550000000000000000e+02 3.987998217297190422e+04
5.560000000000000000e+02 4.007351403875613323e+04
5.570000000000000000e+02 4.026736653439670044e+04
5.580000000000000000e+02 4.046153856371442089e+04
5.590000000000000000e+02 4.065602903421846713e+04
5.600000000000000000e+02 4.085083685710377176e+04
5.610000000000000000e+02 4.104596094724810246e+04
5.620000000000000000e+02 4.124140022320922435e+04
5.630000000000000000e+02 4.143715360722156038e+04
5.640000000000000000e+02 4.163322002519285888e+04
5.650000000000000000e+02 4.182959840670066478e+04
5.660000000000000000e+02 4.202628768498854333e+04
5.670000000000000000e+02 4.222328679696210020e+04
5.680000000000000000e+02 4.242059468318497966e+04
5.690000000000000000e+02 4.261821028787454270e+04
5.700000000000000000e+02 4.281613255889745051e+04
5.710000000000000000e+02 4.301436044776506606e+04
5.720000000000000000e+02 4.321289290962872474e+04
5.730000000000000000e+02 4.341172890327481582e+04
5.740000000000000000e+02 4.361086739111970383e+04
5.750000000000000000e+02 4.381030733920455532e+04
5.760000000000000000e+02 4.401004771718996926e+04
5.770000000000000000e+02 4.421008749835051276e+04
5.780000000000000000e+02 4.441042565956902399e+04
5.790000000000000000e+02 4.461106118133091513e+04
5.800000000000000000e+02 4.481199304771825700e+04
5.810000000000000000e+02 4.501322024640370364e+04
5.820000000000000000e+02 4.521474176864437322e+04
5.830000000000000000e+02 4.541655660927555437e+04
5.840000000000000000e+02 4.561866376670431782e+04
5.850000000000000000e+02 4.582106224290298269e+04
5.860000000000000000e+02 4.602375104340248072e+04
5.870000000000000000e+02 4.622672917728557513e+04
5.880000000000000000e+02 4.642999565718006488e+04
5.890000000000000000e+02 4.663354949925177061e+04
5.900000000000000000e+02 4.683738972319748427e+04
5.910000000000000000e+02 4.704151535223772953e+04
5.920000000000000000e+02 4.724592541310961678e+04
5.930000000000000000e+02 4.745061893605929072e+04
5.940000000000000000e+02 4.765559495483461797e+04
5.950000000000000000e+02 4.786085250667754735e+04
5.960000000000000000e+02 4.806639063231647742e+04
5.970000000000000000e+02 4.827220837595850026e+04
5.980000000000000000e+02 4.847830478528158710e+04
5.990000000000000000e+02 4.868467891142667941e+04
6.000000000000000000e+02 4.889132980898965616e+04
6.010000000000000000e+02 4.909825653601333033e+04
6.020000000000000000e+02 4.930545815397921979e+04
6.030000000000000000e+02 4.951293372779942001e+04
6.040000000000000000e+02 4.972068232580820040e+04
6.050000000000000000e+02 4.992870301975368056e+04
6.060000000000000000e+02 5.013699488478944113e+04
6.070000000000000000e+02 5.034555699946589448e+04
6.080000000000000000e+02 5.055438844572183734e+04
6.090000000000000000e+02 5.076348830887574877e+04
6.100000000000000000e+02 5.097285567761710990e+04
6.110000000000000000e+02 5.118248964399760735e+04
6.120000000000000000e+02 5.139238930342240928e+04
6.130000000000000000e+02 5.160255375464118697e+04
6.140000000000000000e+02 5.181298209973926714e+04
6.150000000000000000e+02 5.202367344412860257e+04
6.160000000000000000e+02 5.223462689653876441e+04
6.170000000000000000e+02 5.244584156900787639e+04
6.180000000000000000e+02 5.265731657687342522e+04
6.190000000000000000e+02 5.286905103876316571e+04
6.200000000000000000e+02 5.308104407658582932e+04
6.210000000000000000e+02 5.329329481552192738e+04
6.220000000000000000e+02 5.350580238401437964e+04
6.230000000000000000e+02 5.371856591375921562e+04
6.240000000000000000e+02 5.393158453969615221e+04
6.250000000000000000e+02 5.414485739999922953e+04
6.260000000000000000e+02 5.435838363606727216e+04
6.270000000000000000e+02 5.457216239251447405e+04
6.280000000000000000e+02 5.478619281716081605e+04
6.290000000000000000e+02 5.500047406102251989e+04
6.300000000000000000e+02 5.521500527830250940e+04
6.310000000000000000e+02 5.542978562638068979e+04
6.320000000000000000e+02 5.564481426580439438e+04
6.330000000000000000e+02 5.586009036027867842e+04
6.340000000000000000e+02 5.607561307665658387e+04
6.350000000000000000e+02 5.629138158492947696e+04
6.360000000000000000e+02 5.650739505821727653e+04
6.370000000000000000e+02 5.672365267275863880e+04
6.380000000000000000e+02 5.694015360790124396e+04
6.390000000000000000e+02 5.715689704609191540e+04
6.400000000000000000e+02 5.737388217286684085e+04
6.410000000000000000e+02 5.759110817684171343e+04
6.420000000000000000e+02 5.780857424970180000e+04
6.430000000000000000e+02 5.802627958619219135e+04
6.440000000000000000e+02 5.824422338410779048e+04
6.450000000000000000e+02 5.846240484428346099e+04
6.460000000000000000e+02 5.868082317058405897e+04
6.470000000000000000e+02 5.889947756989458139e+04
6.480000000000000000e+02 5.911836725211012526e+04
6.490000000000000000e+02 5.933749143012602872e+04
6.500000000000000000e+02 5.955684931982780108e+04
6.510000000000000000e+02 5.977644014008124941e+04
6.520000000000000000e+02 5.999626311272244493e+04
6.530000000000000000e+02 6.021631746254774771e+04
6.540000000000000000e+02 6.043660241730381676e+04
6.550000000000000000e+02 6.065711720767763472e+04
6.560000000000000000e+02 6.087786106728646701e+04
6.570000000000000000e+02 6.109883323266791558e+04
6.580000000000000000e+02 6.132003294326983450e+04
6.590000000000000000e+02 6.154145944144038367e+04
6.600000000000000000e+02 6.176311197241806076e+04
6.610000000000000000e+02 6.198498978432155127e+04
6.620000000000000000e+02 6.220709212813987688e+04
6.630000000000000000e+02 6.242941825772228913e+04
6.640000000000000000e+02 6.265196742976832320e+04
6.650000000000000000e+02 6.287473890381772799e+04
6.660000000000000000e+02 6.309773194224056351e+04
6.670000000000000000e+02 6.332094581022713828e+04
6.680000000000000000e+02 6.354437977577802667e+04
6.690000000000000000e+02 6.376803310969410086e+04
6.700000000000000000e+02 6.399190508556653367e+04
6.710000000000000000e+02 6.421599497976688144e+04
6.720000000000000000e+02 6.444030207143703592e+04
6.730000000000000000e+02 6.466482564247931441e+04
6.740000000000000000e+02 6.488956497754652810e+04
6.750000000000000000e+02 6.511451936403199215e+04
6.760000000000000000e+02 6.533968809205966681e+04
6.770000000000000000e+02 6.556507045447414566e+04
6.780000000000000000e+02 6.579066574683079671e+04
6.790000000000000000e+02 6.601647326738585252e+04
6.800000000000000000e+02 6.624249231708655134e+04
6.810000000000000000e+02 6.646872219956123445e+04
6.820000000000000000e+02 6.669516222110940726e+04
6.830000000000000000e+02 6.692181169069207681e+04
6.840000000000000000e+02 6.714866991992171097e+04
6.850000000000000000e+02 6.737573622305253230e+04
6.860000000000000000e+02 6.760300991697063728e+04
6.870000000000000000e+02 6.783049032118430478e+04
6.880000000000000000e+02 6.805817675781410071e+04
6.890000000000000000e+02 6.828606855158312828e+04
6.900000000000000000e+02 6.851416502980740916e+04
6.910000000000000000e+02 6.874246552238591539e+04
6.920000000000000000e+02 6.897096936179106706e+04
6.930000000000000000e+02 6.919967588305893878e+04
6.940000000000000000e+02 6.942858442377955362e+04
6.950000000000000000e+02 6.965769432408729335e+04
6.960000000000000000e+02 6.988700492665114871e+04
6.970000000000000000e+02 7.011651557666520239e+04
6.980000000000000000e+02 7.034622562183892296e+04
6.990000000000000000e+02 7.057613441238760424e+04
7.000000000000000000e+02 7.080624130102283380e+04
7.010000000000000000e+02 7.103654564294290321e+04
7.020000000000000000e+02 7.126704679582320387e+04
7.030000000000000000e+02 7.149774411980689911e+04
7.040000000000000000e+02 7.172863697749523271e+04
7.050000000000000000e+02 7.195972473393814289e+04
7.060000000000000000e+02 7.219100675662487629e+04
7.070000000000000000e+02 7.242248241547444195e+04
7.080000000000000000e+02 7.265415108282622532e+04
7.090000000000000000e+02 7.288601213343071868e+04
7.100000000000000000e+02 7.311806494443993142e+04
7.110000000000000000e+02 7.335030889539832424e+04
7.120000000000000000e+02 7.358274336823323392e+04
7.130000000000000000e+02 7.381536774724577845e+04
7.140000000000000000e+02 7.404818141910141276e+04
7.150000000000000000e+02 7.428118377282081929e+04
7.160000000000000000e+02 7.451437419977060927e+04
7.170000000000000000e+02 7.474775209365408227e+04
7.180000000000000000e+02 7.498131685050216038e+04
7.190000000000000000e+02 7.521506786866410403e+04
7.200000000000000000e+02 7.544900454879844619e+04
7.210000000000000000e+02 7.568312629386392655e+04
7.220000000000000000e+02 7.591743250911032374e+04
7.230000000000000000e+02 7.615192260206937499e+04
7.240000000000000000e+02 7.638659598254588491e+04
7.250000000000000000e+02 7.662145206260865962e+04
7.260000000000000000e+02 7.685649025658130995e+04
7.270000000000000000e+02 7.709170998103363672e+04
7.280000000000000000e+02 7.732711065477252123e+04
7.290000000000000000e+02 7.756269169883296126e+04
7.300000000000000000e+02 7.779845253646929632e+04
7.310000000000000000e+02 7.803439259314633091e+04
7.320000000000000000e+02 7.827051129653041426e+04
7.330000000000000000e+02 7.850680807648081100e+04
7.340000000000000000e+02 7.874328236504075176e+04
7.350000000000000000e+02 7.897993359642877476e+04
7.360000000000000000e+02 7.921676120702995104e+04
7.370000000000000000e+02 7.945376463538725511e+04
7.380000000000000000e+02 7.969094332219279022e+04
7.390000000000000000e+02 7.992829671027921722e+04
7.400000000000000000e+02 8.016582424461119808e+04
7.410000000000000000e+02 8.040352537227656285e+04
7.420000000000000000e+02 8.064139954247805872e+04
7.430000000000000000e+02 8.087944620652453159e+04
7.440000000000000000e+02 8.111766481782273331e+04
7.450000000000000000e+02 8.135605483186840138e+04
7.460000000000000000e+02 8.159461570623822627e+04
7.470000000000000000e+02 8.183334690058119304e+04
7.480000000000000000e+02 8.207224787661019946e+04
7.490000000000000000e+02 8.231131809809380502e+04
7.500000000000000000e+02 8.255055703084767447e+04
7.510000000000000000e+02 8.278996414272647235e+04
7.520000000000000000e+02 8.302953890361545200e+04
7.530000000000000000e+02 8.326928078542220464e+04
7.540000000000000000e+02 8.350918926206842298e+04
7.550000000000000000e+02 8.374926380948173755e+04
7.560000000000000000e+02 8.398950390558752406e+04
7.570000000000000000e+02 8.422990903030068148e+04
7.580000000000000000e+02 8.447047866551757033e+04
7.590000000000000000e+02 8.471121229510792182e+04
7.600000000000000000e+02 8.495210940490679059e+04
7.610000000000000000e+02 8.519316948270636203e+04
7.620000000000000000e+02 8.543439201824819611e+04
7.630000000000000000e+02 8.567577650321497640e+04
7.640000000000000000e+02 8.591732243122272484e+04
7.650000000000000000e+02 8.615902929781287094e+04
7.660000000000000000e+02 8.640089660044420452e+04
7.670000000000000000e+02 8.664292383848519239e+04
7.680000000000000000e+02 8.688511051320598926e+04
7.690000000000000000e+02 8.712745612777071074e+04
7.700000000000000000e+02 8.736996018722961890e+04
7.710000000000000000e+02 8.761262219851129339e+04
7.720000000000000000e+02 8.785544167041506444e+04
7.730000000000000000e+02 8.809841811360308202e+04
7.740000000000000000e+02 8.834155104059286532e+04
7.750000000000000000e+02 8.858483996574947378e+04
7.760000000000000000e+02 8.882828440527804196e+04
7.770000000000000000e+02 8.907188387721605250e+04
7.780000000000000000e+02 8.931563790142588550e+04
7.790000000000000000e+02 8.955954599958714971e+04
7.800000000000000000e+02 8.980360769518931920e+04
7.810000000000000000e+02 9.004782251352418098e+04
7.820000000000000000e+02 9.029218998167838436e+04
7.830000000000000000e+02 9.053670962852601951e+04
7.840000000000000000e+02 9.078138098472119600e+04
7.850000000000000000e+02 9.102620358269076678e+04
7.860000000000000000e+02 9.127117695662690676e+04
7.870000000000000000e+02 9.151630064247979317e+04
7.880000000000000000e+02 9.176157417795034416e+04
7.890000000000000000e+02 9.200699710248303018e+04
7.900000000000000000e+02 9.225256895725853974e+04
7.910000000000000000e+02 9.249828928518657631e+04
7.920000000000000000e+02 9.274415763089880056e+04
7.930000000000000000e+02 9.299017354074159812e+04
7.940000000000000000e+02 9.323633656276893453e+04
7.950000000000000000e+02 9.348264624673535582e+04
7.960000000000000000e+02 9.372910214408887259e+04
7.970000000000000000e+02 9.397570380796388781e+04
7.980000000000000000e+02 9.422245079317428463e+04
7.990000000000000000e+02 9.446934265620633960e+04
8.000000000000000000e+02 9.471637895521182509e+04
8.010000000000000000e+02 9.496355925000114075e+04
8.020000000000000000e+02 9.521088310203628498e+04
8.030000000000000000e+02 9.545835007442408823e+04
8.040000000000000000e+02 9.570595973190934455e+04
8.050000000000000000e+02 9.595371164086792851e+04
8.060000000000000000e+02 9.620160536930008675e+04
8.070000000000000000e+02 9.644964048682370048e+04
8.080000000000000000e+02 9.669781656466741697e+04
8.090000000000000000e+02 9.694613317566407204e+04
8.100000000000000000e+02 9.719458989424393803e+04
8.110000000000000000e+02 9.744318629642805899e+04
8.120000000000000000e+02 9.769192195982171688e+04
8.130000000000000000e+02 9.794079646360772313e+04
8.140000000000000000e+02 9.818980938853987027e+04
8.150000000000000000e+02 9.843896031693638361e+04
8.160000000000000000e+02 9.868824883267353289e+04
8.170000000000000000e+02 9.893767452117883659e+04
8.180000000000000000e+02 9.918723696942487732e+04
8.190000000000000000e+02 9.943693576592278259e+04
8.200000000000000000e+02 9.968677050071566191e+04
8.210000000000000000e+02 9.993674076537242217e+04
8.220000000000000000e+02 1.001868461529813067e+05
8.230000000000000000e+02 1.004370862581435649e+05
8.240000000000000000e+02 1.006874606769670645e+05
8.250000000000000000e+02 1.009379690070602082e+05
8.260000000000000000e+02 1.011886108475254296e+05
8.270000000000000000e+02 1.014393857989531534e+05
8.280000000000000000e+02 1.016902934634154080e+05
8.290000000000000000e+02 1.019413334444598877e+05
8.300000000000000000e+02 1.021925053471035208e+05
8.310000000000000000e+02 1.024438087778264889e+05
8.320000000000000000e+02 1.026952433445662173e+05
8.330000000000000000e+02 1.029468086567109713e+05
8.340000000000000000e+02 1.031985043250941089e+05
8.350000000000000000e+02 1.034503299619879690e+05
8.360000000000000000e+02 1.037022851810978173e+05
8.370000000000000000e+02 1.039543695975558803e+05
8.380000000000000000e+02 1.042065828279153502e+05
8.390000000000000000e+02 1.044589244901445636e+05
8.400000000000000000e+02 1.047113942036210356e+05
8.410000000000000000e+02 1.049639915891255368e+05
8.420000000000000000e+02 1.052167162688363169e+05
8.430000000000000000e+02 1.054695678663231374e+05
8.440000000000000000e+02 1.057225460065417428e+05
8.450000000000000000e+02 1.059756503158277337e+05
8.460000000000000000e+02 1.062288804218910082e+05
8.470000000000000000e+02 1.064822359538100718e+05
8.480000000000000000e+02 1.067357165420260717e+05
8.490000000000000000e+02 1.069893218183375284e+05
8.500000000000000000e+02 1.072430514158942387e+05
8.510000000000000000e+02 1.074969049691919208e+05
8.520000000000000000e+02 1.077508821140664659e+05
8.530000000000000000e+02 1.080049824876884668e+05
8.540000000000000000e+02 1.082592057285574556e+05
8.550000000000000000e+02 1.085135514764966792e+05
8.560000000000000000e+02 1.087680193726471771e+05
8.570000000000000000e+02 1.090226090594626730e+05
8.580000000000000000e+02 1.092773201807038713e+05
8.590000000000000000e+02 1.095321523814329994e+05
8.600000000000000000e+02 1.097871053080085694e+05
8.610000000000000000e+02 1.100421786080798047e+05
8.620000000000000000e+02 1.102973719305812847e+05
8.630000000000000000e+02 1.105526849257277063e+05
8.640000000000000000e+02 1.108081172450083832e+05
8.650000000000000000e+02 1.110636685411820945e+05
8.660000000000000000e+02 1.113193384682716714e+05
8.670000000000000000e+02 1.115751266815588169e+05
8.680000000000000000e+02 1.118310328375788667e+05
8.690000000000000000e+02 1.120870565941154928e+05
8.700000000000000000e+02 1.123431976101955952e+05
8.710000000000000000e+02 1.125994555460840347e+05
8.720000000000000000e+02 1.128558300632786122e+05
8.730000000000000000e+02 1.131123208245048299e+05
8.740000000000000000e+02 1.133689274937107984e+05
8.750000000000000000e+02 1.136256497360622452e+05
8.760000000000000000e+02 1.138824872179373779e+05
8.770000000000000000e+02 1.141394396069217473e+05
8.780000000000000000e+02 1.143965065718034457e+05
8.790000000000000000e+02 1.146536877825679258e+05
8.800000000000000000e+02 1.149109829103931552e+05
8.810000000000000000e+02 1.151683916276445962e+05
8.820000000000000000e+02 1.154259136078702431e+05
8.830000000000000000e+02 1.156835485257957771e+05
8.840000000000000000e+02 1.159412960573196615e+05
8.850000000000000000e+02 1.161991558795082674e+05
8.860000000000000000e+02 1.164571276705909986e+05
8.870000000000000000e+02 1.167152111099555623e+05
8.880000000000000000e+02 1.169734058781429922e+05
8.890000000000000000e+02 1.172317116568431084e+05
8.900000000000000000e+02 1.174901281288894534e+05
8.910000000000000000e+02 1.177486549782549118e+05
8.920000000000000000e+02 1.180072918900466175e+05
8.930000000000000000e+02 1.182660385505014856e+05
8.940000000000000000e+02 1.185248946469815419e+05
8.950000000000000000e+02 1.187838598679691204e+05
8.960000000000000000e+02 1.190429339030623814e+05
8.970000000000000000e+02 1.193021164429705386e+05
8.980000000000000000e+02 1.195614071795093623e+05
8.990000000000000000e+02 1.198208058055966685e+05
9.000000000000000000e+02 1.200803120152475312e+05
9.010000000000000000e+02 1.203399255035699898e+05
9.020000000000000000e+02 1.205996459667603776e+05
9.030000000000000000e+02 1.208594731020989129e+05
9.040000000000000000e+02 1.211194066079451732e+05
9.050000000000000000e+02 1.213794461837336130e+05
9.060000000000000000e+02 1.216395915299691987e+05
9.070000000000000000e+02 1.218998423482229555e+05
9.080000000000000000e+02 1.221601983411275287e+05
9.090000000000000000e+02 1.224206592123728769e+05
9.100000000000000000e+02 1.226812246667018626e+05
9.110000000000000000e+02 1.229418944099059008e+05
9.120000000000000000e+02 1.232026681488206814e+05
9.130000000000000000e+02 1.234635455913218757e+05
9.140000000000000000e+02 1.237245264463207131e+05
9.150000000000000000e+02 1.239856104237599211e+05
9.160000000000000000e+02 1.242467972346093302e+05
9.170000000000000000e+02 1.245080865908616979e+05
9.180000000000000000e+02 1.247694782055285468e+05
9.190000000000000000e+02 1.250309717926358571e+05
9.200000000000000000e+02 1.252925670672199922e+05
9.210000000000000000e+02 1.255542637453235075e+05
9.220000000000000000e+02 1.258160615439910616e+05
9.230000000000000000e+02 1.260779601812651672e+05
9.240000000000000000e+02 1.263399593761822907e+05
9.250000000000000000e+02 1.266020588487686036e+05
9.260000000000000000e+02 1.268642583200359804e+05
9.270000000000000000e+02 1.271265575119779969e+05
9.280000000000000000e+02 1.273889561475658556e+05
9.290000000000000000e+02 1.276514539507443260e+05
9.300000000000000000e+02 1.279140506464278878e+05
9.310000000000000000e+02 1.281767459604966571e+05
9.320000000000000000e+02 1.284395396197924420e+05
9.330000000000000000e+02 1.287024313521147997e+05
9.340000000000000000e+02 1.289654208862172527e+05
9.350000000000000000e+02 1.292285079518030834e+05
9.360000000000000000e+02 1.294916922795217833e+05
9.370000000000000000e+02 1.297549736009649496e+05
9.380000000000000000e+02 1.300183516486625740e+05
9.390000000000000000e+02 1.302818261560791289e+05
9.400000000000000000e+02 1.305453968576097395e+05
9.410000000000000000e+02 1.308090634885764593e+05
9.420000000000000000e+02 1.310728257852244424e+05
9.430000000000000000e+02 1.313366834847181744e+05
9.440000000000000000e+02 1.316006363251376897e+05
9.450000000000000000e+02 1.318646840454749472e+05
9.460000000000000000e+02 1.321288263856299745e+05
9.470000000000000000e+02 1.323930630864072591e+05
9.480000000000000000e+02 1.326573938895120518e+05
9.490000000000000000e+02 1.329218185375467001e+05
9.500000000000000000e+02 1.331863367740069516e+05
9.510000000000000000e+02 1.334509483432782872e+05
9.520000000000000000e+02 1.337156529906325450e+05
9.530000000000000000e+02 1.339804504622239911e+05
9.540000000000000000e+02 1.342453405050858855e+05
9.550000000000000000e+02 1.345103228671270190e+05
9.560000000000000000e+02 1.347753972971279291e+05
9.570000000000000000e+02 1.350405635447374952e+05
9.580000000000000000e+02 1.353058213604694756e+05
9.590000000000000000e+02 1.355711704956988106e+05
9.600000000000000000e+02 1.358366107026583632e+05
9.610000000000000000e+02 1.361021417344351939e+05
9.620000000000000000e+02 1.363677633449673594e+05
9.630000000000000000e+02 1.366334752890402742e+05
9.640000000000000000e+02 1.368992773222832184e+05
9.650000000000000000e+02 1.371651692011661944e+05
9.660000000000000000e+02 1.374311506829963764e+05
9.670000000000000000e+02 1.376972215259147051e+05
9.680000000000000000e+02 1.379633814888924244e+05
9.690000000000000000e+02 1.382296303317280253e+05
9.700000000000000000e+02 1.384959678150435502e+05
9.710000000000000000e+02 1.387623937002815946e+05
9.720000000000000000e+02 1.390289077497016988e+05
9.730000000000000000e+02 1.392955097263772914e+05
9.740000000000000000e+02 1.395621993941922265e+05
9.750000000000000000e+02 1.398289765178377274e+05
9.760000000000000000e+02 1.400958408628088655e+05
9.770000000000000000e+02 1.403627921954015328e+05
9.780000000000000000e+02 1.406298302827092120e+05
9.790000000000000000e+02 1.408969548926195712e+05
9.800000000000000000e+02 1.411641657938114950e+05
9.810000000000000000e+02 1.414314627557518543e+05
9.820000000000000000e+02 1.416988455486921885e+05
9.830000000000000000e+02 1.419663139436657948e+05
9.840000000000000000e+02 1.422338677124842652e+05
9.850000000000000000e+02 1.425015066277347505e+05
9.860000000000000000e+02 1.427692304627765843e+05
9.870000000000000000e+02 1.430370389917382854e+05
9.880000000000000000e+02 1.433049319895144436e+05
9.890000000000000000e+02 1.435729092317625473e+05
9.900000000000000000e+02 1.438409704949001898e+05
9.910000000000000000e+02 1.441091155561018386e+05
9.920000000000000000e+02 1.443773441932957794e+05
9.930000000000000000e+02 1.446456561851612059e+05
9.940000000000000000e+02 1.449140513111252221e+05
9.950000000000000000e+02 1.451825293513596407e+05
9.960000000000000000e+02 1.454510900867784512e+05
9.970000000000000000e+02 1.457197332990343275e+05
9.980000000000000000e+02 1.459884587705160666e+05
9.990000000000000000e+02 1.462572662843454746e+05
