# BB temperature (K); Intensity through filter (ph/s/m^2/mas^2)
1.000000000000000000e+01 0.000000000000000000e+00
1.100000000000000000e+01 0.000000000000000000e+00
1.200000000000000000e+01 0.000000000000000000e+00
1.300000000000000000e+01 0.000000000000000000e+00
1.400000000000000000e+01 0.000000000000000000e+00
1.500000000000000000e+01 0.000000000000000000e+00
1.600000000000000000e+01 0.000000000000000000e+00
1.700000000000000000e+01 0.000000000000000000e+00
1.800000000000000000e+01 0.000000000000000000e+00
1.900000000000000000e+01 0.000000000000000000e+00
2.000000000000000000e+01 0.000000000000000000e+00
2.100000000000000000e+01 9.336637233453885566e-21
2.200000000000000000e+01 1.284759779147905275e-19
2.300000000000000000e+01 1.410406476125456664e-18
2.400000000000000000e+01 1.270516755078191975e-17
2.500000000000000000e+01 9.616118520137714772e-17
2.600000000000000000e+01 6.238701107972792329e-16
2.700000000000000000e+01 3.529142948224240037e-15
2.800000000000000000e+01 1.766340010151177995e-14
2.900000000000000000e+01 7.921076525122333745e-14
3.000000000000000000e+01 3.217696146565834288e-13
3.100000000000000000e+01 1.195340200867458359e-12
3.200000000000000000e+01 4.094893280370166806e-12
3.300000000000000000e+01 1.303104838608118388e-11
3.400000000000000000e+01 3.877122775140049280e-11
3.500000000000000000e+01 1.084727832596893841e-10
3.600000000000000000e+01 2.868302603206018684e-10
3.700000000000000000e+01 7.201045622226601252e-10
3.800000000000000000e+01 1.723450900267768866e-09
3.900000000000000000e+01 3.946578861277272044e-09
4.000000000000000000e+01 8.675387777255086956e-09
4.100000000000000000e+01 1.836082472012130420e-08
4.200000000000000000e+01 3.751433928901908298e-08
4.300000000000000000e+01 7.417589798563432372e-08
4.400000000000000000e+01 1.422497323716376914e-07
4.500000000000000000e+01 2.651189582592988739e-07
4.600000000000000000e+01 4.810967106300049646e-07
4.700000000000000000e+01 8.514516156272374791e-07
4.800000000000000000e+01 1.471961391319948773e-06
4.900000000000000000e+01 2.489200952632007163e-06
5.000000000000000000e+01 4.123059858136130301e-06
5.100000000000000000e+01 6.697305816178765613e-06
5.200000000000000000e+01 1.068036199919507440e-05
5.300000000000000000e+01 1.673884005122606151e-05
5.400000000000000000e+01 2.580676021251534084e-05
5.500000000000000000e+01 3.917378578992963145e-05
5.600000000000000000e+01 5.859619100266833864e-05
5.700000000000000000e+01 8.643465798881799225e-05
5.800000000000000000e+01 1.258233490620642243e-04
5.900000000000000000e+01 1.808750128045197249e-04
6.000000000000000000e+01 2.569271463840835132e-04
6.100000000000000000e+01 3.608344415626364796e-04
6.200000000000000000e+01 5.013128793869905953e-04
6.300000000000000000e+01 6.893409011922827824e-04
6.400000000000000000e+01 9.386230656777439256e-04
6.500000000000000000e+01 1.266121499686537633e-03
6.600000000000000000e+01 1.692660262133229314e-03
6.700000000000000000e+01 2.243607466433822448e-03
6.800000000000000000e+01 2.949639648870757899e-03
6.900000000000000000e+01 3.847592432432567124e-03
7.000000000000000000e+01 4.981401023306829441e-03
7.100000000000000000e+01 6.403133497319528529e-03
7.200000000000000000e+01 8.174119194364518060e-03
7.300000000000000000e+01 1.036617384938855191e-02
7.400000000000000000e+01 1.306292235864929194e-02
7.500000000000000000e+01 1.636121932007659346e-02
7.600000000000000000e+01 2.037266670720202372e-02
7.700000000000000000e+01 2.522522724783986259e-02
7.800000000000000000e+01 3.106493129185362162e-02
7.900000000000000000e+01 3.805767417688143278e-02
8.000000000000000000e+01 4.639110034621196643e-02
8.100000000000000000e+01 5.627656974779867566e-02
8.200000000000000000e+01 6.795120135556596830e-02
8.300000000000000000e+01 8.167998801070164294e-02
8.400000000000000000e+01 9.775797618760792562e-02
8.500000000000000000e+01 1.165125037516853840e-01
8.600000000000000000e+01 1.383054882982480416e-01
8.700000000000000000e+01 1.635357582467381610e-01
8.800000000000000000e+01 1.926414185141921975e-01
8.900000000000000000e+01 2.261022423078685450e-01
9.000000000000000000e+01 2.644420803594774161e-01
9.100000000000000000e+01 3.082312787721620539e-01
9.200000000000000000e+01 3.580890965651365443e-01
9.300000000000000000e+01 4.146861139779156602e-01
9.400000000000000000e+01 4.787466226340135189e-01
9.500000000000000000e+01 5.510509887599860379e-01
9.600000000000000000e+01 6.324379808064680697e-01
9.700000000000000000e+01 7.238070530197795449e-01
9.800000000000000000e+01 8.261205767618559070e-01
9.900000000000000000e+01 9.404060116685821757e-01
1.000000000000000000e+02 1.067758009067842906e+00
1.010000000000000000e+02 1.209340440444413467e+00
1.020000000000000000e+02 1.366388344134886301e+00
1.030000000000000000e+02 1.540209783857781067e+00
1.040000000000000000e+02 1.732187613127648795e+00
1.050000000000000000e+02 1.943781140063138846e+00
1.060000000000000000e+02 2.176527687573687864e+00
1.070000000000000000e+02 2.432044044393860016e+00
1.080000000000000000e+02 2.712027802924803943e+00
1.090000000000000000e+02 3.018258580335299257e+00
1.100000000000000000e+02 3.352599119867326394e+00
1.110000000000000000e+02 3.716996269779929474e+00
1.120000000000000000e+02 4.113481837847699829e+00
1.130000000000000000e+02 4.544173319803974209e+00
1.140000000000000000e+02 5.011274500581503588e+00
1.150000000000000000e+02 5.517075927653017686e+00
1.160000000000000000e+02 6.063955256208927835e+00
1.170000000000000000e+02 6.654377466327822788e+00
1.180000000000000000e+02 7.290894952696196363e+00
1.190000000000000000e+02 7.976147487815795856e+00
1.200000000000000000e+02 8.712862059999244124e+00
1.210000000000000000e+02 9.503852587796483675e+00
1.220000000000000000e+02 1.035201951281546506e+01
1.230000000000000000e+02 1.126034927320016443e+01
1.240000000000000000e+02 1.223191366030711968e+01
1.250000000000000000e+02 1.326986906137826949e+01
1.260000000000000000e+02 1.437745559124276973e+01
1.270000000000000000e+02 1.555799611629444001e+01
1.280000000000000000e+02 1.681489517418392410e+01
1.290000000000000000e+02 1.815163779283684065e+01
1.300000000000000000e+02 1.957178821256108492e+01
1.310000000000000000e+02 2.107898851513860805e+01
1.320000000000000000e+02 2.267695716391041927e+01
1.330000000000000000e+02 2.436948745895812252e+01
1.340000000000000000e+02 2.616044591156302701e+01
1.350000000000000000e+02 2.805377054218372024e+01
1.360000000000000000e+02 3.005346910623746837e+01
1.370000000000000000e+02 3.216361725199992350e+01
1.380000000000000000e+02 3.438835661495139817e+01
1.390000000000000000e+02 3.673189285289920036e+01
1.400000000000000000e+02 3.919849362619330435e+01
1.410000000000000000e+02 4.179248652732786695e+01
1.420000000000000000e+02 4.451825696418640632e+01
1.430000000000000000e+02 4.738024600114196971e+01
1.440000000000000000e+02 5.038294816216829730e+01
1.450000000000000000e+02 5.353090920005399767e+01
1.460000000000000000e+02 5.682872383573852915e+01
1.470000000000000000e+02 6.028103347170975468e+01
1.480000000000000000e+02 6.389252388331598809e+01
1.490000000000000000e+02 6.766792289175313613e+01
1.500000000000000000e+02 7.161199802238995460e+01
1.510000000000000000e+02 7.572955415199214713e+01
1.520000000000000000e+02 8.002543114829953197e+01
1.530000000000000000e+02 8.450450150530089388e+01
1.540000000000000000e+02 8.917166797743846018e+01
1.550000000000000000e+02 9.403186121585852675e+01
1.560000000000000000e+02 9.909003740970833007e+01
1.570000000000000000e+02 1.043511759353605015e+02
1.580000000000000000e+02 1.098202770163269122e+02
1.590000000000000000e+02 1.155023593965045592e+02
1.600000000000000000e+02 1.214024580292749391e+02
1.610000000000000000e+02 1.275256217848593394e+02
1.620000000000000000e+02 1.338769111782121968e+02
1.630000000000000000e+02 1.404613961196168361e+02
1.640000000000000000e+02 1.472841536900297399e+02
1.650000000000000000e+02 1.543502659431024995e+02
1.660000000000000000e+02 1.616648177356982501e+02
1.670000000000000000e+02 1.692328945886040117e+02
1.680000000000000000e+02 1.770595805790295572e+02
1.690000000000000000e+02 1.851499562663773872e+02
1.700000000000000000e+02 1.935090966526579450e+02
1.710000000000000000e+02 2.021420691788229078e+02
1.720000000000000000e+02 2.110539317581870193e+02
1.730000000000000000e+02 2.202497308480089373e+02
1.740000000000000000e+02 2.297344995602081497e+02
1.750000000000000000e+02 2.395132558120976682e+02
1.760000000000000000e+02 2.495910005179258633e+02
1.770000000000000000e+02 2.599727158219298531e+02
1.780000000000000000e+02 2.706633633735201556e+02
1.790000000000000000e+02 2.816678826451341138e+02
1.800000000000000000e+02 2.929911892932162232e+02
1.810000000000000000e+02 3.046381735627094827e+02
1.820000000000000000e+02 3.166136987353662562e+02
1.830000000000000000e+02 3.289225996221209698e+02
1.840000000000000000e+02 3.415696810996969361e+02
1.850000000000000000e+02 3.545597166915579805e+02
1.860000000000000000e+02 3.678974471932526740e+02
1.870000000000000000e+02 3.815875793421429876e+02
1.880000000000000000e+02 3.956347845314504070e+02
1.890000000000000000e+02 4.100436975685059906e+02
1.900000000000000000e+02 4.248189154770323626e+02
1.910000000000000000e+02 4.399649963432478899e+02
1.920000000000000000e+02 4.554864582055301980e+02
1.930000000000000000e+02 4.713877779873404847e+02
1.940000000000000000e+02 4.876733904730675135e+02
1.950000000000000000e+02 5.043476873264125970e+02
1.960000000000000000e+02 5.214150161509041936e+02
1.970000000000000000e+02 5.388796795920961813e+02
1.980000000000000000e+02 5.567459344809745971e+02
1.990000000000000000e+02 5.750179910180704610e+02
2.000000000000000000e+02 5.937000119977477652e+02
2.010000000000000000e+02 6.127961120721112138e+02
2.020000000000000000e+02 6.323103570539642533e+02
2.030000000000000000e+02 6.522467632582145143e+02
2.040000000000000000e+02 6.726092968811137780e+02
2.050000000000000000e+02 6.934018734167061666e+02
2.060000000000000000e+02 7.146283571098314269e+02
2.070000000000000000e+02 7.362925604450281298e+02
2.080000000000000000e+02 7.583982436706653516e+02
2.090000000000000000e+02 7.809491143576157128e+02
2.100000000000000000e+02 8.039488269917884509e+02
2.110000000000000000e+02 8.274009825998107317e+02
2.120000000000000000e+02 8.513091284071671225e+02
2.130000000000000000e+02 8.756767575280734945e+02
2.140000000000000000e+02 9.005073086863786784e+02
2.150000000000000000e+02 9.258041659667760541e+02
2.160000000000000000e+02 9.515706585956024810e+02
2.170000000000000000e+02 9.778100607505087964e+02
2.180000000000000000e+02 1.004525591398278380e+03
2.190000000000000000e+02 1.031720414160078235e+03
2.200000000000000000e+02 1.059397637203422846e+03
2.210000000000000000e+02 1.087560313160136729e+03
2.220000000000000000e+02 1.116211439069605603e+03
2.230000000000000000e+02 1.145353956346609493e+03
2.240000000000000000e+02 1.174990750773031777e+03
2.250000000000000000e+02 1.205124652512748753e+03
2.260000000000000000e+02 1.235758436149015552e+03
2.270000000000000000e+02 1.266894820743645823e+03
2.280000000000000000e+02 1.298536469917328077e+03
2.290000000000000000e+02 1.330685991950392463e+03
2.300000000000000000e+02 1.363345939903372710e+03
2.310000000000000000e+02 1.396518811756706555e+03
2.320000000000000000e+02 1.430207050568926888e+03
2.330000000000000000e+02 1.464413044652709459e+03
2.340000000000000000e+02 1.499139127768143453e+03
2.350000000000000000e+02 1.534387579332614678e+03
2.360000000000000000e+02 1.570160624646684028e+03
2.370000000000000000e+02 1.606460435135363468e+03
2.380000000000000000e+02 1.643289128604204507e+03
2.390000000000000000e+02 1.680648769509617068e+03
2.400000000000000000e+02 1.718541369242847850e+03
2.410000000000000000e+02 1.756968886427062671e+03
2.420000000000000000e+02 1.795933227226988947e+03
2.430000000000000000e+02 1.835436245670570315e+03
2.440000000000000000e+02 1.875479743982118180e+03
2.450000000000000000e+02 1.916065472926440179e+03
2.460000000000000000e+02 1.957195132163439439e+03
2.470000000000000000e+02 1.998870370612694842e+03
2.480000000000000000e+02 2.041092786827532564e+03
2.490000000000000000e+02 2.083863929378128432e+03
2.500000000000000000e+02 2.127185297243164769e+03
2.510000000000000000e+02 2.171058340209604012e+03
2.520000000000000000e+02 2.215484459280131432e+03
2.530000000000000000e+02 2.260465007087840149e+03
2.540000000000000000e+02 2.306001288317745548e+03
2.550000000000000000e+02 2.352094560134707081e+03
2.560000000000000000e+02 2.398746032617372293e+03
2.570000000000000000e+02 2.445956869197755623e+03
2.580000000000000000e+02 2.493728187106063160e+03
2.590000000000000000e+02 2.542061057820411406e+03
2.600000000000000000e+02 2.590956507521073036e+03
2.610000000000000000e+02 2.640415517548904518e+03
2.620000000000000000e+02 2.690439024867621811e+03
2.630000000000000000e+02 2.741027922529595799e+03
2.640000000000000000e+02 2.792183060144842329e+03
2.650000000000000000e+02 2.843905244352911723e+03
2.660000000000000000e+02 2.896195239297364878e+03
2.670000000000000000e+02 2.949053767102550410e+03
2.680000000000000000e+02 3.002481508352411311e+03
2.690000000000000000e+02 3.056479102571032854e+03
2.700000000000000000e+02 3.111047148704667961e+03
2.710000000000000000e+02 3.166186205605013129e+03
2.720000000000000000e+02 3.221896792513442961e+03
2.730000000000000000e+02 3.278179389546005041e+03
2.740000000000000000e+02 3.335034438178914570e+03
2.750000000000000000e+02 3.392462341734353231e+03
2.760000000000000000e+02 3.450463465866325350e+03
2.770000000000000000e+02 3.509038139046401284e+03
2.780000000000000000e+02 3.568186653049107917e+03
2.790000000000000000e+02 3.627909263436810306e+03
2.800000000000000000e+02 3.688206190043872084e+03
2.810000000000000000e+02 3.749077617459928206e+03
2.820000000000000000e+02 3.810523695512097675e+03
2.830000000000000000e+02 3.872544539745967995e+03
2.840000000000000000e+02 3.935140231905189012e+03
2.850000000000000000e+02 3.998310820409540611e+03
2.860000000000000000e+02 4.062056320831300127e+03
2.870000000000000000e+02 4.126376716369793940e+03
2.880000000000000000e+02 4.191271958323990475e+03
2.890000000000000000e+02 4.256741966563000460e+03
2.900000000000000000e+02 4.322786629994371651e+03
2.910000000000000000e+02 4.389405807030053438e+03
2.920000000000000000e+02 4.456599326049912634e+03
2.930000000000000000e+02 4.524366985862724505e+03
2.940000000000000000e+02 4.592708556164481706e+03
2.950000000000000000e+02 4.661623777993993826e+03
2.960000000000000000e+02 4.731112364185615661e+03
2.970000000000000000e+02 4.801173999819076016e+03
2.980000000000000000e+02 4.871808342666269709e+03
2.990000000000000000e+02 4.943015023634994577e+03
3.000000000000000000e+02 5.014793647209497976e+03
3.010000000000000000e+02 5.087143791887810039e+03
3.020000000000000000e+02 5.160065010615764550e+03
3.030000000000000000e+02 5.233556831217671061e+03
3.040000000000000000e+02 5.307618756823557305e+03
3.050000000000000000e+02 5.382250266292949163e+03
3.060000000000000000e+02 5.457450814635111783e+03
3.070000000000000000e+02 5.533219833425730030e+03
3.080000000000000000e+02 5.609556731219963694e+03
3.090000000000000000e+02 5.686460893961845613e+03
3.100000000000000000e+02 5.763931685389985432e+03
3.110000000000000000e+02 5.841968447439535339e+03
3.120000000000000000e+02 5.920570500640405044e+03
3.130000000000000000e+02 5.999737144511671431e+03
3.140000000000000000e+02 6.079467657952158334e+03
3.150000000000000000e+02 6.159761299627211883e+03
3.160000000000000000e+02 6.240617308351565043e+03
3.170000000000000000e+02 6.322034903468347693e+03
3.180000000000000000e+02 6.404013285224191350e+03
3.190000000000000000e+02 6.486551635140407598e+03
3.200000000000000000e+02 6.569649116380264786e+03
3.210000000000000000e+02 6.653304874112296602e+03
3.220000000000000000e+02 6.737518035869701635e+03
3.230000000000000000e+02 6.822287711905772085e+03
3.240000000000000000e+02 6.907612995545376180e+03
3.250000000000000000e+02 6.993492963532483373e+03
3.260000000000000000e+02 7.079926676373747796e+03
3.270000000000000000e+02 7.166913178678116310e+03
3.280000000000000000e+02 7.254451499492512994e+03
3.290000000000000000e+02 7.342540652633553691e+03
3.300000000000000000e+02 7.431179637015341541e+03
3.310000000000000000e+02 7.520367436973330769e+03
3.320000000000000000e+02 7.610103022584245991e+03
3.330000000000000000e+02 7.700385349982123444e+03
3.340000000000000000e+02 7.791213361670435006e+03
3.350000000000000000e+02 7.882585986830322327e+03
3.360000000000000000e+02 7.974502141624970136e+03
3.370000000000000000e+02 8.066960729500121488e+03
3.380000000000000000e+02 8.159960641480744016e+03
3.390000000000000000e+02 8.253500756463881771e+03
3.400000000000000000e+02 8.347579941507705371e+03
3.410000000000000000e+02 8.442197052116762279e+03
3.420000000000000000e+02 8.537350932523482697e+03
3.430000000000000000e+02 8.633040415965915599e+03
3.440000000000000000e+02 8.729264324961774037e+03
3.450000000000000000e+02 8.826021471578753335e+03
3.460000000000000000e+02 8.923310657701191303e+03
3.470000000000000000e+02 9.021130675293054082e+03
3.480000000000000000e+02 9.119480306657325855e+03
3.490000000000000000e+02 9.218358324691766029e+03
3.500000000000000000e+02 9.317763493141103027e+03
3.510000000000000000e+02 9.417694566845675581e+03
3.520000000000000000e+02 9.518150291986552475e+03
3.530000000000000000e+02 9.619129406327152537e+03
3.540000000000000000e+02 9.720630639451379466e+03
3.550000000000000000e+02 9.822652712998351490e+03
3.560000000000000000e+02 9.925194340893685876e+03
3.570000000000000000e+02 1.002825422957740739e+04
3.580000000000000000e+02 1.013183107822851889e+04
3.590000000000000000e+02 1.023592357898621049e+04
3.600000000000000000e+02 1.034053041716780717e+04
3.610000000000000000e+02 1.044565027148344416e+04
3.620000000000000000e+02 1.055128181424748436e+04
3.630000000000000000e+02 1.065742371158674541e+04
3.640000000000000000e+02 1.076407462364555977e+04
3.650000000000000000e+02 1.087123320478767710e+04
3.660000000000000000e+02 1.097889810379505434e+04
3.670000000000000000e+02 1.108706796406356443e+04
3.680000000000000000e+02 1.119574142379566365e+04
3.690000000000000000e+02 1.130491711619002672e+04
3.700000000000000000e+02 1.141459366962817512e+04
3.710000000000000000e+02 1.152476970785818776e+04
3.720000000000000000e+02 1.163544385017546665e+04
3.730000000000000000e+02 1.174661471160057954e+04
3.740000000000000000e+02 1.185828090305429032e+04
3.750000000000000000e+02 1.197044103152970274e+04
3.760000000000000000e+02 1.208309370026165197e+04
3.770000000000000000e+02 1.219623750889327675e+04
3.780000000000000000e+02 1.230987105363989758e+04
3.790000000000000000e+02 1.242399292745015009e+04
3.800000000000000000e+02 1.253860172016446813e+04
3.810000000000000000e+02 1.265369601867090569e+04
3.820000000000000000e+02 1.276927440705833396e+04
3.830000000000000000e+02 1.288533546676710102e+04
3.840000000000000000e+02 1.300187777673705386e+04
3.850000000000000000e+02 1.311889991355312668e+04
3.860000000000000000e+02 1.323640045158838075e+04
3.870000000000000000e+02 1.335437796314459956e+04
3.880000000000000000e+02 1.347283101859044837e+04
3.890000000000000000e+02 1.359175818649722169e+04
3.900000000000000000e+02 1.371115803377224438e+04
3.910000000000000000e+02 1.383102912578990799e+04
3.920000000000000000e+02 1.395137002652039337e+04
3.930000000000000000e+02 1.407217929865611222e+04
3.940000000000000000e+02 1.419345550373591323e+04
3.950000000000000000e+02 1.431519720226702520e+04
3.960000000000000000e+02 1.443740295384483943e+04
3.970000000000000000e+02 1.456007131727049091e+04
3.980000000000000000e+02 1.468320085066632601e+04
3.990000000000000000e+02 1.480679011158924732e+04
4.000000000000000000e+02 1.493083765714195943e+04
4.010000000000000000e+02 1.505534204408220103e+04
4.020000000000000000e+02 1.518030182892987614e+04
4.030000000000000000e+02 1.530571556807227898e+04
4.040000000000000000e+02 1.543158181786724163e+04
4.050000000000000000e+02 1.555789913474443347e+04
4.060000000000000000e+02 1.568466607530464171e+04
4.070000000000000000e+02 1.581188119641724552e+04
4.080000000000000000e+02 1.593954305531575847e+04
4.090000000000000000e+02 1.606765020969155739e+04
4.100000000000000000e+02 1.619620121778580688e+04
4.110000000000000000e+02 1.632519463847953557e+04
4.120000000000000000e+02 1.645462903138201364e+04
4.130000000000000000e+02 1.658450295691736756e+04
4.140000000000000000e+02 1.671481497640943780e+04
4.150000000000000000e+02 1.684556365216499762e+04
4.160000000000000000e+02 1.697674754755528920e+04
4.170000000000000000e+02 1.710836522709589190e+04
4.180000000000000000e+02 1.724041525652499331e+04
4.190000000000000000e+02 1.737289620288009246e+04
4.200000000000000000e+02 1.750580663457302217e+04
4.210000000000000000e+02 1.763914512146356356e+04
4.220000000000000000e+02 1.777291023493145258e+04
4.230000000000000000e+02 1.790710054794685493e+04
4.240000000000000000e+02 1.804171463513942945e+04
4.250000000000000000e+02 1.817675107286590355e+04
4.260000000000000000e+02 1.831220843927616443e+04
4.270000000000000000e+02 1.844808531437802958e+04
4.280000000000000000e+02 1.858438028010049311e+04
4.290000000000000000e+02 1.872109192035575325e+04
4.300000000000000000e+02 1.885821882109971557e+04
4.310000000000000000e+02 1.899575957039131026e+04
4.320000000000000000e+02 1.913371275845039781e+04
4.330000000000000000e+02 1.927207697771443418e+04
4.340000000000000000e+02 1.941085082289384081e+04
4.350000000000000000e+02 1.955003289102612689e+04
4.360000000000000000e+02 1.968962178152876368e+04
4.370000000000000000e+02 1.982961609625089477e+04
4.380000000000000000e+02 1.997001443952375121e+04
4.390000000000000000e+02 2.011081541821001883e+04
4.400000000000000000e+02 2.025201764175191784e+04
4.410000000000000000e+02 2.039361972221824908e+04
4.420000000000000000e+02 2.053562027435024356e+04
4.430000000000000000e+02 2.067801791560632410e+04
4.440000000000000000e+02 2.082081126620583382e+04
4.450000000000000000e+02 2.096399894917160418e+04
4.460000000000000000e+02 2.110757959037155524e+04
4.470000000000000000e+02 2.125155181855917544e+04
4.480000000000000000e+02 2.139591426541308101e+04
4.490000000000000000e+02 2.154066556557548029e+04
4.500000000000000000e+02 2.168580435668970676e+04
4.510000000000000000e+02 2.183132927943677350e+04
4.520000000000000000e+02 2.197723897757094892e+04
4.530000000000000000e+02 2.212353209795442672e+04
4.540000000000000000e+02 2.227020729059103905e+04
4.550000000000000000e+02 2.241726320865910384e+04
4.560000000000000000e+02 2.256469850854332253e+04
4.570000000000000000e+02 2.271251184986585213e+04
4.580000000000000000e+02 2.286070189551648582e+04
4.590000000000000000e+02 2.300926731168197875e+04
4.600000000000000000e+02 2.315820676787458069e+04
4.610000000000000000e+02 2.330751893695968829e+04
4.620000000000000000e+02 2.345720249518270793e+04
4.630000000000000000e+02 2.360725612219518371e+04
4.640000000000000000e+02 2.375767850108005223e+04
4.650000000000000000e+02 2.390846831837617719e+04
4.660000000000000000e+02 2.405962426410215267e+04
4.670000000000000000e+02 2.421114503177932784e+04
4.680000000000000000e+02 2.436302931845412604e+04
4.690000000000000000e+02 2.451527582471959977e+04
4.700000000000000000e+02 2.466788325473637451e+04
4.710000000000000000e+02 2.482085031625280317e+04
4.720000000000000000e+02 2.497417572062451654e+04
4.730000000000000000e+02 2.512785818283325352e+04
4.740000000000000000e+02 2.528189642150506916e+04
4.750000000000000000e+02 2.543628915892788064e+04
4.760000000000000000e+02 2.559103512106839480e+04
4.770000000000000000e+02 2.574613303758840630e+04
4.780000000000000000e+02 2.590158164186046633e+04
4.790000000000000000e+02 2.605737967098299850e+04
4.800000000000000000e+02 2.621352586579476701e+04
4.810000000000000000e+02 2.637001897088881742e+04
4.820000000000000000e+02 2.652685773462582802e+04
4.830000000000000000e+02 2.668404090914688641e+04
4.840000000000000000e+02 2.684156725038573495e+04
4.850000000000000000e+02 2.699943551808053962e+04
4.860000000000000000e+02 2.715764447578494583e+04
4.870000000000000000e+02 2.731619289087887955e+04
4.880000000000000000e+02 2.747507953457859185e+04
4.890000000000000000e+02 2.763430318194636493e+04
4.900000000000000000e+02 2.779386261189966535e+04
4.910000000000000000e+02 2.795375660721981694e+04
4.920000000000000000e+02 2.811398395456022263e+04
4.930000000000000000e+02 2.827454344445407332e+04
4.940000000000000000e+02 2.843543387132169664e+04
4.950000000000000000e+02 2.859665403347733809e+04
4.960000000000000000e+02 2.875820273313562211e+04
4.970000000000000000e+02 2.892007877641748564e+04
4.980000000000000000e+02 2.908228097335574421e+04
4.990000000000000000e+02 2.924480813790024331e+04
5.000000000000000000e+02 2.940765908792259870e+04
5.010000000000000000e+02 2.957083264522048557e+04
5.020000000000000000e+02 2.973432763552164761e+04
5.030000000000000000e+02 2.989814288848741853e+04
5.040000000000000000e+02 3.006227723771595265e+04
5.050000000000000000e+02 3.022672952074498244e+04
5.060000000000000000e+02 3.039149857905432873e+04
5.070000000000000000e+02 3.055658325806801076e+04
5.080000000000000000e+02 3.072198240715597422e+04
5.090000000000000000e+02 3.088769487963552456e+04
5.100000000000000000e+02 3.105371953277242210e+04
5.110000000000000000e+02 3.122005522778163504e+04
5.120000000000000000e+02 3.138670082982778331e+04
5.130000000000000000e+02 3.155365520802527317e+04
5.140000000000000000e+02 3.172091723543810804e+04
5.150000000000000000e+02 3.188848578907939009e+04
5.160000000000000000e+02 3.205635974991059629e+04
5.170000000000000000e+02 3.222453800284046156e+04
5.180000000000000000e+02 3.239301943672367997e+04
5.190000000000000000e+02 3.256180294435922406e+04
5.200000000000000000e+02 3.273088742248852577e+04
5.210000000000000000e+02 3.290027177179323917e+04
5.220000000000000000e+02 3.306995489689287206e+04
5.230000000000000000e+02 3.323993570634211210e+04
5.240000000000000000e+02 3.341021311262786185e+04
5.250000000000000000e+02 3.358078603216612828e+04
5.260000000000000000e+02 3.375165338529858127e+04
5.270000000000000000e+02 3.392281409628891561e+04
5.280000000000000000e+02 3.409426709331902384e+04
5.290000000000000000e+02 3.426601130848483444e+04
5.300000000000000000e+02 3.443804567779209901e+04
5.310000000000000000e+02 3.461036914115177206e+04
5.320000000000000000e+02 3.478298064237536892e+04
5.330000000000000000e+02 3.495587912916995992e+04
5.340000000000000000e+02 3.512906355313308450e+04
5.350000000000000000e+02 3.530253286974741059e+04
5.360000000000000000e+02 3.547628603837519768e+04
5.370000000000000000e+02 3.565032202225259971e+04
5.380000000000000000e+02 3.582463978848381521e+04
5.390000000000000000e+02 3.599923830803491001e+04
5.400000000000000000e+02 3.617411655572775635e+04
5.410000000000000000e+02 3.634927351023342635e+04
5.420000000000000000e+02 3.652470815406576730e+04
5.430000000000000000e+02 3.670041947357460595e+04
5.440000000000000000e+02 3.687640645893883629e+04
5.450000000000000000e+02 3.705266810415939108e+04
5.460000000000000000e+02 3.722920340705205308e+04
5.470000000000000000e+02 3.740601136924010643e+04
5.480000000000000000e+02 3.758309099614680599e+04
5.490000000000000000e+02 3.776044129698783945e+04
5.500000000000000000e+02 3.793806128476346203e+04
5.510000000000000000e+02 3.811594997625064570e+04
5.520000000000000000e+02 3.829410639199506841e+04
5.530000000000000000e+02 3.847252955630293582e+04
5.540000000000000000e+02 3.865121849723273772e+04
5.550000000000000000e+02 3.883017224658677878e+04
5.560000000000000000e+02 3.900938983990277484e+04
5.570000000000000000e+02 3.918887031644512899e+04
5.580000000000000000e+02 3.936861271919628052e+04
5.590000000000000000e+02 3.954861609484779910e+04
5.600000000000000000e+02 3.972887949379149359e+04
5.610000000000000000e+02 3.990940197011029522e+04
5.620000000000000000e+02 4.009018258156918455e+04
5.630000000000000000e+02 4.027122038960592181e+04
5.640000000000000000e+02 4.045251445932168281e+04
5.650000000000000000e+02 4.063406385947168746e+04
5.660000000000000000e+02 4.081586766245563922e+04
5.670000000000000000e+02 4.099792494430814986e+04
5.680000000000000000e+02 4.118023478468906978e+04
5.690000000000000000e+02 4.136279626687369455e+04
5.700000000000000000e+02 4.154560847774295689e+04
5.710000000000000000e+02 4.172867050777350232e+04
5.720000000000000000e+02 4.191198145102767739e+04
5.730000000000000000e+02 4.209554040514353983e+04
5.740000000000000000e+02 4.227934647132464306e+04
5.750000000000000000e+02 4.246339875432992267e+04
5.760000000000000000e+02 4.264769636246337905e+04
5.770000000000000000e+02 4.283223840756379650e+04
5.780000000000000000e+02 4.301702400499438954e+04
5.790000000000000000e+02 4.320205227363227459e+04
5.800000000000000000e+02 4.338732233585810900e+04
5.810000000000000000e+02 4.357283331754542451e+04
5.820000000000000000e+02 4.375858434805009165e+04
5.830000000000000000e+02 4.394457456019971141e+04
5.840000000000000000e+02 4.413080309028286138e+04
5.850000000000000000e+02 4.431726907803832000e+04
5.860000000000000000e+02 4.450397166664442921e+04
5.870000000000000000e+02 4.469091000270814402e+04
5.880000000000000000e+02 4.487808323625417688e+04
5.890000000000000000e+02 4.506549052071416372e+04
5.900000000000000000e+02 4.525313101291564089e+04
5.910000000000000000e+02 4.544100387307113851e+04
5.920000000000000000e+02 4.562910826476713555e+04
5.930000000000000000e+02 4.581744335495300038e+04
5.940000000000000000e+02 4.600600831392995315e+04
5.950000000000000000e+02 4.619480231533996266e+04
5.960000000000000000e+02 4.638382453615457780e+04
5.970000000000000000e+02 4.657307415666380984e+04
5.980000000000000000e+02 4.676255036046494206e+04
5.990000000000000000e+02 4.695225233445131016e+04
6.000000000000000000e+02 4.714217926880109735e+04
6.010000000000000000e+02 4.733233035696609295e+04
6.020000000000000000e+02 4.752270479566040740e+04
6.030000000000000000e+02 4.771330178484919452e+04
6.040000000000000000e+02 4.790412052773735923e+04
6.050000000000000000e+02 4.809516023075823614e+04
6.060000000000000000e+02 4.828642010356230458e+04
6.070000000000000000e+02 4.847789935900572164e+04
6.080000000000000000e+02 4.866959721313915361e+04
6.090000000000000000e+02 4.886151288519625814e+04
6.100000000000000000e+02 4.905364559758237010e+04
6.110000000000000000e+02 4.924599457586315111e+04
6.120000000000000000e+02 4.943855904875315173e+04
6.130000000000000000e+02 4.963133824810444639e+04
6.140000000000000000e+02 4.982433140889521019e+04
6.150000000000000000e+02 5.001753776921835379e+04
6.160000000000000000e+02 5.021095657027010020e+04
6.170000000000000000e+02 5.040458705633853242e+04
6.180000000000000000e+02 5.059842847479230841e+04
6.190000000000000000e+02 5.079248007606909232e+04
6.200000000000000000e+02 5.098674111366427678e+04
6.210000000000000000e+02 5.118121084411952324e+04
6.220000000000000000e+02 5.137588852701136057e+04
6.230000000000000000e+02 5.157077342493978358e+04
6.240000000000000000e+02 5.176586480351688806e+04
6.250000000000000000e+02 5.196116193135546200e+04
6.260000000000000000e+02 5.215666408005758421e+04
6.270000000000000000e+02 5.235237052420330292e+04
6.280000000000000000e+02 5.254828054133919795e+04
6.290000000000000000e+02 5.274439341196707392e+04
6.300000000000000000e+02 5.294070841953260970e+04
6.310000000000000000e+02 5.313722485041395703e+04
6.320000000000000000e+02 5.333394199391050643e+04
6.330000000000000000e+02 5.353085914223152940e+04
6.340000000000000000e+02 5.372797559048479889e+04
6.350000000000000000e+02 5.392529063666539878e+04
6.360000000000000000e+02 5.412280358164443169e+04
6.370000000000000000e+02 5.432051372915769025e+04
6.380000000000000000e+02 5.451842038579445943e+04
6.390000000000000000e+02 5.471652286098628974e+04
6.400000000000000000e+02 5.491482046699571220e+04
6.410000000000000000e+02 5.511331251890511339e+04
6.420000000000000000e+02 5.531199833460547961e+04
6.430000000000000000e+02 5.551087723478533735e+04
6.440000000000000000e+02 5.570994854291941738e+04
6.450000000000000000e+02 5.590921158525775536e+04
6.460000000000000000e+02 5.610866569081436319e+04
6.470000000000000000e+02 5.630831019135630049e+04
6.480000000000000000e+02 5.650814442139250605e+04
6.490000000000000000e+02 5.670816771816278197e+04
6.500000000000000000e+02 5.690837942162673426e+04
6.510000000000000000e+02 5.710877887445284432e+04
6.520000000000000000e+02 5.730936542200738768e+04
6.530000000000000000e+02 5.751013841234348365e+04
6.540000000000000000e+02 5.771109719619023963e+04
6.550000000000000000e+02 5.791224112694172072e+04
6.560000000000000000e+02 5.811356956064614496e+04
6.570000000000000000e+02 5.831508185599492572e+04
6.580000000000000000e+02 5.851677737431194691e+04
6.590000000000000000e+02 5.871865547954262001e+04
6.600000000000000000e+02 5.892071553824314469e+04
6.610000000000000000e+02 5.912295691956975497e+04
6.620000000000000000e+02 5.932537899526796537e+04
6.630000000000000000e+02 5.952798113966179517e+04
6.640000000000000000e+02 5.973076272964317468e+04
6.650000000000000000e+02 5.993372314466123498e+04
6.660000000000000000e+02 6.013686176671162684e+04
6.670000000000000000e+02 6.034017798032599239e+04
6.680000000000000000e+02 6.054367117256134225e+04
6.690000000000000000e+02 6.074734073298948351e+04
6.700000000000000000e+02 6.095118605368656426e+04
6.710000000000000000e+02 6.115520652922249428e+04
6.720000000000000000e+02 6.135940155665051861e+04
6.730000000000000000e+02 6.156377053549679113e+04
6.740000000000000000e+02 6.176831286774994078e+04
6.750000000000000000e+02 6.197302795785071794e+04
6.760000000000000000e+02 6.217791521268161159e+04
6.770000000000000000e+02 6.238297404155656841e+04
6.780000000000000000e+02 6.258820385621065361e+04
6.790000000000000000e+02 6.279360407078987919e+04
6.800000000000000000e+02 6.299917410184085747e+04
6.810000000000000000e+02 6.320491336830069486e+04
6.820000000000000000e+02 6.341082129148683453e+04
6.830000000000000000e+02 6.361689729508684832e+04
6.840000000000000000e+02 6.382314080514836678e+04
6.850000000000000000e+02 6.402955125006903836e+04
6.860000000000000000e+02 6.423612806058643037e+04
6.870000000000000000e+02 6.444287066976811911e+04
6.880000000000000000e+02 6.464977851300157636e+04
6.890000000000000000e+02 6.485685102798435400e+04
6.900000000000000000e+02 6.506408765471410152e+04
6.910000000000000000e+02 6.527148783547868516e+04
6.920000000000000000e+02 6.547905101484638726e+04
6.930000000000000000e+02 6.568677663965606189e+04
6.940000000000000000e+02 6.589466415900737047e+04
6.950000000000000000e+02 6.610271302425097383e+04
6.960000000000000000e+02 6.631092268897889880e+04
6.970000000000000000e+02 6.651929260901485395e+04
6.980000000000000000e+02 6.672782224240449432e+04
6.990000000000000000e+02 6.693651104940588993e+04
7.000000000000000000e+02 6.714535849247993610e+04
7.010000000000000000e+02 6.735436403628070548e+04
7.020000000000000000e+02 6.756352714764612028e+04
7.030000000000000000e+02 6.777284729558830441e+04
7.040000000000000000e+02 6.798232395128415374e+04
7.050000000000000000e+02 6.819195658806608117e+04
7.060000000000000000e+02 6.840174468141241232e+04
7.070000000000000000e+02 6.861168770893817418e+04
7.080000000000000000e+02 6.882178515038579644e+04
7.090000000000000000e+02 6.903203648761572549e+04
7.100000000000000000e+02 6.924244120459725673e+04
7.110000000000000000e+02 6.945299878739939595e+04
7.120000000000000000e+02 6.966370872418148792e+04
7.130000000000000000e+02 6.987457050518422329e+04
7.140000000000000000e+02 7.008558362272051454e+04
7.150000000000000000e+02 7.029674757116641558e+04
7.160000000000000000e+02 7.050806184695201227e+04
7.170000000000000000e+02 7.071952594855251664e+04
7.180000000000000000e+02 7.093113937647923012e+04
7.190000000000000000e+02 7.114290163327057962e+04
7.200000000000000000e+02 7.135481222348335723e+04
7.210000000000000000e+02 7.156687065368368349e+04
7.220000000000000000e+02 7.177907643243827624e+04
7.230000000000000000e+02 7.199142907030560309e+04
7.240000000000000000e+02 7.220392807982713566e+04
7.250000000000000000e+02 7.241657297551861848e+04
7.260000000000000000e+02 7.262936327386132325e+04
7.270000000000000000e+02 7.284229849329347780e+04
7.280000000000000000e+02 7.305537815420157858e+04
7.290000000000000000e+02 7.326860177891174681e+04
7.300000000000000000e+02 7.348196889168131747e+04
7.310000000000000000e+02 7.369547901869013731e+04
7.320000000000000000e+02 7.390913168803216831e+04
7.330000000000000000e+02 7.412292642970707675e+04
7.340000000000000000e+02 7.433686277561157476e+04
7.350000000000000000e+02 7.455094025953140226e+04
7.360000000000000000e+02 7.476515841713265399e+04
7.370000000000000000e+02 7.497951678595357225e+04
7.380000000000000000e+02 7.519401490539629594e+04
7.390000000000000000e+02 7.540865231671847869e+04
7.400000000000000000e+02 7.562342856302525615e+04
7.410000000000000000e+02 7.583834318926087872e+04
7.420000000000000000e+02 7.605339574220069335e+04
7.430000000000000000e+02 7.626858577044286358e+04
7.440000000000000000e+02 7.648391282440046780e+04
7.450000000000000000e+02 7.669937645629333565e+04
7.460000000000000000e+02 7.691497622014007356e+04
7.470000000000000000e+02 7.713071167174995935e+04
7.480000000000000000e+02 7.734658236871520057e+04
7.490000000000000000e+02 7.756258787040288735e+04
7.500000000000000000e+02 7.777872773794701789e+04
7.510000000000000000e+02 7.799500153424084419e+04
7.520000000000000000e+02 7.821140882392892672e+04
7.530000000000000000e+02 7.842794917339936364e+04
7.540000000000000000e+02 7.864462215077607834e+04
7.550000000000000000e+02 7.886142732591103413e+04
7.560000000000000000e+02 7.907836427037656540e+04
7.570000000000000000e+02 7.929543255745782517e+04
7.580000000000000000e+02 7.951263176214495616e+04
7.590000000000000000e+02 7.972996146112568385e+04
7.600000000000000000e+02 7.994742123277772043e+04
7.610000000000000000e+02 8.016501065716116864e+04
7.620000000000000000e+02 8.038272931601104210e+04
7.630000000000000000e+02 8.060057679272996029e+04
7.640000000000000000e+02 8.081855267238046508e+04
7.650000000000000000e+02 8.103665654167783214e+04
7.660000000000000000e+02 8.125488798898263485e+04
7.670000000000000000e+02 8.147324660429336654e+04
7.680000000000000000e+02 8.169173197923923726e+04
7.690000000000000000e+02 8.191034370707283961e+04
7.700000000000000000e+02 8.212908138266287278e+04
7.710000000000000000e+02 8.234794460248714313e+04
7.720000000000000000e+02 8.256693296462505532e+04
7.730000000000000000e+02 8.278604606875083118e+04
7.740000000000000000e+02 8.300528351612608822e+04
7.750000000000000000e+02 8.322464490959300019e+04
7.760000000000000000e+02 8.344412985356707941e+04
7.770000000000000000e+02 8.366373795403033728e+04
7.780000000000000000e+02 8.388346881852406659e+04
7.790000000000000000e+02 8.410332205614210397e+04
7.800000000000000000e+02 8.432329727752384497e+04
7.810000000000000000e+02 8.454339409484721546e+04
7.820000000000000000e+02 8.476361212182205054e+04
7.830000000000000000e+02 8.498395097368300776e+04
7.840000000000000000e+02 8.520441026718301873e+04
7.850000000000000000e+02 8.542498962058636243e+04
7.860000000000000000e+02 8.564568865366188402e+04
7.870000000000000000e+02 8.586650698767644644e+04
7.880000000000000000e+02 8.608744424538814928e+04
7.890000000000000000e+02 8.630850005103970761e+04
7.900000000000000000e+02 8.652967403035175812e+04
7.910000000000000000e+02 8.675096581051642715e+04
7.920000000000000000e+02 8.697237502019059320e+04
7.930000000000000000e+02 8.719390128948951315e+04
7.940000000000000000e+02 8.741554424998020113e+04
7.950000000000000000e+02 8.763730353467502573e+04
7.960000000000000000e+02 8.785917877802530711e+04
7.970000000000000000e+02 8.808116961591472500e+04
7.980000000000000000e+02 8.830327568565317779e+04
7.990000000000000000e+02 8.852549662597023416e+04
8.000000000000000000e+02 8.874783207700890489e+04
8.010000000000000000e+02 8.897028168031938549e+04
8.020000000000000000e+02 8.919284507885265339e+04
8.030000000000000000e+02 8.941552191695431247e+04
8.040000000000000000e+02 8.963831184035836486e+04
8.050000000000000000e+02 8.986121449618112820e+04
8.060000000000000000e+02 9.008422953291486192e+04
8.070000000000000000e+02 9.030735660042187374e+04
8.080000000000000000e+02 9.053059534992829140e+04
8.090000000000000000e+02 9.075394543401795090e+04
8.100000000000000000e+02 9.097740650662656117e+04
8.110000000000000000e+02 9.120097822303543217e+04
8.120000000000000000e+02 9.142466023986569780e+04
8.130000000000000000e+02 9.164845221507220413e+04
8.140000000000000000e+02 9.187235380793771765e+04
8.150000000000000000e+02 9.209636467906687176e+04
8.160000000000000000e+02 9.232048449038038962e+04
8.170000000000000000e+02 9.254471290510927793e+04
8.180000000000000000e+02 9.276904958778887521e+04
8.190000000000000000e+02 9.299349420425311837e+04
8.200000000000000000e+02 9.321804642162882374e+04
8.210000000000000000e+02 9.344270590832988091e+04
8.220000000000000000e+02 9.366747233405150473e+04
8.230000000000000000e+02 9.389234536976466188e+04
8.240000000000000000e+02 9.411732468771033746e+04
8.250000000000000000e+02 9.434240996139387426e+04
8.260000000000000000e+02 9.456760086557945760e+04
8.270000000000000000e+02 9.479289707628439646e+04
8.280000000000000000e+02 9.501829827077365189e+04
8.290000000000000000e+02 9.524380412755433645e+04
8.300000000000000000e+02 9.546941432637016987e+04
8.310000000000000000e+02 9.569512854819593485e+04
8.320000000000000000e+02 9.592094647523210733e+04
8.330000000000000000e+02 9.614686779089942866e+04
8.340000000000000000e+02 9.637289217983343406e+04
8.350000000000000000e+02 9.659901932787914120e+04
8.360000000000000000e+02 9.682524892208565143e+04
8.370000000000000000e+02 9.705158065070089651e+04
8.380000000000000000e+02 9.727801420316621079e+04
8.390000000000000000e+02 9.750454927011115069e+04
8.400000000000000000e+02 9.773118554334821238e+04
8.410000000000000000e+02 9.795792271586763673e+04
8.420000000000000000e+02 9.818476048183208331e+04
8.430000000000000000e+02 9.841169853657163912e+04
8.440000000000000000e+02 9.863873657657846343e+04
8.450000000000000000e+02 9.886587429950185469e+04
8.460000000000000000e+02 9.909311140414296824e+04
8.470000000000000000e+02 9.932044759044981038e+04
8.480000000000000000e+02 9.954788255951224710e+04
8.490000000000000000e+02 9.977541601355682360e+04
8.500000000000000000e+02 1.000030476559418457e+05
8.510000000000000000e+02 1.002307771911523887e+05
8.520000000000000000e+02 1.004586043247952621e+05
8.530000000000000000e+02 1.006865287635942077e+05
8.540000000000000000e+02 1.009145502153848065e+05
8.550000000000000000e+02 1.011426683891097491e+05
8.560000000000000000e+02 1.013708829948138446e+05
8.570000000000000000e+02 1.015991937436392036e+05
8.580000000000000000e+02 1.018276003478204366e+05
8.590000000000000000e+02 1.020561025206798658e+05
8.600000000000000000e+02 1.022846999766226509e+05
8.610000000000000000e+02 1.025133924311321316e+05
8.620000000000000000e+02 1.027421796007650846e+05
8.630000000000000000e+02 1.029710612031469209e+05
8.640000000000000000e+02 1.032000369569670875e+05
8.650000000000000000e+02 1.034291065819743671e+05
8.660000000000000000e+02 1.036582697989722365e+05
8.670000000000000000e+02 1.038875263298142090e+05
8.680000000000000000e+02 1.041168758973992808e+05
8.690000000000000000e+02 1.043463182256673463e+05
8.700000000000000000e+02 1.045758530395945418e+05
8.710000000000000000e+02 1.048054800651888800e+05
8.720000000000000000e+02 1.050351990294855786e+05
8.730000000000000000e+02 1.052650096605426806e+05
8.740000000000000000e+02 1.054949116874364554e+05
8.750000000000000000e+02 1.057249048402570625e+05
8.760000000000000000e+02 1.059549888501040987e+05
8.770000000000000000e+02 1.061851634490820870e+05
8.780000000000000000e+02 1.064154283702962421e+05
8.790000000000000000e+02 1.066457833478479879e+05
8.800000000000000000e+02 1.068762281168306945e+05
8.810000000000000000e+02 1.071067624133252102e+05
8.820000000000000000e+02 1.073373859743956855e+05
8.830000000000000000e+02 1.075680985380853090e+05
8.840000000000000000e+02 1.077988998434119421e+05
8.850000000000000000e+02 1.080297896303638408e+05
8.860000000000000000e+02 1.082607676398956100e+05
8.870000000000000000e+02 1.084918336139238381e+05
8.880000000000000000e+02 1.087229872953229788e+05
8.890000000000000000e+02 1.089542284279211453e+05
8.900000000000000000e+02 1.091855567564960220e+05
8.910000000000000000e+02 1.094169720267706580e+05
8.920000000000000000e+02 1.096484739854094660e+05
8.930000000000000000e+02 1.098800623800140456e+05
8.940000000000000000e+02 1.101117369591191091e+05
8.950000000000000000e+02 1.103434974721885665e+05
8.960000000000000000e+02 1.105753436696113058e+05
8.970000000000000000e+02 1.108072753026973514e+05
8.980000000000000000e+02 1.110392921236737311e+05
8.990000000000000000e+02 1.112713938856806053e+05
9.000000000000000000e+02 1.115035803427673090e+05
9.010000000000000000e+02 1.117358512498883065e+05
9.020000000000000000e+02 1.119682063628994802e+05
9.030000000000000000e+02 1.122006454385540128e+05
9.040000000000000000e+02 1.124331682344986475e+05
9.050000000000000000e+02 1.126657745092697587e+05
9.060000000000000000e+02 1.128984640222895687e+05
9.070000000000000000e+02 1.131312365338622476e+05
9.080000000000000000e+02 1.133640918051703193e+05
9.090000000000000000e+02 1.135970295982704120e+05
9.100000000000000000e+02 1.138300496760900714e+05
9.110000000000000000e+02 1.140631518024235847e+05
9.120000000000000000e+02 1.142963357419283711e+05
9.130000000000000000e+02 1.145296012601213733e+05
9.140000000000000000e+02 1.147629481233751721e+05
9.150000000000000000e+02 1.149963760989144794e+05
9.160000000000000000e+02 1.152298849548123399e+05
9.170000000000000000e+02 1.154634744599865808e+05
9.180000000000000000e+02 1.156971443841960427e+05
9.190000000000000000e+02 1.159308944980372471e+05
9.200000000000000000e+02 1.161647245729404967e+05
9.210000000000000000e+02 1.163986343811664119e+05
9.220000000000000000e+02 1.166326236958025111e+05
9.230000000000000000e+02 1.168666922907593689e+05
9.240000000000000000e+02 1.171008399407673860e+05
9.250000000000000000e+02 1.173350664213731361e+05
9.260000000000000000e+02 1.175693715089358448e+05
9.270000000000000000e+02 1.178037549806240131e+05
9.280000000000000000e+02 1.180382166144118528e+05
9.290000000000000000e+02 1.182727561890759389e+05
9.300000000000000000e+02 1.185073734841917321e+05
9.310000000000000000e+02 1.187420682801300864e+05
9.320000000000000000e+02 1.189768403580541199e+05
9.330000000000000000e+02 1.192116894999154611e+05
9.340000000000000000e+02 1.194466154884512071e+05
9.350000000000000000e+02 1.196816181071804167e+05
9.360000000000000000e+02 1.199166971404007927e+05
9.370000000000000000e+02 1.201518523731854220e+05
9.380000000000000000e+02 1.203870835913794144e+05
9.390000000000000000e+02 1.206223905815966718e+05
9.400000000000000000e+02 1.208577731312165706e+05
9.410000000000000000e+02 1.210932310283807310e+05
9.420000000000000000e+02 1.213287640619898593e+05
9.430000000000000000e+02 1.215643720217002847e+05
9.440000000000000000e+02 1.218000546979210485e+05
9.450000000000000000e+02 1.220358118818106013e+05
9.460000000000000000e+02 1.222716433652734413e+05
9.470000000000000000e+02 1.225075489409572911e+05
9.480000000000000000e+02 1.227435284022496489e+05
9.490000000000000000e+02 1.229795815432748641e+05
9.500000000000000000e+02 1.232157081588909205e+05
9.510000000000000000e+02 1.234519080446862790e+05
9.520000000000000000e+02 1.236881809969770256e+05
9.530000000000000000e+02 1.239245268128034368e+05
9.540000000000000000e+02 1.241609452899273019e+05
9.550000000000000000e+02 1.243974362268285622e+05
9.560000000000000000e+02 1.246339994227024872e+05
9.570000000000000000e+02 1.248706346774565754e+05
9.580000000000000000e+02 1.251073417917075276e+05
9.590000000000000000e+02 1.253441205667784088e+05
9.600000000000000000e+02 1.255809708046954183e+05
9.610000000000000000e+02 1.258178923081851681e+05
9.620000000000000000e+02 1.260548848806715978e+05
9.630000000000000000e+02 1.262919483262732101e+05
9.640000000000000000e+02 1.265290824497998547e+05
9.650000000000000000e+02 1.267662870567501523e+05
9.660000000000000000e+02 1.270035619533083955e+05
9.670000000000000000e+02 1.272409069463416963e+05
9.680000000000000000e+02 1.274783218433972797e+05
9.690000000000000000e+02 1.277158064526993985e+05
9.700000000000000000e+02 1.279533605831467285e+05
9.710000000000000000e+02 1.281909840443093417e+05
9.720000000000000000e+02 1.284286766464259708e+05
9.730000000000000000e+02 1.286664382004013605e+05
9.740000000000000000e+02 1.289042685178032552e+05
9.750000000000000000e+02 1.291421674108597217e+05
9.760000000000000000e+02 1.293801346924564859e+05
9.770000000000000000e+02 1.296181701761339646e+05
9.780000000000000000e+02 1.298562736760848347e+05
9.790000000000000000e+02 1.300944450071510364e+05
9.800000000000000000e+02 1.303326839848212403e+05
9.810000000000000000e+02 1.305709904252280830e+05
9.820000000000000000e+02 1.308093641451455187e+05
9.830000000000000000e+02 1.310478049619860685e+05
9.840000000000000000e+02 1.312863126937983907e+05
9.850000000000000000e+02 1.315248871592642681e+05
9.860000000000000000e+02 1.317635281776963675e+05
9.870000000000000000e+02 1.320022355690353725e+05
9.880000000000000000e+02 1.322410091538474662e+05
9.890000000000000000e+02 1.324798487533216539e+05
9.900000000000000000e+02 1.327187541892674053e+05
9.910000000000000000e+02 1.329577252841117734e+05
9.920000000000000000e+02 1.331967618608970370e+05
9.930000000000000000e+02 1.334358637432781688e+05
9.940000000000000000e+02 1.336750307555202453e+05
9.950000000000000000e+02 1.339142627224958269e+05
9.960000000000000000e+02 1.341535594696826010e+05
9.970000000000000000e+02 1.343929208231609082e+05
9.980000000000000000e+02 1.346323466096110933e+05
9.990000000000000000e+02 1.348718366563110321e+05
