# BB temperature (K); Intensity through filter (ph/s/m^2/mas^2)
1.000000000000000000e+01 0.000000000000000000e+00
1.100000000000000000e+01 0.000000000000000000e+00
1.200000000000000000e+01 0.000000000000000000e+00
1.300000000000000000e+01 0.000000000000000000e+00
1.400000000000000000e+01 0.000000000000000000e+00
1.500000000000000000e+01 0.000000000000000000e+00
1.600000000000000000e+01 0.000000000000000000e+00
1.700000000000000000e+01 0.000000000000000000e+00
1.800000000000000000e+01 0.000000000000000000e+00
1.900000000000000000e+01 0.000000000000000000e+00
2.000000000000000000e+01 0.000000000000000000e+00
2.100000000000000000e+01 1.431947729258603772e-14
2.200000000000000000e+01 1.002226613420063241e-13
2.300000000000000000e+01 5.932997475018322192e-13
2.400000000000000000e+01 3.033129895552968746e-12
2.500000000000000000e+01 1.362740840269241703e-11
2.600000000000000000e+01 5.461004134088901166e-11
2.700000000000000000e+01 1.976744576804715571e-10
2.800000000000000000e+01 6.533545511001098128e-10
2.900000000000000000e+01 1.990320804210332418e-09
3.000000000000000000e+01 5.633651671507815090e-09
3.100000000000000000e+01 1.492157788149399670e-08
3.200000000000000000e+01 3.721183304820279776e-08
3.300000000000000000e+01 8.785144021338839634e-08
3.400000000000000000e+01 1.972885597298081689e-07
3.500000000000000000e+01 4.232401787354964765e-07
3.600000000000000000e+01 8.706558315153579864e-07
3.700000000000000000e+01 1.723244203958999497e-06
3.800000000000000000e+01 3.291549754767875618e-06
3.900000000000000000e+01 6.083955771175040494e-06
4.000000000000000000e+01 1.090850548636602626e-05
4.100000000000000000e+01 1.901501393177896525e-05
4.200000000000000000e+01 3.228851627177282307e-05
4.300000000000000000e+01 5.350658066846976114e-05
4.400000000000000000e+01 8.667431908507423064e-05
4.500000000000000000e+01 1.374519742608202894e-04
4.600000000000000000e+01 2.136906700102894597e-04
4.700000000000000000e+01 3.260922227581577256e-04
4.800000000000000000e+01 4.890087794342741533e-04
4.900000000000000000e+01 7.213974444356464118e-04
5.000000000000000000e+01 1.047943980544390656e-03
5.100000000000000000e+01 1.500368129723304769e-03
5.200000000000000000e+01 2.118921132391538877e-03
5.300000000000000000e+01 2.954083677061541523e-03
5.400000000000000000e+01 4.068469848135372602e-03
5.500000000000000000e+01 5.538939729891888784e-03
5.600000000000000000e+01 7.458920246971856988e-03
5.700000000000000000e+01 9.940930656251964828e-03
5.800000000000000000e+01 1.311930593145098356e-02
5.900000000000000000e+01 1.715310817613387509e-02
6.000000000000000000e+01 2.222921323304017857e-02
6.100000000000000000e+01 2.856555689014332600e-02
6.200000000000000000e+01 3.641452256971931811e-02
6.300000000000000000e+01 4.606645016921197960e-02
6.400000000000000000e+01 5.785324383479685528e-02
6.500000000000000000e+01 7.215205491301386609e-02
6.600000000000000000e+01 8.938901515558016209e-02
6.700000000000000000e+01 1.100429944512730102e-01
6.800000000000000000e+01 1.346493569220586495e-01
6.900000000000000000e+01 1.638036891366283221e-01
7.000000000000000000e+01 1.981654744451813721e-01
7.100000000000000000e+01 2.384616880015900664e-01
7.200000000000000000e+01 2.854902878859384430e-01
7.300000000000000000e+01 3.401235788418926487e-01
7.400000000000000000e+01 4.033114264675538019e-01
7.500000000000000000e+01 4.760843012124700291e-01
7.600000000000000000e+01 5.595561332042289227e-01
7.700000000000000000e+01 6.549269607228711543e-01
7.800000000000000000e+01 7.634853570286733726e-01
7.900000000000000000e+01 8.866106221985970981e-01
8.000000000000000000e+01 1.025774728610731490e+00
8.100000000000000000e+01 1.182544010708424409e+00
8.200000000000000000e+01 1.358580591652921443e+00
8.300000000000000000e+01 1.555643541414129416e+00
8.400000000000000000e+01 1.775589762735077182e+00
8.500000000000000000e+01 2.020374603220783882e+00
8.600000000000000000e+01 2.292052193533049564e+00
8.700000000000000000e+01 2.592775513308138269e+00
8.800000000000000000e+01 2.924796187945496673e+00
8.900000000000000000e+01 3.290464020836032955e+00
9.000000000000000000e+01 3.692226266903200660e+00
9.100000000000000000e+01 4.132626654516399434e+00
9.200000000000000000e+01 4.614304163902707145e+00
9.300000000000000000e+01 5.139991571129828074e+00
9.400000000000000000e+01 5.712513767561811839e+00
9.500000000000000000e+01 6.334785865402217553e+00
9.600000000000000000e+01 7.009811100540170870e+00
9.700000000000000000e+01 7.740678544407752604e+00
9.800000000000000000e+01 8.530560636946912467e+00
9.900000000000000000e+01 9.382710553076346827e+00
1.000000000000000000e+02 1.030045941524896413e+01
1.010000000000000000e+02 1.128721336480478499e+01
1.020000000000000000e+02 1.234645050485899098e+01
1.030000000000000000e+02 1.348171772742580110e+01
1.040000000000000000e+02 1.469662743737313093e+01
1.050000000000000000e+02 1.599485418563620520e+01
1.060000000000000000e+02 1.738013122389674692e+01
1.070000000000000000e+02 1.885624699266416116e+01
1.080000000000000000e+02 2.042704155438175562e+01
1.090000000000000000e+02 2.209640298283029836e+01
1.100000000000000000e+02 2.386826371971816840e+01
1.110000000000000000e+02 2.574659690893707165e+01
1.120000000000000000e+02 2.773541271852971590e+01
1.130000000000000000e+02 2.983875465996448995e+01
1.140000000000000000e+02 3.206069591384796524e+01
1.150000000000000000e+02 3.440533567073013188e+01
1.160000000000000000e+02 3.687679549517610411e+01
1.170000000000000000e+02 3.947921572079214059e+01
1.180000000000000000e+02 4.221675188340822160e+01
1.190000000000000000e+02 4.509357119913506295e+01
1.200000000000000000e+02 4.811384909353448336e+01
1.210000000000000000e+02 5.128176578766812810e+01
1.220000000000000000e+02 5.460150294632587986e+01
1.230000000000000000e+02 5.807724039327968768e+01
1.240000000000000000e+02 6.171315289796577730e+01
1.250000000000000000e+02 6.551340703756780215e+01
1.260000000000000000e+02 6.948215813805563812e+01
1.270000000000000000e+02 7.362354729733326053e+01
1.280000000000000000e+02 7.794169849326100064e+01
1.290000000000000000e+02 8.244071577894632696e+01
1.300000000000000000e+02 8.712468056734167021e+01
1.310000000000000000e+02 9.199764900684935753e+01
1.320000000000000000e+02 9.706364944931051753e+01
1.330000000000000000e+02 1.023266800114497102e+02
1.340000000000000000e+02 1.077907062305570065e+02
1.350000000000000000e+02 1.134596588149179155e+02
1.360000000000000000e+02 1.193374314892425332e+02
1.370000000000000000e+02 1.254278789351083674e+02
1.380000000000000000e+02 1.317348148262028076e+02
1.390000000000000000e+02 1.382620099579444854e+02
1.400000000000000000e+02 1.450131904708677268e+02
1.410000000000000000e+02 1.519920361669732927e+02
1.420000000000000000e+02 1.592021789180843427e+02
1.430000000000000000e+02 1.666472011650936622e+02
1.440000000000000000e+02 1.743306345068487246e+02
1.450000000000000000e+02 1.822559583772956273e+02
1.460000000000000000e+02 1.904265988093870021e+02
1.470000000000000000e+02 1.988459272841583356e+02
1.480000000000000000e+02 2.075172596632820046e+02
1.490000000000000000e+02 2.164438552033305996e+02
1.500000000000000000e+02 2.256289156499066166e+02
1.510000000000000000e+02 2.350755844097343754e+02
1.520000000000000000e+02 2.447869457987582393e+02
1.530000000000000000e+02 2.547660243642445437e+02
1.540000000000000000e+02 2.650157842788484004e+02
1.550000000000000000e+02 2.755391288045784677e+02
1.560000000000000000e+02 2.863388998245668517e+02
1.570000000000000000e+02 2.974178774405417585e+02
1.580000000000000000e+02 3.087787796338819817e+02
1.590000000000000000e+02 3.204242619881360952e+02
1.600000000000000000e+02 3.323569174708856622e+02
1.610000000000000000e+02 3.445792762728384560e+02
1.620000000000000000e+02 3.570938057020507017e+02
1.630000000000000000e+02 3.699029101311861609e+02
1.640000000000000000e+02 3.830089309957443220e+02
1.650000000000000000e+02 3.964141468412085487e+02
1.660000000000000000e+02 4.101207734170881736e+02
1.670000000000000000e+02 4.241309638158605821e+02
1.680000000000000000e+02 4.384468086548451993e+02
1.690000000000000000e+02 4.530703362990764731e+02
1.700000000000000000e+02 4.680035131232758090e+02
1.710000000000000000e+02 4.832482438110599787e+02
1.720000000000000000e+02 4.988063716895599669e+02
1.730000000000000000e+02 5.146796790976645752e+02
1.740000000000000000e+02 5.308698877861426126e+02
1.750000000000000000e+02 5.473786593479394469e+02
1.760000000000000000e+02 5.642075956769846243e+02
1.770000000000000000e+02 5.813582394538922244e+02
1.780000000000000000e+02 5.988320746569771700e+02
1.790000000000000000e+02 6.166305270970525498e+02
1.800000000000000000e+02 6.347549649745211582e+02
1.810000000000000000e+02 6.532066994573169723e+02
1.820000000000000000e+02 6.719869852782913995e+02
1.830000000000000000e+02 6.910970213506901700e+02
1.840000000000000000e+02 7.105379514004072234e+02
1.850000000000000000e+02 7.303108646137410460e+02
1.860000000000000000e+02 7.504167962994313257e+02
1.870000000000000000e+02 7.708567285637877831e+02
1.880000000000000000e+02 7.916315909977660112e+02
1.890000000000000000e+02 8.127422613748952926e+02
1.900000000000000000e+02 8.341895663589901915e+02
1.910000000000000000e+02 8.559742822206320625e+02
1.920000000000000000e+02 8.780971355614326512e+02
1.930000000000000000e+02 9.005588040451464167e+02
1.940000000000000000e+02 9.233599171347173069e+02
1.950000000000000000e+02 9.465010568344025614e+02
1.960000000000000000e+02 9.699827584361373738e+02
1.970000000000000000e+02 9.938055112693472211e+02
1.980000000000000000e+02 1.017969759453449342e+03
1.990000000000000000e+02 1.042475902652316336e+03
2.000000000000000000e+02 1.067324296830006688e+03
2.010000000000000000e+02 1.092515255007107953e+03
2.020000000000000000e+02 1.118049048017057203e+03
2.030000000000000000e+02 1.143925905261841763e+03
2.040000000000000000e+02 1.170146015466513745e+03
2.050000000000000000e+02 1.196709527431973356e+03
2.060000000000000000e+02 1.223616550785514846e+03
2.070000000000000000e+02 1.250867156728641703e+03
2.080000000000000000e+02 1.278461378781699068e+03
2.090000000000000000e+02 1.306399213524884772e+03
2.100000000000000000e+02 1.334680621335232217e+03
2.110000000000000000e+02 1.363305527119179033e+03
2.120000000000000000e+02 1.392273821040355415e+03
2.130000000000000000e+02 1.421585359242257255e+03
2.140000000000000000e+02 1.451239964565478886e+03
2.150000000000000000e+02 1.481237427259211017e+03
2.160000000000000000e+02 1.511577505686720315e+03
2.170000000000000000e+02 1.542259927024555282e+03
2.180000000000000000e+02 1.573284387955232205e+03
2.190000000000000000e+02 1.604650555353180607e+03
2.200000000000000000e+02 1.636358066963738111e+03
2.210000000000000000e+02 1.668406532075005543e+03
2.220000000000000000e+02 1.700795532182387433e+03
2.230000000000000000e+02 1.733524621645654406e+03
2.240000000000000000e+02 1.766593328338381980e+03
2.250000000000000000e+02 1.800001154289641590e+03
2.260000000000000000e+02 1.833747576317808580e+03
2.270000000000000000e+02 1.867832046656395960e+03
2.280000000000000000e+02 1.902253993571810952e+03
2.290000000000000000e+02 1.937012821972953589e+03
2.300000000000000000e+02 1.972107914012582114e+03
2.310000000000000000e+02 2.007538629680390159e+03
2.320000000000000000e+02 2.043304307387737936e+03
2.330000000000000000e+02 2.079404264543995396e+03
2.340000000000000000e+02 2.115837798124466190e+03
2.350000000000000000e+02 2.152604185229867653e+03
2.360000000000000000e+02 2.189702683637351583e+03
2.370000000000000000e+02 2.227132532343049661e+03
2.380000000000000000e+02 2.264892952096148292e+03
2.390000000000000000e+02 2.302983145924503333e+03
2.400000000000000000e+02 2.341402299651794237e+03
2.410000000000000000e+02 2.380149582406241279e+03
2.420000000000000000e+02 2.419224147120915404e+03
2.430000000000000000e+02 2.458625131025662995e+03
2.440000000000000000e+02 2.498351656130682386e+03
2.450000000000000000e+02 2.538402829701793053e+03
2.460000000000000000e+02 2.578777744727443405e+03
2.470000000000000000e+02 2.619475480377499025e+03
2.480000000000000000e+02 2.660495102453872732e+03
2.490000000000000000e+02 2.701835663833046510e+03
2.500000000000000000e+02 2.743496204900550765e+03
2.510000000000000000e+02 2.785475753977454588e+03
2.520000000000000000e+02 2.827773327738950229e+03
2.530000000000000000e+02 2.870387931625083183e+03
2.540000000000000000e+02 2.913318560243707907e+03
2.550000000000000000e+02 2.956564197765750578e+03
2.560000000000000000e+02 3.000123818312835738e+03
2.570000000000000000e+02 3.043996386337383683e+03
2.580000000000000000e+02 3.088180856995226350e+03
2.590000000000000000e+02 3.132676176510856749e+03
2.600000000000000000e+02 3.177481282535366972e+03
2.610000000000000000e+02 3.222595104497180728e+03
2.620000000000000000e+02 3.268016563945655889e+03
2.630000000000000000e+02 3.313744574887652107e+03
2.640000000000000000e+02 3.359778044117139416e+03
2.650000000000000000e+02 3.406115871537950625e+03
2.660000000000000000e+02 3.452756950479764782e+03
2.670000000000000000e+02 3.499700168007401771e+03
2.680000000000000000e+02 3.546944405223540343e+03
2.690000000000000000e+02 3.594488537564920989e+03
2.700000000000000000e+02 3.642331435092160518e+03
2.710000000000000000e+02 3.690471962773236100e+03
2.720000000000000000e+02 3.738908980760763825e+03
2.730000000000000000e+02 3.787641344663136806e+03
2.740000000000000000e+02 3.836667905809626518e+03
2.750000000000000000e+02 3.885987511509546493e+03
2.760000000000000000e+02 3.935599005305553419e+03
2.770000000000000000e+02 3.985501227221197496e+03
2.780000000000000000e+02 4.035693014002791188e+03
2.790000000000000000e+02 4.086173199355708675e+03
2.800000000000000000e+02 4.136940614175190603e+03
2.810000000000000000e+02 4.187994086771754155e+03
2.820000000000000000e+02 4.239332443091290770e+03
2.830000000000000000e+02 4.290954506929947456e+03
2.840000000000000000e+02 4.342859100143878095e+03
2.850000000000000000e+02 4.395045042853945233e+03
2.860000000000000000e+02 4.447511153645465129e+03
2.870000000000000000e+02 4.500256249763101550e+03
2.880000000000000000e+02 4.553279147300941077e+03
2.890000000000000000e+02 4.606578661387898137e+03
2.900000000000000000e+02 4.660153606368491637e+03
2.910000000000000000e+02 4.714002795979094117e+03
2.920000000000000000e+02 4.768125043519725295e+03
2.930000000000000000e+02 4.822519162021475495e+03
2.940000000000000000e+02 4.877183964409657165e+03
2.950000000000000000e+02 4.932118263662724530e+03
2.960000000000000000e+02 4.987320872967083233e+03
2.970000000000000000e+02 5.042790605867839076e+03
2.980000000000000000e+02 5.098526276415568645e+03
2.990000000000000000e+02 5.154526699309205469e+03
3.000000000000000000e+02 5.210790690035084481e+03
3.010000000000000000e+02 5.267317065002247546e+03
3.020000000000000000e+02 5.324104641674076447e+03
3.030000000000000000e+02 5.381152238696300628e+03
3.040000000000000000e+02 5.438458676021499741e+03
3.050000000000000000e+02 5.496022775030115554e+03
3.060000000000000000e+02 5.553843358648089634e+03
3.070000000000000000e+02 5.611919251461162276e+03
3.080000000000000000e+02 5.670249279825917256e+03
3.090000000000000000e+02 5.728832271977632445e+03
3.100000000000000000e+02 5.787667058134999024e+03
3.110000000000000000e+02 5.846752470601784808e+03
3.120000000000000000e+02 5.906087343865488037e+03
3.130000000000000000e+02 5.965670514693051700e+03
3.140000000000000000e+02 6.025500822223708383e+03
3.150000000000000000e+02 6.085577108059004786e+03
3.160000000000000000e+02 6.145898216350064104e+03
3.170000000000000000e+02 6.206462993882150840e+03
3.180000000000000000e+02 6.267270290156588999e+03
3.190000000000000000e+02 6.328318957470106398e+03
3.200000000000000000e+02 6.389607850991631494e+03
3.210000000000000000e+02 6.451135828836628207e+03
3.220000000000000000e+02 6.512901752138998745e+03
3.230000000000000000e+02 6.574904485120618119e+03
3.240000000000000000e+02 6.637142895158551255e+03
3.250000000000000000e+02 6.699615852850007286e+03
3.260000000000000000e+02 6.762322232075065585e+03
3.270000000000000000e+02 6.825260910057244473e+03
3.280000000000000000e+02 6.888430767421935343e+03
3.290000000000000000e+02 6.951830688252786786e+03
3.300000000000000000e+02 7.015459560146028707e+03
3.310000000000000000e+02 7.079316274262857405e+03
3.320000000000000000e+02 7.143399725379836127e+03
3.330000000000000000e+02 7.207708811937452083e+03
3.340000000000000000e+02 7.272242436086788075e+03
3.350000000000000000e+02 7.336999503734399696e+03
3.360000000000000000e+02 7.401978924585439017e+03
3.370000000000000000e+02 7.467179612185029328e+03
3.380000000000000000e+02 7.532600483957980032e+03
3.390000000000000000e+02 7.598240461246837185e+03
3.400000000000000000e+02 7.664098469348346953e+03
3.410000000000000000e+02 7.730173437548326547e+03
3.420000000000000000e+02 7.796464299155025401e+03
3.430000000000000000e+02 7.862969991530978405e+03
3.440000000000000000e+02 7.929689456123397576e+03
3.450000000000000000e+02 7.996621638493153114e+03
3.460000000000000000e+02 8.063765488342344725e+03
3.470000000000000000e+02 8.131119959540534182e+03
3.480000000000000000e+02 8.198684010149634560e+03
3.490000000000000000e+02 8.266456602447524347e+03
3.500000000000000000e+02 8.334436702950393737e+03
3.510000000000000000e+02 8.402623282433854911e+03
3.520000000000000000e+02 8.471015315952867240e+03
3.530000000000000000e+02 8.539611782860494714e+03
3.540000000000000000e+02 8.608411666825482826e+03
3.550000000000000000e+02 8.677413955848789556e+03
3.560000000000000000e+02 8.746617642278974017e+03
3.570000000000000000e+02 8.816021722826566474e+03
3.580000000000000000e+02 8.885625198577383344e+03
3.590000000000000000e+02 8.955427075004863582e+03
3.600000000000000000e+02 9.025426361981391892e+03
3.610000000000000000e+02 9.095622073788708803e+03
3.620000000000000000e+02 9.166013229127374871e+03
3.630000000000000000e+02 9.236598851125314468e+03
3.640000000000000000e+02 9.307377967345513753e+03
3.650000000000000000e+02 9.378349609792825504e+03
3.660000000000000000e+02 9.449512814919979064e+03
3.670000000000000000e+02 9.520866623632731716e+03
3.680000000000000000e+02 9.592410081294274278e+03
3.690000000000000000e+02 9.664142237728832697e+03
3.700000000000000000e+02 9.736062147224540240e+03
3.710000000000000000e+02 9.808168868535576621e+03
3.720000000000000000e+02 9.880461464883594090e+03
3.730000000000000000e+02 9.952939003958465037e+03
3.740000000000000000e+02 1.002560055791834020e+04
3.750000000000000000e+02 1.009844520338908114e+04
3.760000000000000000e+02 1.017147202146303971e+04
3.770000000000000000e+02 1.024468009769721903e+04
3.780000000000000000e+02 1.031806852211087426e+04
3.790000000000000000e+02 1.039163638918246033e+04
3.800000000000000000e+02 1.046538279784609949e+04
3.810000000000000000e+02 1.053930685148743578e+04
3.820000000000000000e+02 1.061340765793900209e+04
3.830000000000000000e+02 1.068768432947501424e+04
3.840000000000000000e+02 1.076213598280573933e+04
3.850000000000000000e+02 1.083676173907131306e+04
3.860000000000000000e+02 1.091156072383512765e+04
3.870000000000000000e+02 1.098653206707671234e+04
3.880000000000000000e+02 1.106167490318424279e+04
3.890000000000000000e+02 1.113698837094655391e+04
3.900000000000000000e+02 1.121247161354476157e+04
3.910000000000000000e+02 1.128812377854348233e+04
3.920000000000000000e+02 1.136394401788167488e+04
3.930000000000000000e+02 1.143993148786306119e+04
3.940000000000000000e+02 1.151608534914621669e+04
3.950000000000000000e+02 1.159240476673431476e+04
3.960000000000000000e+02 1.166888890996446753e+04
3.970000000000000000e+02 1.174553695249681186e+04
3.980000000000000000e+02 1.182234807230322622e+04
3.990000000000000000e+02 1.189932145165572911e+04
4.000000000000000000e+02 1.197645627711463385e+04
4.010000000000000000e+02 1.205375173951633587e+04
4.020000000000000000e+02 1.213120703396090357e+04
4.030000000000000000e+02 1.220882135979931991e+04
4.040000000000000000e+02 1.228659392062051484e+04
4.050000000000000000e+02 1.236452392423814308e+04
4.060000000000000000e+02 1.244261058267709632e+04
4.070000000000000000e+02 1.252085311215979709e+04
4.080000000000000000e+02 1.259925073309227264e+04
4.090000000000000000e+02 1.267780267005000314e+04
4.100000000000000000e+02 1.275650815176357173e+04
4.110000000000000000e+02 1.283536641110410528e+04
4.120000000000000000e+02 1.291437668506852788e+04
4.130000000000000000e+02 1.299353821476463963e+04
4.140000000000000000e+02 1.307285024539599908e+04
4.150000000000000000e+02 1.315231202624665821e+04
4.160000000000000000e+02 1.323192281066571195e+04
4.170000000000000000e+02 1.331168185605173130e+04
4.180000000000000000e+02 1.339158842383698175e+04
4.190000000000000000e+02 1.347164177947158532e+04
4.200000000000000000e+02 1.355184119240747896e+04
4.210000000000000000e+02 1.363218593608226365e+04
4.220000000000000000e+02 1.371267528790295910e+04
4.230000000000000000e+02 1.379330852922960003e+04
4.240000000000000000e+02 1.387408494535874161e+04
4.250000000000000000e+02 1.395500382550686118e+04
4.260000000000000000e+02 1.403606446279365991e+04
4.270000000000000000e+02 1.411726615422526083e+04
4.280000000000000000e+02 1.419860820067733948e+04
4.290000000000000000e+02 1.428008990687812548e+04
4.300000000000000000e+02 1.436171058139138950e+04
4.310000000000000000e+02 1.444346953659929386e+04
4.320000000000000000e+02 1.452536608868523217e+04
4.330000000000000000e+02 1.460739955761653800e+04
4.340000000000000000e+02 1.468956926712720269e+04
4.350000000000000000e+02 1.477187454470047669e+04
4.360000000000000000e+02 1.485431472155147458e+04
4.370000000000000000e+02 1.493688913260968729e+04
4.380000000000000000e+02 1.501959711650145800e+04
4.390000000000000000e+02 1.510243801553245976e+04
4.400000000000000000e+02 1.518541117567008405e+04
4.410000000000000000e+02 1.526851594652583299e+04
4.420000000000000000e+02 1.535175168133765510e+04
4.430000000000000000e+02 1.543511773695229203e+04
4.440000000000000000e+02 1.551861347380756706e+04
4.450000000000000000e+02 1.560223825591468631e+04
4.460000000000000000e+02 1.568599145084049815e+04
4.470000000000000000e+02 1.576987242968976898e+04
4.480000000000000000e+02 1.585388056708742261e+04
4.490000000000000000e+02 1.593801524116079599e+04
4.500000000000000000e+02 1.602227583352187867e+04
4.510000000000000000e+02 1.610666172924955754e+04
4.520000000000000000e+02 1.619117231687188178e+04
4.530000000000000000e+02 1.627580698834827490e+04
4.540000000000000000e+02 1.636056513905184693e+04
4.550000000000000000e+02 1.644544616775162649e+04
4.560000000000000000e+02 1.653044947659486570e+04
4.570000000000000000e+02 1.661557447108933411e+04
4.580000000000000000e+02 1.670082056008564177e+04
4.590000000000000000e+02 1.678618715575956594e+04
4.600000000000000000e+02 1.687167367359442505e+04
4.610000000000000000e+02 1.695727953236345638e+04
4.620000000000000000e+02 1.704300415411222639e+04
4.630000000000000000e+02 1.712884696414105929e+04
4.640000000000000000e+02 1.721480739098753111e+04
4.650000000000000000e+02 1.730088486640894189e+04
4.660000000000000000e+02 1.738707882536487523e+04
4.670000000000000000e+02 1.747338870599973598e+04
4.680000000000000000e+02 1.755981394962540435e+04
4.690000000000000000e+02 1.764635400070381002e+04
4.700000000000000000e+02 1.773300830682970263e+04
4.710000000000000000e+02 1.781977631871330232e+04
4.720000000000000000e+02 1.790665749016313566e+04
4.730000000000000000e+02 1.799365127806878081e+04
4.740000000000000000e+02 1.808075714238380533e+04
4.750000000000000000e+02 1.816797454610860586e+04
4.760000000000000000e+02 1.825530295527340058e+04
4.770000000000000000e+02 1.834274183892123983e+04
4.780000000000000000e+02 1.843029066909105313e+04
4.790000000000000000e+02 1.851794892080074351e+04
4.800000000000000000e+02 1.860571607203039093e+04
4.810000000000000000e+02 1.869359160370542304e+04
4.820000000000000000e+02 1.878157499967992044e+04
4.830000000000000000e+02 1.886966574671994749e+04
4.840000000000000000e+02 1.895786333448690129e+04
4.850000000000000000e+02 1.904616725552100252e+04
4.860000000000000000e+02 1.913457700522477899e+04
4.870000000000000000e+02 1.922309208184662202e+04
4.880000000000000000e+02 1.931171198646441553e+04
4.890000000000000000e+02 1.940043622296923786e+04
4.900000000000000000e+02 1.948926429804908912e+04
4.910000000000000000e+02 1.957819572117270582e+04
4.920000000000000000e+02 1.966723000457344824e+04
4.930000000000000000e+02 1.975636666323322424e+04
4.940000000000000000e+02 1.984560521486650396e+04
4.950000000000000000e+02 1.993494517990439635e+04
4.960000000000000000e+02 2.002438608147875493e+04
4.970000000000000000e+02 2.011392744540640706e+04
4.980000000000000000e+02 2.020356880017342701e+04
4.990000000000000000e+02 2.029330967691945261e+04
5.000000000000000000e+02 2.038314960942209291e+04
5.010000000000000000e+02 2.047308813408141941e+04
5.020000000000000000e+02 2.056312478990450109e+04
5.030000000000000000e+02 2.065325911848999749e+04
5.040000000000000000e+02 2.074349066401287928e+04
5.050000000000000000e+02 2.083381897320913777e+04
5.060000000000000000e+02 2.092424359536063639e+04
5.070000000000000000e+02 2.101476408227999127e+04
5.080000000000000000e+02 2.110537998829554999e+04
5.090000000000000000e+02 2.119609087023638858e+04
5.100000000000000000e+02 2.128689628741746492e+04
5.110000000000000000e+02 2.137779580162477941e+04
5.120000000000000000e+02 2.146878897710060846e+04
5.130000000000000000e+02 2.155987538052884702e+04
5.140000000000000000e+02 2.165105458102040939e+04
5.150000000000000000e+02 2.174232615009865549e+04
5.160000000000000000e+02 2.183368966168499901e+04
5.170000000000000000e+02 2.192514469208445735e+04
5.180000000000000000e+02 2.201669081997135072e+04
5.190000000000000000e+02 2.210832762637511041e+04
5.200000000000000000e+02 2.220005469466603245e+04
5.210000000000000000e+02 2.229187161054124590e+04
5.220000000000000000e+02 2.238377796201063757e+04
5.230000000000000000e+02 2.247577333938297306e+04
5.240000000000000000e+02 2.256785733525195246e+04
5.250000000000000000e+02 2.266002954448242963e+04
5.260000000000000000e+02 2.275228956419670067e+04
5.270000000000000000e+02 2.284463699376084696e+04
5.280000000000000000e+02 2.293707143477111458e+04
5.290000000000000000e+02 2.302959249104046103e+04
5.300000000000000000e+02 2.312219976858506561e+04
5.310000000000000000e+02 2.321489287561100355e+04
5.320000000000000000e+02 2.330767142250093457e+04
5.330000000000000000e+02 2.340053502180091164e+04
5.340000000000000000e+02 2.349348328820720053e+04
5.350000000000000000e+02 2.358651583855323406e+04
5.360000000000000000e+02 2.367963229179660993e+04
5.370000000000000000e+02 2.377283226900616864e+04
5.380000000000000000e+02 2.386611539334910049e+04
5.390000000000000000e+02 2.395948129007824537e+04
5.400000000000000000e+02 2.405292958651930530e+04
5.410000000000000000e+02 2.414645991205823157e+04
5.420000000000000000e+02 2.424007189812868455e+04
5.430000000000000000e+02 2.433376517819950459e+04
5.440000000000000000e+02 2.442753938776233554e+04
5.450000000000000000e+02 2.452139416431921927e+04
5.460000000000000000e+02 2.461532914737035753e+04
5.470000000000000000e+02 2.470934397840188831e+04
5.480000000000000000e+02 2.480343830087374590e+04
5.490000000000000000e+02 2.489761176020762650e+04
5.500000000000000000e+02 2.499186400377493555e+04
5.510000000000000000e+02 2.508619468088490976e+04
5.520000000000000000e+02 2.518060344277274999e+04
5.530000000000000000e+02 2.527508994258783787e+04
5.540000000000000000e+02 2.536965383538198512e+04
5.550000000000000000e+02 2.546429477809785749e+04
5.560000000000000000e+02 2.555901242955734415e+04
5.570000000000000000e+02 2.565380645045004349e+04
5.580000000000000000e+02 2.574867650332186167e+04
5.590000000000000000e+02 2.584362225256362944e+04
5.600000000000000000e+02 2.593864336439979525e+04
5.610000000000000000e+02 2.603373950687717661e+04
5.620000000000000000e+02 2.612891034985382066e+04
5.630000000000000000e+02 2.622415556498787919e+04
5.640000000000000000e+02 2.631947482572661102e+04
5.650000000000000000e+02 2.641486780729537350e+04
5.660000000000000000e+02 2.651033418668674130e+04
5.670000000000000000e+02 2.660587364264970529e+04
5.680000000000000000e+02 2.670148585567887494e+04
5.690000000000000000e+02 2.679717050800375364e+04
5.700000000000000000e+02 2.689292728357817759e+04
5.710000000000000000e+02 2.698875586806968204e+04
5.720000000000000000e+02 2.708465594884902748e+04
5.730000000000000000e+02 2.718062721497973325e+04
5.740000000000000000e+02 2.727666935720776019e+04
5.750000000000000000e+02 2.737278206795112419e+04
5.760000000000000000e+02 2.746896504128971719e+04
5.770000000000000000e+02 2.756521797295508077e+04
5.780000000000000000e+02 2.766154056032029985e+04
5.790000000000000000e+02 2.775793250238995097e+04
5.800000000000000000e+02 2.785439349979011968e+04
5.810000000000000000e+02 2.795092325475841790e+04
5.820000000000000000e+02 2.804752147113417959e+04
5.830000000000000000e+02 2.814418785434861638e+04
5.840000000000000000e+02 2.824092211141508233e+04
5.850000000000000000e+02 2.833772395091936778e+04
5.860000000000000000e+02 2.843459308301012061e+04
5.870000000000000000e+02 2.853152921938922736e+04
5.880000000000000000e+02 2.862853207330236182e+04
5.890000000000000000e+02 2.872560135952949713e+04
5.900000000000000000e+02 2.882273679437556711e+04
5.910000000000000000e+02 2.891993809566109121e+04
5.920000000000000000e+02 2.901720498271295219e+04
5.930000000000000000e+02 2.911453717635516659e+04
5.940000000000000000e+02 2.921193439889975343e+04
5.950000000000000000e+02 2.930939637413762102e+04
5.960000000000000000e+02 2.940692282732955937e+04
5.970000000000000000e+02 2.950451348519724706e+04
5.980000000000000000e+02 2.960216807591434917e+04
5.990000000000000000e+02 2.969988632909764056e+04
6.000000000000000000e+02 2.979766797579822014e+04
6.010000000000000000e+02 2.989551274849275069e+04
6.020000000000000000e+02 2.999342038107476765e+04
6.030000000000000000e+02 3.009139060884603532e+04
6.040000000000000000e+02 3.018942316850799762e+04
6.050000000000000000e+02 3.028751779815322880e+04
6.060000000000000000e+02 3.038567423725693516e+04
6.070000000000000000e+02 3.048389222666860951e+04
6.080000000000000000e+02 3.058217150860359834e+04
6.090000000000000000e+02 3.068051182663483632e+04
6.100000000000000000e+02 3.077891292568456265e+04
6.110000000000000000e+02 3.087737455201615376e+04
6.120000000000000000e+02 3.097589645322591969e+04
6.130000000000000000e+02 3.107447837823507507e+04
6.140000000000000000e+02 3.117312007728164826e+04
6.150000000000000000e+02 3.127182130191249234e+04
6.160000000000000000e+02 3.137058180497536523e+04
6.170000000000000000e+02 3.146940134061101708e+04
6.180000000000000000e+02 3.156827966424535407e+04
6.190000000000000000e+02 3.166721653258168953e+04
6.200000000000000000e+02 3.176621170359295138e+04
6.210000000000000000e+02 3.186526493651400961e+04
6.220000000000000000e+02 3.196437599183407656e+04
6.230000000000000000e+02 3.206354463128906355e+04
6.240000000000000000e+02 3.216277061785407932e+04
6.250000000000000000e+02 3.226205371573592856e+04
6.260000000000000000e+02 3.236139369036567587e+04
6.270000000000000000e+02 3.246079030839123880e+04
6.280000000000000000e+02 3.256024333767006829e+04
6.290000000000000000e+02 3.265975254726179992e+04
6.300000000000000000e+02 3.275931770742108347e+04
6.310000000000000000e+02 3.285893858959031058e+04
6.320000000000000000e+02 3.295861496639247343e+04
6.330000000000000000e+02 3.305834661162409611e+04
6.340000000000000000e+02 3.315813330024811876e+04
6.350000000000000000e+02 3.325797480838691990e+04
6.360000000000000000e+02 3.335787091331531701e+04
6.370000000000000000e+02 3.345782139345363976e+04
6.380000000000000000e+02 3.355782602836089791e+04
6.390000000000000000e+02 3.365788459872787644e+04
6.400000000000000000e+02 3.375799688637038344e+04
6.410000000000000000e+02 3.385816267422249803e+04
6.420000000000000000e+02 3.395838174632987648e+04
6.430000000000000000e+02 3.405865388784305833e+04
6.440000000000000000e+02 3.415897888501088892e+04
6.450000000000000000e+02 3.425935652517392737e+04
6.460000000000000000e+02 3.435978659675792733e+04
6.470000000000000000e+02 3.446026888926731044e+04
6.480000000000000000e+02 3.456080319327877805e+04
6.490000000000000000e+02 3.466138930043490109e+04
6.500000000000000000e+02 3.476202700343770266e+04
6.510000000000000000e+02 3.486271609604237892e+04
6.520000000000000000e+02 3.496345637305106357e+04
6.530000000000000000e+02 3.506424763030647591e+04
6.540000000000000000e+02 3.516508966468584549e+04
6.550000000000000000e+02 3.526598227409467654e+04
6.560000000000000000e+02 3.536692525746065803e+04
6.570000000000000000e+02 3.546791841472759552e+04
6.580000000000000000e+02 3.556896154684937937e+04
6.590000000000000000e+02 3.567005445578393847e+04
6.600000000000000000e+02 3.577119694448733935e+04
6.610000000000000000e+02 3.587238881690784910e+04
6.620000000000000000e+02 3.597362987798004906e+04
6.630000000000000000e+02 3.607491993361897767e+04
6.640000000000000000e+02 3.617625879071438249e+04
6.650000000000000000e+02 3.627764625712485577e+04
6.660000000000000000e+02 3.637908214167223196e+04
6.670000000000000000e+02 3.648056625413575966e+04
6.680000000000000000e+02 3.658209840524658648e+04
6.690000000000000000e+02 3.668367840668202552e+04
6.700000000000000000e+02 3.678530607106004027e+04
6.710000000000000000e+02 3.688698121193368570e+04
6.720000000000000000e+02 3.698870364378560043e+04
6.730000000000000000e+02 3.709047318202249880e+04
6.740000000000000000e+02 3.719228964296980121e+04
6.750000000000000000e+02 3.729415284386621352e+04
6.760000000000000000e+02 3.739606260285829921e+04
6.770000000000000000e+02 3.749801873899522616e+04
6.780000000000000000e+02 3.760002107222342602e+04
6.790000000000000000e+02 3.770206942338139197e+04
6.800000000000000000e+02 3.780416361419433815e+04
6.810000000000000000e+02 3.790630346726914286e+04
6.820000000000000000e+02 3.800848880608905893e+04
6.830000000000000000e+02 3.811071945500870061e+04
6.840000000000000000e+02 3.821299523924887762e+04
6.850000000000000000e+02 3.831531598489158932e+04
6.860000000000000000e+02 3.841768151887491695e+04
6.870000000000000000e+02 3.852009166898811236e+04
6.880000000000000000e+02 3.862254626386662858e+04
6.890000000000000000e+02 3.872504513298711390e+04
6.900000000000000000e+02 3.882758810666262434e+04
6.910000000000000000e+02 3.893017501603764686e+04
6.920000000000000000e+02 3.903280569308339909e+04
6.930000000000000000e+02 3.913547997059288173e+04
6.940000000000000000e+02 3.923819768217620003e+04
6.950000000000000000e+02 3.934095866225581267e+04
6.960000000000000000e+02 3.944376274606180959e+04
6.970000000000000000e+02 3.954660976962717541e+04
6.980000000000000000e+02 3.964949956978332193e+04
6.990000000000000000e+02 3.975243198415522784e+04
7.000000000000000000e+02 3.985540685115702217e+04
7.010000000000000000e+02 3.995842400998739322e+04
7.020000000000000000e+02 4.006148330062500463e+04
7.030000000000000000e+02 4.016458456382402073e+04
7.040000000000000000e+02 4.026772764110969001e+04
7.050000000000000000e+02 4.037091237477384857e+04
7.060000000000000000e+02 4.047413860787050362e+04
7.070000000000000000e+02 4.057740618421146064e+04
7.080000000000000000e+02 4.068071494836197962e+04
7.090000000000000000e+02 4.078406474563644588e+04
7.100000000000000000e+02 4.088745542209404812e+04
7.110000000000000000e+02 4.099088682453454385e+04
7.120000000000000000e+02 4.109435880049395928e+04
7.130000000000000000e+02 4.119787119824042747e+04
7.140000000000000000e+02 4.130142386676996102e+04
7.150000000000000000e+02 4.140501665580231929e+04
7.160000000000000000e+02 4.150864941577684658e+04
7.170000000000000000e+02 4.161232199784835393e+04
7.180000000000000000e+02 4.171603425388310279e+04
7.190000000000000000e+02 4.181978603645463591e+04
7.200000000000000000e+02 4.192357719883987011e+04
7.210000000000000000e+02 4.202740759501498542e+04
7.220000000000000000e+02 4.213127707965152513e+04
7.230000000000000000e+02 4.223518550811237947e+04
7.240000000000000000e+02 4.233913273644792935e+04
7.250000000000000000e+02 4.244311862139203731e+04
7.260000000000000000e+02 4.254714302035829314e+04
7.270000000000000000e+02 4.265120579143608484e+04
7.280000000000000000e+02 4.275530679338677146e+04
7.290000000000000000e+02 4.285944588563990692e+04
7.300000000000000000e+02 4.296362292828944919e+04
7.310000000000000000e+02 4.306783778208998410e+04
7.320000000000000000e+02 4.317209030845305824e+04
7.330000000000000000e+02 4.327638036944339547e+04
7.340000000000000000e+02 4.338070782777524437e+04
7.350000000000000000e+02 4.348507254680872575e+04
7.360000000000000000e+02 4.358947439054620190e+04
7.370000000000000000e+02 4.369391322362863139e+04
7.380000000000000000e+02 4.379838891133201832e+04
7.390000000000000000e+02 4.390290131956380355e+04
7.400000000000000000e+02 4.400745031485936488e+04
7.410000000000000000e+02 4.411203576437844458e+04
7.420000000000000000e+02 4.421665753590170061e+04
7.430000000000000000e+02 4.432131549782719958e+04
7.440000000000000000e+02 4.442600951916695340e+04
7.450000000000000000e+02 4.453073946954352141e+04
7.460000000000000000e+02 4.463550521918656159e+04
7.470000000000000000e+02 4.474030663892943994e+04
7.480000000000000000e+02 4.484514360020592721e+04
7.490000000000000000e+02 4.495001597504677193e+04
7.500000000000000000e+02 4.505492363607638981e+04
7.510000000000000000e+02 4.515986645650959690e+04
7.520000000000000000e+02 4.526484431014829170e+04
7.530000000000000000e+02 4.536985707137825375e+04
7.540000000000000000e+02 4.547490461516578216e+04
7.550000000000000000e+02 4.557998681705459603e+04
7.560000000000000000e+02 4.568510355316253117e+04
7.570000000000000000e+02 4.579025470017844782e+04
7.580000000000000000e+02 4.589544013535903650e+04
7.590000000000000000e+02 4.600065973652563844e+04
7.600000000000000000e+02 4.610591338206119690e+04
7.610000000000000000e+02 4.621120095090707036e+04
7.620000000000000000e+02 4.631652232256004208e+04
7.630000000000000000e+02 4.642187737706917687e+04
7.640000000000000000e+02 4.652726599503283796e+04
7.650000000000000000e+02 4.663268805759563111e+04
7.660000000000000000e+02 4.673814344644536322e+04
7.670000000000000000e+02 4.684363204381017567e+04
7.680000000000000000e+02 4.694915373245543742e+04
7.690000000000000000e+02 4.705470839568090014e+04
7.700000000000000000e+02 4.716029591731768596e+04
7.710000000000000000e+02 4.726591618172546441e+04
7.720000000000000000e+02 4.737156907378946926e+04
7.730000000000000000e+02 4.747725447891766089e+04
7.740000000000000000e+02 4.758297228303790325e+04
7.750000000000000000e+02 4.768872237259509711e+04
7.760000000000000000e+02 4.779450463454829878e+04
7.770000000000000000e+02 4.790031895636803529e+04
7.780000000000000000e+02 4.800616522603339399e+04
7.790000000000000000e+02 4.811204333202936687e+04
7.800000000000000000e+02 4.821795316334401286e+04
7.810000000000000000e+02 4.832389460946572945e+04
7.820000000000000000e+02 4.842986756038061139e+04
7.830000000000000000e+02 4.853587190656967141e+04
7.840000000000000000e+02 4.864190753900618438e+04
7.850000000000000000e+02 4.874797434915300255e+04
7.860000000000000000e+02 4.885407222895992891e+04
7.870000000000000000e+02 4.896020107086109056e+04
7.880000000000000000e+02 4.906636076777227572e+04
7.890000000000000000e+02 4.917255121308837988e+04
7.900000000000000000e+02 4.927877230068076460e+04
7.910000000000000000e+02 4.938502392489476188e+04
7.920000000000000000e+02 4.949130598054706934e+04
7.930000000000000000e+02 4.959761836292319640e+04
7.940000000000000000e+02 4.970396096777504135e+04
7.950000000000000000e+02 4.981033369131819200e+04
7.960000000000000000e+02 4.991673643022967735e+04
7.970000000000000000e+02 5.002316908164529013e+04
7.980000000000000000e+02 5.012963154315725114e+04
7.990000000000000000e+02 5.023612371281167725e+04
8.000000000000000000e+02 5.034264548910621670e+04
8.010000000000000000e+02 5.044919677098761167e+04
8.020000000000000000e+02 5.055577745784927538e+04
8.030000000000000000e+02 5.066238744952895649e+04
8.040000000000000000e+02 5.076902664630630898e+04
8.050000000000000000e+02 5.087569494890057103e+04
8.060000000000000000e+02 5.098239225846819318e+04
8.070000000000000000e+02 5.108911847660059721e+04
8.080000000000000000e+02 5.119587350532173878e+04
8.090000000000000000e+02 5.130265724708587368e+04
8.100000000000000000e+02 5.140946960477530229e+04
8.110000000000000000e+02 5.151631048169803398e+04
8.120000000000000000e+02 5.162317978158558981e+04
8.130000000000000000e+02 5.173007740859065962e+04
8.140000000000000000e+02 5.183700326728500659e+04
8.150000000000000000e+02 5.194395726265717531e+04
8.160000000000000000e+02 5.205093930011027260e+04
8.170000000000000000e+02 5.215794928545982839e+04
8.180000000000000000e+02 5.226498712493156927e+04
8.190000000000000000e+02 5.237205272515932302e+04
8.200000000000000000e+02 5.247914599318279943e+04
8.210000000000000000e+02 5.258626683644548029e+04
8.220000000000000000e+02 5.269341516279249481e+04
8.230000000000000000e+02 5.280059088046855322e+04
8.240000000000000000e+02 5.290779389811577130e+04
8.250000000000000000e+02 5.301502412477162579e+04
8.260000000000000000e+02 5.312228146986687352e+04
8.270000000000000000e+02 5.322956584322352137e+04
8.280000000000000000e+02 5.333687715505271626e+04
8.290000000000000000e+02 5.344421531595279521e+04
8.300000000000000000e+02 5.355158023690718983e+04
8.310000000000000000e+02 5.365897182928242546e+04
8.320000000000000000e+02 5.376639000482614938e+04
8.330000000000000000e+02 5.387383467566515901e+04
8.340000000000000000e+02 5.398130575430336467e+04
8.350000000000000000e+02 5.408880315361987596e+04
8.360000000000000000e+02 5.419632678686706640e+04
8.370000000000000000e+02 5.430387656766857253e+04
8.380000000000000000e+02 5.441145241001738759e+04
8.390000000000000000e+02 5.451905422827402072e+04
8.400000000000000000e+02 5.462668193716449605e+04
8.410000000000000000e+02 5.473433545177846099e+04
8.420000000000000000e+02 5.484201468756739632e+04
8.430000000000000000e+02 5.494971956034267350e+04
8.440000000000000000e+02 5.505744998627368477e+04
8.450000000000000000e+02 5.516520588188603142e+04
8.460000000000000000e+02 5.527298716405971936e+04
8.470000000000000000e+02 5.538079375002723827e+04
8.480000000000000000e+02 5.548862555737180810e+04
8.490000000000000000e+02 5.559648250402558915e+04
8.500000000000000000e+02 5.570436450826784858e+04
8.510000000000000000e+02 5.581227148872319231e+04
8.520000000000000000e+02 5.592020336435978970e+04
8.530000000000000000e+02 5.602816005448764918e+04
8.540000000000000000e+02 5.613614147875679191e+04
8.550000000000000000e+02 5.624414755715558567e+04
8.560000000000000000e+02 5.635217821000898402e+04
8.570000000000000000e+02 5.646023335797678010e+04
8.580000000000000000e+02 5.656831292205192585e+04
8.590000000000000000e+02 5.667641682355885132e+04
8.600000000000000000e+02 5.678454498415174749e+04
8.610000000000000000e+02 5.689269732581287826e+04
8.620000000000000000e+02 5.700087377085090702e+04
8.630000000000000000e+02 5.710907424189928861e+04
8.640000000000000000e+02 5.721729866191457404e+04
8.650000000000000000e+02 5.732554695417475887e+04
8.660000000000000000e+02 5.743381904227771156e+04
8.670000000000000000e+02 5.754211485013947095e+04
8.680000000000000000e+02 5.765043430199268914e+04
8.690000000000000000e+02 5.775877732238503813e+04
8.700000000000000000e+02 5.786714383617757994e+04
8.710000000000000000e+02 5.797553376854320959e+04
8.720000000000000000e+02 5.808394704496505437e+04
8.730000000000000000e+02 5.819238359123494592e+04
8.740000000000000000e+02 5.830084333345183404e+04
8.750000000000000000e+02 5.840932619802025147e+04
8.760000000000000000e+02 5.851783211164877866e+04
8.770000000000000000e+02 5.862636100134852313e+04
8.780000000000000000e+02 5.873491279443153326e+04
8.790000000000000000e+02 5.884348741850944498e+04
8.800000000000000000e+02 5.895208480149177922e+04
8.810000000000000000e+02 5.906070487158459582e+04
8.820000000000000000e+02 5.916934755728897289e+04
8.830000000000000000e+02 5.927801278739949339e+04
8.840000000000000000e+02 5.938670049100277538e+04
8.850000000000000000e+02 5.949541059747611871e+04
8.860000000000000000e+02 5.960414303648591886e+04
8.870000000000000000e+02 5.971289773798631359e+04
8.880000000000000000e+02 5.982167463221768412e+04
8.890000000000000000e+02 5.993047364970531635e+04
8.900000000000000000e+02 6.003929472125789471e+04
8.910000000000000000e+02 6.014813777796614158e+04
8.920000000000000000e+02 6.025700275120141305e+04
8.930000000000000000e+02 6.036588957261430187e+04
8.940000000000000000e+02 6.047479817413324054e+04
8.950000000000000000e+02 6.058372848796315520e+04
8.960000000000000000e+02 6.069268044658406143e+04
8.970000000000000000e+02 6.080165398274975450e+04
8.980000000000000000e+02 6.091064902948635427e+04
8.990000000000000000e+02 6.101966552009109728e+04
9.000000000000000000e+02 6.112870338813090348e+04
9.010000000000000000e+02 6.123776256744109560e+04
9.020000000000000000e+02 6.134684299212399492e+04
9.030000000000000000e+02 6.145594459654776438e+04
9.040000000000000000e+02 6.156506731534491701e+04
9.050000000000000000e+02 6.167421108341116633e+04
9.060000000000000000e+02 6.178337583590403665e+04
9.070000000000000000e+02 6.189256150824164069e+04
9.080000000000000000e+02 6.200176803610136267e+04
9.090000000000000000e+02 6.211099535541861405e+04
9.100000000000000000e+02 6.222024340238555305e+04
9.110000000000000000e+02 6.232951211344983312e+04
9.120000000000000000e+02 6.243880142531336605e+04
9.130000000000000000e+02 6.254811127493109234e+04
9.140000000000000000e+02 6.265744159950968606e+04
9.150000000000000000e+02 6.276679233650640526e+04
9.160000000000000000e+02 6.287616342362781870e+04
9.170000000000000000e+02 6.298555479882863438e+04
9.180000000000000000e+02 6.309496640031042625e+04
9.190000000000000000e+02 6.320439816652053560e+04
9.200000000000000000e+02 6.331385003615076130e+04
9.210000000000000000e+02 6.342332194813631213e+04
9.220000000000000000e+02 6.353281384165447525e+04
9.230000000000000000e+02 6.364232565612353210e+04
9.240000000000000000e+02 6.375185733120163059e+04
9.250000000000000000e+02 6.386140880678553367e+04
9.260000000000000000e+02 6.397098002300948428e+04
9.270000000000000000e+02 6.408057092024413578e+04
9.280000000000000000e+02 6.419018143909534410e+04
9.290000000000000000e+02 6.429981152040303277e+04
9.300000000000000000e+02 6.440946110524008691e+04
9.310000000000000000e+02 6.451913013491124002e+04
9.320000000000000000e+02 6.462881855095194624e+04
9.330000000000000000e+02 6.473852629512725980e+04
9.340000000000000000e+02 6.484825330943077279e+04
9.350000000000000000e+02 6.495799953608345822e+04
9.360000000000000000e+02 6.506776491753268056e+04
9.370000000000000000e+02 6.517754939645098784e+04
9.380000000000000000e+02 6.528735291573510040e+04
9.390000000000000000e+02 6.539717541850489215e+04
9.400000000000000000e+02 6.550701684810219740e+04
9.410000000000000000e+02 6.561687714808987221e+04
9.420000000000000000e+02 6.572675626225065207e+04
9.430000000000000000e+02 6.583665413458619150e+04
9.440000000000000000e+02 6.594657070931594353e+04
9.450000000000000000e+02 6.605650593087614106e+04
9.460000000000000000e+02 6.616645974391879281e+04
9.470000000000000000e+02 6.627643209331066464e+04
9.480000000000000000e+02 6.638642292413223186e+04
9.490000000000000000e+02 6.649643218167667510e+04
9.500000000000000000e+02 6.660645981144889083e+04
9.510000000000000000e+02 6.671650575916439993e+04
9.520000000000000000e+02 6.682656997074854735e+04
9.530000000000000000e+02 6.693665239233526518e+04
9.540000000000000000e+02 6.704675297026631597e+04
9.550000000000000000e+02 6.715687165109012858e+04
9.560000000000000000e+02 6.726700838156096870e+04
9.570000000000000000e+02 6.737716310863781837e+04
9.580000000000000000e+02 6.748733577948359016e+04
9.590000000000000000e+02 6.759752634146403580e+04
9.600000000000000000e+02 6.770773474214681482e+04
9.610000000000000000e+02 6.781796092930062150e+04
9.620000000000000000e+02 6.792820485089407885e+04
9.630000000000000000e+02 6.803846645509506925e+04
9.640000000000000000e+02 6.814874569026948302e+04
9.650000000000000000e+02 6.825904250498051988e+04
9.660000000000000000e+02 6.836935684798774309e+04
9.670000000000000000e+02 6.847968866824604629e+04
9.680000000000000000e+02 6.859003791490478034e+04
9.690000000000000000e+02 6.870040453730699664e+04
9.700000000000000000e+02 6.881078848498834122e+04
9.710000000000000000e+02 6.892118970767619612e+04
9.720000000000000000e+02 6.903160815528898092e+04
9.730000000000000000e+02 6.914204377793495951e+04
9.740000000000000000e+02 6.925249652591161430e+04
9.750000000000000000e+02 6.936296634970461309e+04
9.760000000000000000e+02 6.947345319998703781e+04
9.770000000000000000e+02 6.958395702761840948e+04
9.780000000000000000e+02 6.969447778364394617e+04
9.790000000000000000e+02 6.980501541929363157e+04
9.800000000000000000e+02 6.991556988598134194e+04
9.810000000000000000e+02 7.002614113530404575e+04
9.820000000000000000e+02 7.013672911904090142e+04
9.830000000000000000e+02 7.024733378915255889e+04
9.840000000000000000e+02 7.035795509778009728e+04
9.850000000000000000e+02 7.046859299724439916e+04
9.860000000000000000e+02 7.057924744004519016e+04
9.870000000000000000e+02 7.068991837886028225e+04
9.880000000000000000e+02 7.080060576654477336e+04
9.890000000000000000e+02 7.091130955613013066e+04
9.900000000000000000e+02 7.102202970082355023e+04
9.910000000000000000e+02 7.113276615400695300e+04
9.920000000000000000e+02 7.124351886923637358e+04
9.930000000000000000e+02 7.135428780024098523e+04
9.940000000000000000e+02 7.146507290092244511e+04
9.950000000000000000e+02 7.157587412535409385e+04
9.960000000000000000e+02 7.168669142778006790e+04
9.970000000000000000e+02 7.179752476261464471e+04
9.980000000000000000e+02 7.190837408444136963e+04
9.990000000000000000e+02 7.201923934801238647e+04
