# BB temperature (K); Intensity through filter (ph/s/m^2/mas^2)
1.000000000000000000e+01 0.000000000000000000e+00
1.100000000000000000e+01 0.000000000000000000e+00
1.200000000000000000e+01 0.000000000000000000e+00
1.300000000000000000e+01 0.000000000000000000e+00
1.400000000000000000e+01 0.000000000000000000e+00
1.500000000000000000e+01 0.000000000000000000e+00
1.600000000000000000e+01 0.000000000000000000e+00
1.700000000000000000e+01 0.000000000000000000e+00
1.800000000000000000e+01 0.000000000000000000e+00
1.900000000000000000e+01 0.000000000000000000e+00
2.000000000000000000e+01 0.000000000000000000e+00
2.100000000000000000e+01 6.995480203403744070e-141
2.200000000000000000e+01 2.057926767528795581e-134
2.300000000000000000e+01 1.667481774679136125e-128
2.400000000000000000e+01 4.374029234714791273e-123
2.500000000000000000e+01 4.254982776455031491e-118
2.600000000000000000e+01 1.722325222530704777e-113
2.700000000000000000e+01 3.200536850994964545e-109
2.800000000000000000e+01 2.971080955384793533e-105
2.900000000000000000e+01 1.482282498533350387e-101
3.000000000000000000e+01 4.235310383863062740e-98
3.100000000000000000e+01 7.326801327307593471e-95
3.200000000000000000e+01 8.057383809028468481e-92
3.300000000000000000e+01 5.879536986893858982e-89
3.400000000000000000e+01 2.956280026532185677e-86
3.500000000000000000e+01 1.058795591537459437e-83
3.600000000000000000e+01 2.781018354650692043e-81
3.700000000000000000e+01 5.495840422491142182e-79
3.800000000000000000e+01 8.357172842443203720e-77
3.900000000000000000e+01 9.973838949478642710e-75
4.000000000000000000e+01 9.506594257014621294e-73
4.100000000000000000e+01 7.349985438563791030e-71
4.200000000000000000e+01 4.673926442349426845e-69
4.300000000000000000e+01 2.475471260703657951e-67
4.400000000000000000e+01 1.104503272995161907e-65
4.500000000000000000e+01 4.195092023095585272e-64
4.600000000000000000e+01 1.369464919060276826e-62
4.700000000000000000e+01 3.876562336799366103e-61
4.800000000000000000e+01 9.593951915139731596e-60
4.900000000000000000e+01 2.091783376704998361e-58
5.000000000000000000e+01 4.046559697005927924e-57
5.100000000000000000e+01 6.991570338295490644e-56
5.200000000000000000e+01 1.085568852450231960e-54
5.300000000000000000e+01 1.523450165717104357e-53
5.400000000000000000e+01 1.942743570818692062e-52
5.500000000000000000e+01 2.262525073567311360e-51
5.600000000000000000e+01 2.417653425406039524e-50
5.700000000000000000e+01 2.380771311681405827e-49
5.800000000000000000e+01 2.169414576284931814e-48
5.900000000000000000e+01 1.836258696718911737e-47
6.000000000000000000e+01 1.448945564725741109e-46
6.100000000000000000e+01 1.069450098639591406e-45
6.200000000000000000e+01 7.406833006047861220e-45
6.300000000000000000e+01 4.827896479125894763e-44
6.400000000000000000e+01 2.969948909651692205e-43
6.500000000000000000e+01 1.728804580416949149e-42
6.600000000000000000e+01 9.546014351981144030e-42
6.700000000000000000e+01 5.011741401005075411e-41
6.800000000000000000e+01 2.507257082520861057e-40
6.900000000000000000e+01 1.197711079080082067e-39
7.000000000000000000e+01 5.473906451046035927e-39
7.100000000000000000e+01 2.397933077537724687e-38
7.200000000000000000e+01 1.008624934027531922e-37
7.300000000000000000e+01 4.080308952487173920e-37
7.400000000000000000e+01 1.590035082282202313e-36
7.500000000000000000e+01 5.977431376423175706e-36
7.600000000000000000e+01 2.170837185230238633e-35
7.700000000000000000e+01 7.626476059119849623e-35
7.800000000000000000e+01 2.595102388136397908e-34
7.900000000000000000e+01 8.563305220759535361e-34
8.000000000000000000e+01 2.743350391562934903e-33
8.100000000000000000e+01 8.541741028191135011e-33
8.200000000000000000e+01 2.587535442605192355e-32
8.300000000000000000e+01 7.633594275752919035e-32
8.400000000000000000e+01 2.195242862218214300e-31
8.500000000000000000e+01 6.159360965373693360e-31
8.600000000000000000e+01 1.687560048468112575e-30
8.700000000000000000e+01 4.518635467934955780e-30
8.800000000000000000e+01 1.183362765054650909e-29
8.900000000000000000e+01 3.033290201187711719e-29
9.000000000000000000e+01 7.615601121590823030e-29
9.100000000000000000e+01 1.874061329551243084e-28
9.200000000000000000e+01 4.523090308162934583e-28
9.300000000000000000e+01 1.071344049886040048e-27
9.400000000000000000e+01 2.491861301688994112e-27
9.500000000000000000e+01 5.694663780086154573e-27
9.600000000000000000e+01 1.279379734654345944e-26
9.700000000000000000e+01 2.827132011994849282e-26
9.800000000000000000e+01 6.147899728452390299e-26
9.900000000000000000e+01 1.316289929334914711e-25
1.000000000000000000e+02 2.776016912508471990e-25
1.010000000000000000e+02 5.769419863559444514e-25
1.020000000000000000e+02 1.182137063422074329e-24
1.030000000000000000e+02 2.388955935886254435e-24
1.040000000000000000e+02 4.763489098490191581e-24
1.050000000000000000e+02 9.375286096376596923e-24
1.060000000000000000e+02 1.821988225772746222e-23
1.070000000000000000e+02 3.497532173584097785e-23
1.080000000000000000e+02 6.634080846096232266e-23
1.090000000000000000e+02 1.243784280386545614e-22
1.100000000000000000e+02 2.305641850376531051e-22
1.110000000000000000e+02 4.227205875421214617e-22
1.120000000000000000e+02 7.667562194598730203e-22
1.130000000000000000e+02 1.376342927576549115e-21
1.140000000000000000e+02 2.445570723953188498e-21
1.150000000000000000e+02 4.302616985868270577e-21
1.160000000000000000e+02 7.497125206626169068e-21
1.170000000000000000e+02 1.294116607825692938e-20
1.180000000000000000e+02 2.213461483787016498e-20
1.190000000000000000e+02 3.752237499363138246e-20
1.200000000000000000e+02 6.305579751211746007e-20
1.210000000000000000e+02 1.050677567675311879e-19
1.220000000000000000e+02 1.736256799751671555e-19
1.230000000000000000e+02 2.846072260719580456e-19
1.240000000000000000e+02 4.628603071698944875e-19
1.250000000000000000e+02 7.469781565748160549e-19
1.260000000000000000e+02 1.196462557279852039e-18
1.270000000000000000e+02 1.902393616159984845e-18
1.280000000000000000e+02 3.003212919380539539e-18
1.290000000000000000e+02 4.707913345093590154e-18
1.300000000000000000e+02 7.329887280173438375e-18
1.310000000000000000e+02 1.133601487990892720e-17
1.320000000000000000e+02 1.741740793618644387e-17
1.330000000000000000e+02 2.659073877085308866e-17
1.340000000000000000e+02 4.034250928733566632e-17
1.350000000000000000e+02 6.083325702066431222e-17
1.360000000000000000e+02 9.118494930040089357e-17
1.370000000000000000e+02 1.358831978296478317e-16
1.380000000000000000e+02 2.013370976688621492e-16
1.390000000000000000e+02 2.966543085143566589e-16
1.400000000000000000e+02 4.347085399836550822e-16
1.410000000000000000e+02 6.336022586247013457e-16
1.420000000000000000e+02 9.186609507128818154e-16
1.430000000000000000e+02 1.325138852136980886e-15
1.440000000000000000e+02 1.901872452108962666e-15
1.450000000000000000e+02 2.716190730502636858e-15
1.460000000000000000e+02 3.860484270845622591e-15
1.470000000000000000e+02 5.460954384482487248e-15
1.480000000000000000e+02 7.689214690618493087e-15
1.490000000000000000e+02 1.077760919851206531e-14
1.500000000000000000e+02 1.503935257483232175e-14
1.510000000000000000e+02 2.089490180433441602e-14
1.520000000000000000e+02 2.890634823066667853e-14
1.530000000000000000e+02 3.982209234003434361e-14
1.540000000000000000e+02 5.463465148614205696e-14
1.550000000000000000e+02 7.465517805477033924e-14
1.560000000000000000e+02 1.016091621928986881e-13
1.570000000000000000e+02 1.377588947207110681e-13
1.580000000000000000e+02 1.860596143587192351e-13
1.590000000000000000e+02 2.503579087673729940e-13
1.600000000000000000e+02 3.356429398262377194e-13
1.610000000000000000e+02 4.483634890315218888e-13
1.620000000000000000e+02 5.968267495984699855e-13
1.630000000000000000e+02 7.916983220492093561e-13
1.640000000000000000e+02 1.046627109396941493e-12
1.650000000000000000e+02 1.379023883717780401e-12
1.660000000000000000e+02 1.811028355093369534e-12
1.670000000000000000e+02 2.370706786360570688e-12
1.680000000000000000e+02 3.093530758075162186e-12
1.690000000000000000e+02 4.024197821560886051e-12
1.700000000000000000e+02 5.218866740099240279e-12
1.710000000000000000e+02 6.747894101559368116e-12
1.720000000000000000e+02 8.699175622746289467e-12
1.730000000000000000e+02 1.118221483406355068e-11
1.740000000000000000e+02 1.433306446026586117e-11
1.750000000000000000e+02 1.832031218196017350e-11
1.760000000000000000e+02 2.335231311709363208e-11
1.770000000000000000e+02 2.968590691336886933e-11
1.780000000000000000e+02 3.763689847695188698e-11
1.790000000000000000e+02 4.759262884698237836e-11
1.800000000000000000e+02 6.002701741536975465e-11
1.810000000000000000e+02 7.551851954059842807e-11
1.820000000000000000e+02 9.477151567226527262e-11
1.830000000000000000e+02 1.186417305646400716e-10
1.840000000000000000e+02 1.481663753125520541e-10
1.850000000000000000e+02 1.845998122266485048e-10
1.860000000000000000e+02 2.294556645590159277e-10
1.870000000000000000e+02 2.845564315333707753e-10
1.880000000000000000e+02 3.520918259350108264e-10
1.890000000000000000e+02 4.346872287647626519e-10
1.900000000000000000e+02 5.354838554433262128e-10
1.910000000000000000e+02 6.582324532606968257e-10
1.920000000000000000e+02 8.074026029146843414e-10
1.930000000000000000e+02 9.883099810239379146e-10
1.940000000000000000e+02 1.207264258636039326e-09
1.950000000000000000e+02 1.471740666447676802e-09
1.960000000000000000e+02 1.790578654460215784e-09
1.970000000000000000e+02 2.174211516155511664e-09
1.980000000000000000e+02 2.634931339351588723e-09
1.990000000000000000e+02 3.187194192372630155e-09
2.000000000000000000e+02 3.847971060074217608e-09
2.010000000000000000e+02 4.637150714996442543e-09
2.020000000000000000e+02 5.578001450244723884e-09
2.030000000000000000e+02 6.697699418786480177e-09
2.040000000000000000e+02 8.027932225276266220e-09
2.050000000000000000e+02 9.605587408284307425e-09
2.060000000000000000e+02 1.147353654034827732e-08
2.070000000000000000e+02 1.368152686849687709e-08
2.080000000000000000e+02 1.628719372718249767e-08
2.090000000000000000e+02 1.935720838777043522e-08
2.100000000000000000e+02 2.296857757323019513e-08
2.110000000000000000e+02 2.721011257333914130e-08
2.120000000000000000e+02 3.218408775494914689e-08
2.130000000000000000e+02 3.800811028463232660e-08
2.140000000000000000e+02 4.481722507881043935e-08
2.150000000000000000e+02 5.276628138134875588e-08
2.160000000000000000e+02 6.203258995318710158e-08
2.170000000000000000e+02 7.281890265610464058e-08
2.180000000000000000e+02 8.535674923696056793e-08
2.190000000000000000e+02 9.991016938411270299e-08
2.200000000000000000e+02 1.167798816491688261e-07
2.210000000000000000e+02 1.363079346203500735e-07
2.220000000000000000e+02 1.588828898147242801e-07
2.230000000000000000e+02 1.849455901421681429e-07
2.240000000000000000e+02 2.149955725015224220e-07
2.250000000000000000e+02 2.495981881169663592e-07
2.260000000000000000e+02 2.893924996287220488e-07
2.270000000000000000e+02 3.351000297359160705e-07
2.280000000000000000e+02 3.875344423704985604e-07
2.290000000000000000e+02 4.476122439797787923e-07
2.300000000000000000e+02 5.163645995322162710e-07
2.310000000000000000e+02 5.949503653579042073e-07
2.320000000000000000e+02 6.846704489135736715e-07
2.330000000000000000e+02 7.869836140442698633e-07
2.340000000000000000e+02 9.035238593228791683e-07
2.350000000000000000e+02 1.036119506607741214e-06
2.360000000000000000e+02 1.186814147091290226e-06
2.370000000000000000e+02 1.357889602843163202e-06
2.380000000000000000e+02 1.551891073203871549e-06
2.390000000000000000e+02 1.771654647384853054e-06
2.400000000000000000e+02 2.020337377302427514e-06
2.410000000000000000e+02 2.301450118042397397e-06
2.420000000000000000e+02 2.618893357444215810e-06
2.430000000000000000e+02 2.976996271134594979e-06
2.440000000000000000e+02 3.380559254956167297e-06
2.450000000000000000e+02 3.834900203153140496e-06
2.460000000000000000e+02 4.345904817919236764e-06
2.470000000000000000e+02 4.920081254009273837e-06
2.480000000000000000e+02 5.564619421091077309e-06
2.490000000000000000e+02 6.287455286394525236e-06
2.500000000000000000e+02 7.097340541025761026e-06
2.510000000000000000e+02 8.003918015082286239e-06
2.520000000000000000e+02 9.017803249454442186e-06
2.530000000000000000e+02 1.015067265595588142e-05
2.540000000000000000e+02 1.141535872221470844e-05
2.550000000000000000e+02 1.282595274360265112e-05
2.560000000000000000e+02 1.439791559140589411e-05
2.570000000000000000e+02 1.614819705447136488e-05
2.580000000000000000e+02 1.809536432071954661e-05
2.590000000000000000e+02 2.025974019522143769e-05
2.600000000000000000e+02 2.266355168301458200e-05
2.610000000000000000e+02 2.533108959750255892e-05
2.620000000000000000e+02 2.828887988916363628e-05
2.630000000000000000e+02 3.156586742440629039e-05
2.640000000000000000e+02 3.519361298077251831e-05
2.650000000000000000e+02 3.920650426231750711e-05
2.660000000000000000e+02 4.364198177790877168e-05
2.670000000000000000e+02 4.854078046539749572e-05
2.680000000000000000e+02 5.394718798614062799e-05
2.690000000000000000e+02 5.990932065720236112e-05
2.700000000000000000e+02 6.647941803275217052e-05
2.710000000000000000e+02 7.371415719171367184e-05
2.720000000000000000e+02 8.167498783561353800e-05
2.730000000000000000e+02 9.042848934883937224e-05
2.740000000000000000e+02 1.000467510231492258e-04
2.750000000000000000e+02 1.106077766992831295e-04
2.760000000000000000e+02 1.221959151309190330e-04
2.770000000000000000e+02 1.349023174299869760e-04
2.780000000000000000e+02 1.488254230075115587e-04
2.790000000000000000e+02 1.640714754806892810e-04
2.800000000000000000e+02 1.807550700748261770e-04
2.810000000000000000e+02 1.989997341080482457e-04
2.820000000000000000e+02 2.189385422073584760e-04
2.830000000000000000e+02 2.407147679666337260e-04
2.840000000000000000e+02 2.644825738205216635e-04
2.850000000000000000e+02 2.904077409729089116e-04
2.860000000000000000e+02 3.186684412846649294e-04
2.870000000000000000e+02 3.494560530927106170e-04
2.880000000000000000e+02 3.829760230010988966e-04
2.890000000000000000e+02 4.194487757547096015e-04
2.900000000000000000e+02 4.591106743773272969e-04
2.910000000000000000e+02 5.022150328282701335e-04
2.920000000000000000e+02 5.490331835053490319e-04
2.930000000000000000e+02 5.998556019967179326e-04
2.940000000000000000e+02 6.549930915601303357e-04
2.950000000000000000e+02 7.147780298851702995e-04
2.960000000000000000e+02 7.795656807721986718e-04
2.970000000000000000e+02 8.497355734409612824e-04
2.980000000000000000e+02 9.256929522620547862e-04
2.990000000000000000e+02 1.007870299785675570e-03
3.000000000000000000e+02 1.096728936024239393e-03
3.010000000000000000e+02 1.192760697028567417e-03
3.020000000000000000e+02 1.296489695881252423e-03
3.030000000000000000e+02 1.408474169315623425e-03
3.040000000000000000e+02 1.529308413254238611e-03
3.050000000000000000e+02 1.659624810647137693e-03
3.060000000000000000e+02 1.800095955077033339e-03
3.070000000000000000e+02 1.951436873686189554e-03
3.080000000000000000e+02 2.114407353067928198e-03
3.090000000000000000e+02 2.289814371854365267e-03
3.100000000000000000e+02 2.478514643821156348e-03
3.110000000000000000e+02 2.681417275419584450e-03
3.120000000000000000e+02 2.899486541736283167e-03
3.130000000000000000e+02 3.133744784971085467e-03
3.140000000000000000e+02 3.385275439613970316e-03
3.150000000000000000e+02 3.655226188592737482e-03
3.160000000000000000e+02 3.944812254753776032e-03
3.170000000000000000e+02 4.255319832129151637e-03
3.180000000000000000e+02 4.588109661533969902e-03
3.190000000000000000e+02 4.944620755128806971e-03
3.200000000000000000e+02 5.326374274672473173e-03
3.210000000000000000e+02 5.734977568280845601e-03
3.220000000000000000e+02 6.172128370597598432e-03
3.230000000000000000e+02 6.639619171372323700e-03
3.240000000000000000e+02 7.139341757531070427e-03
3.250000000000000000e+02 7.673291933913040271e-03
3.260000000000000000e+02 8.243574427935558557e-03
3.270000000000000000e+02 8.852407983537181890e-03
3.280000000000000000e+02 9.502130649835740031e-03
3.290000000000000000e+02 1.019520527002447212e-02
3.300000000000000000e+02 1.093422517611468935e-02
3.310000000000000000e+02 1.172192009521809408e-02
3.320000000000000000e+02 1.256116227314529529e-02
3.330000000000000000e+02 1.345497282117969449e-02
3.340000000000000000e+02 1.440652829196716403e-02
3.350000000000000000e+02 1.541916749054232649e-02
3.360000000000000000e+02 1.649639852659112033e-02
3.370000000000000000e+02 1.764190611412688736e-02
3.380000000000000000e+02 1.885955912483371771e-02
3.390000000000000000e+02 2.015341840140532845e-02
3.400000000000000000e+02 2.152774483728110699e-02
3.410000000000000000e+02 2.298700772925267588e-02
3.420000000000000000e+02 2.453589340948423431e-02
3.430000000000000000e+02 2.617931416355830793e-02
3.440000000000000000e+02 2.792241744122484631e-02
3.450000000000000000e+02 2.977059536659644803e-02
3.460000000000000000e+02 3.172949455459501966e-02
3.470000000000000000e+02 3.380502624051592853e-02
3.480000000000000000e+02 3.600337672963425245e-02
3.490000000000000000e+02 3.833101817383471888e-02
3.500000000000000000e+02 4.079471968230051482e-02
3.510000000000000000e+02 4.340155877334912760e-02
3.520000000000000000e+02 4.615893317455260769e-02
3.530000000000000000e+02 4.907457297832758247e-02
3.540000000000000000e+02 5.215655316022528576e-02
3.550000000000000000e+02 5.541330646719441755e-02
3.560000000000000000e+02 5.885363668313028929e-02
3.570000000000000000e+02 6.248673227906072214e-02
3.580000000000000000e+02 6.632218045535466511e-02
3.590000000000000000e+02 7.036998158337176568e-02
3.600000000000000000e+02 7.464056405400054661e-02
3.610000000000000000e+02 7.914479954056044542e-02
3.620000000000000000e+02 8.389401868356605174e-02
3.630000000000000000e+02 8.890002720487463761e-02
3.640000000000000000e+02 9.417512245875542254e-02
3.650000000000000000e+02 9.973211042743511390e-02
3.660000000000000000e+02 1.055843231686868361e-01
3.670000000000000000e+02 1.117456367230394154e-01
3.680000000000000000e+02 1.182304894881907459e-01
3.690000000000000000e+02 1.250539010682119034e-01
3.700000000000000000e+02 1.322314916051305911e-01
3.710000000000000000e+02 1.397795016004795832e-01
3.720000000000000000e+02 1.477148122343888148e-01
3.730000000000000000e+02 1.560549661897938922e-01
3.740000000000000000e+02 1.648181889893201579e-01
3.750000000000000000e+02 1.740234108523860401e-01
3.760000000000000000e+02 1.836902890800528876e-01
3.770000000000000000e+02 1.938392309751266473e-01
3.780000000000000000e+02 2.044914173049904305e-01
3.790000000000000000e+02 2.156688263146227802e-01
3.800000000000000000e+02 2.273942582972220405e-01
3.810000000000000000e+02 2.396913607298243321e-01
3.820000000000000000e+02 2.525846539812670599e-01
3.830000000000000000e+02 2.660995575998048035e-01
3.840000000000000000e+02 2.802624171876461623e-01
3.850000000000000000e+02 2.951005318696275359e-01
3.860000000000000000e+02 3.106421823631935197e-01
3.870000000000000000e+02 3.269166596567980587e-01
3.880000000000000000e+02 3.439542943037844358e-01
3.890000000000000000e+02 3.617864863387402208e-01
3.900000000000000000e+02 3.804457358232655739e-01
3.910000000000000000e+02 3.999656740280174705e-01
3.920000000000000000e+02 4.203810952578347360e-01
3.930000000000000000e+02 4.417279893266643498e-01
3.940000000000000000e+02 4.640435746889429169e-01
3.950000000000000000e+02 4.873663322340025528e-01
3.960000000000000000e+02 5.117360397499914892e-01
3.970000000000000000e+02 5.371938070637115592e-01
3.980000000000000000e+02 5.637821118626926697e-01
3.990000000000000000e+02 5.915448362057211806e-01
4.000000000000000000e+02 6.205273037279653847e-01
4.010000000000000000e+02 6.507763175467162764e-01
4.020000000000000000e+02 6.823401988736909063e-01
4.030000000000000000e+02 7.152688263397217749e-01
4.040000000000000000e+02 7.496136760375573527e-01
4.050000000000000000e+02 7.854278622883938965e-01
4.060000000000000000e+02 8.227661791376419398e-01
4.070000000000000000e+02 8.616851425853149227e-01
4.080000000000000000e+02 9.022430335563220716e-01
4.090000000000000000e+02 9.444999416158144090e-01
4.100000000000000000e+02 9.885178094346165345e-01
4.110000000000000000e+02 1.034360478009660467e+00
4.120000000000000000e+02 1.082093732644190398e+00
4.130000000000000000e+02 1.131785349692403964e+00
4.140000000000000000e+02 1.183505144073038196e+00
4.150000000000000000e+02 1.237325017556293982e+00
4.160000000000000000e+02 1.293319007828341860e+00
4.170000000000000000e+02 1.351563338337527398e+00
4.180000000000000000e+02 1.412136468926233457e+00
4.190000000000000000e+02 1.475119147252234919e+00
4.200000000000000000e+02 1.540594461003225613e+00
4.210000000000000000e+02 1.608647890908041056e+00
4.220000000000000000e+02 1.679367364547971198e+00
4.230000000000000000e+02 1.752843310971392565e+00
4.240000000000000000e+02 1.829168716114794035e+00
4.250000000000000000e+02 1.908439179033123212e+00
4.260000000000000000e+02 1.990752968942223866e+00
4.270000000000000000e+02 2.076211083075969022e+00
4.280000000000000000e+02 2.164917305360536837e+00
4.290000000000000000e+02 2.256978265908123227e+00
4.300000000000000000e+02 2.352503501332200209e+00
4.310000000000000000e+02 2.451605515886308595e+00
4.320000000000000000e+02 2.554399843428129646e+00
4.330000000000000000e+02 2.661005110210522773e+00
4.340000000000000000e+02 2.771543098500922397e+00
4.350000000000000000e+02 2.886138811030437790e+00
4.360000000000000000e+02 3.004920536273730125e+00
4.370000000000000000e+02 3.128019914560633996e+00
4.380000000000000000e+02 3.255572005020287651e+00
4.390000000000000000e+02 3.387715353358372816e+00
4.400000000000000000e+02 3.524592060467878429e+00
4.410000000000000000e+02 3.666347851873636543e+00
4.420000000000000000e+02 3.813132148010725420e+00
4.430000000000000000e+02 3.965098135336581286e+00
4.440000000000000000e+02 4.122402838276600257e+00
4.450000000000000000e+02 4.285207192002696175e+00
4.460000000000000000e+02 4.453676116044250399e+00
4.470000000000000000e+02 4.627978588730563558e+00
4.480000000000000000e+02 4.808287722463854941e+00
4.490000000000000000e+02 4.994780839821606477e+00
4.500000000000000000e+02 5.187639550486915496e+00
4.510000000000000000e+02 5.387049829005277068e+00
4.520000000000000000e+02 5.593202093366137717e+00
4.530000000000000000e+02 5.806291284407238962e+00
4.540000000000000000e+02 6.026516946039757627e+00
4.550000000000000000e+02 6.254083306291914113e+00
4.560000000000000000e+02 6.489199359168647874e+00
4.570000000000000000e+02 6.732078947324713347e+00
4.580000000000000000e+02 6.982940845548432307e+00
4.590000000000000000e+02 7.242008845053083732e+00
4.600000000000000000e+02 7.509511838572791476e+00
4.610000000000000000e+02 7.785683906259592391e+00
4.620000000000000000e+02 8.070764402378125979e+00
4.630000000000000000e+02 8.364998042794312028e+00
4.640000000000000000e+02 8.668634993254091370e+00
4.650000000000000000e+02 8.981930958448227642e+00
4.660000000000000000e+02 9.305147271858949409e+00
4.670000000000000000e+02 9.638550986383984664e+00
4.680000000000000000e+02 9.982414965733523715e+00
4.690000000000000000e+02 1.033701797659525923e+01
4.700000000000000000e+02 1.070264478156266641e+01
4.710000000000000000e+02 1.107958623282143762e+01
4.720000000000000000e+02 1.146813936658876365e+01
4.730000000000000000e+02 1.186860749830012729e+01
4.740000000000000000e+02 1.228130031853792836e+01
4.750000000000000000e+02 1.270653398969627546e+01
4.760000000000000000e+02 1.314463124337597755e+01
4.770000000000000000e+02 1.359592147850363375e+01
4.780000000000000000e+02 1.406074086016867142e+01
4.790000000000000000e+02 1.453943241917177431e+01
4.800000000000000000e+02 1.503234615227833260e+01
4.810000000000000000e+02 1.553983912316998683e+01
4.820000000000000000e+02 1.606227556408757096e+01
4.830000000000000000e+02 1.660002697815830430e+01
4.840000000000000000e+02 1.715347224240006341e+01
4.850000000000000000e+02 1.772299771139546465e+01
4.860000000000000000e+02 1.830899732162821181e+01
4.870000000000000000e+02 1.891187269647404889e+01
4.880000000000000000e+02 1.953203325183861594e+01
4.890000000000000000e+02 2.016989630243424259e+01
4.900000000000000000e+02 2.082588716868758638e+01
4.910000000000000000e+02 2.150043928426996231e+01
4.920000000000000000e+02 2.219399430424193298e+01
4.930000000000000000e+02 2.290700221380382118e+01
4.940000000000000000e+02 2.363992143764334841e+01
4.950000000000000000e+02 2.439321894987178752e+01
4.960000000000000000e+02 2.516737038453965880e+01
4.970000000000000000e+02 2.596286014672305242e+01
4.980000000000000000e+02 2.678018152417129727e+01
4.990000000000000000e+02 2.761983679950688497e+01
5.000000000000000000e+02 2.848233736296813134e+01
5.010000000000000000e+02 2.936820382568513210e+01
5.020000000000000000e+02 3.027796613347936372e+01
5.030000000000000000e+02 3.121216368117727313e+01
5.040000000000000000e+02 3.217134542742783765e+01
5.050000000000000000e+02 3.315607001001430376e+01
5.060000000000000000e+02 3.416690586164992993e+01
5.070000000000000000e+02 3.520443132624766491e+01
5.080000000000000000e+02 3.626923477565324561e+01
5.090000000000000000e+02 3.736191472683168513e+01
5.100000000000000000e+02 3.848307995949631533e+01
5.110000000000000000e+02 3.963334963417001688e+01
5.120000000000000000e+02 4.081335341066792921e+01
5.130000000000000000e+02 4.202373156699081846e+01
5.140000000000000000e+02 4.326513511861826089e+01
5.150000000000000000e+02 4.453822593819071329e+01
5.160000000000000000e+02 4.584367687556947146e+01
5.170000000000000000e+02 4.718217187826328995e+01
5.180000000000000000e+02 4.855440611221065694e+01
5.190000000000000000e+02 4.996108608290624886e+01
5.200000000000000000e+02 5.140292975686025301e+01
5.210000000000000000e+02 5.288066668337941678e+01
5.220000000000000000e+02 5.439503811665790067e+01
5.230000000000000000e+02 5.594679713816664446e+01
5.240000000000000000e+02 5.753670877932958660e+01
5.250000000000000000e+02 5.916555014447505556e+01
5.260000000000000000e+02 6.083411053405046687e+01
5.270000000000000000e+02 6.254319156808872293e+01
5.280000000000000000e+02 6.429360730991426465e+01
5.290000000000000000e+02 6.608618439007693723e+01
5.300000000000000000e+02 6.792176213050179001e+01
5.310000000000000000e+02 6.980119266884265983e+01
5.320000000000000000e+02 7.172534108302750155e+01
5.330000000000000000e+02 7.369508551598346457e+01
5.340000000000000000e+02 7.571131730052957209e+01
5.350000000000000000e+02 7.777494108442451193e+01
5.360000000000000000e+02 7.988687495555787166e+01
5.370000000000000000e+02 8.204805056727209944e+01
5.380000000000000000e+02 8.425941326380311125e+01
5.390000000000000000e+02 8.652192220582725213e+01
5.400000000000000000e+02 8.883655049610212018e+01
5.410000000000000000e+02 9.120428530518915977e+01
5.420000000000000000e+02 9.362612799724543322e+01
5.430000000000000000e+02 9.610309425587217902e+01
5.440000000000000000e+02 9.863621421000777900e+01
5.450000000000000000e+02 1.012265325598529841e+02
5.460000000000000000e+02 1.038751087028154245e+02
5.470000000000000000e+02 1.065830168594611820e+02
5.480000000000000000e+02 1.093513461994613181e+02
5.490000000000000000e+02 1.121812009675204962e+02
5.500000000000000000e+02 1.150737006092751358e+02
5.510000000000000000e+02 1.180299798971492464e+02
5.520000000000000000e+02 1.210511890561544845e+02
5.530000000000000000e+02 1.241384938896233194e+02
5.540000000000000000e+02 1.272930759048614249e+02
5.550000000000000000e+02 1.305161324387081265e+02
5.560000000000000000e+02 1.338088767829913195e+02
5.570000000000000000e+02 1.371725383098655868e+02
5.580000000000000000e+02 1.406083625970201751e+02
5.590000000000000000e+02 1.441176115527450179e+02
5.600000000000000000e+02 1.477015635408421019e+02
5.610000000000000000e+02 1.513615135053701692e+02
5.620000000000000000e+02 1.550987730952101060e+02
5.630000000000000000e+02 1.589146707884389684e+02
5.640000000000000000e+02 1.628105520165004236e+02
5.650000000000000000e+02 1.667877792881589016e+02
5.660000000000000000e+02 1.708477323132260892e+02
5.670000000000000000e+02 1.749918081260466636e+02
5.680000000000000000e+02 1.792214212087320107e+02
5.690000000000000000e+02 1.835380036141291384e+02
5.700000000000000000e+02 1.879430050885132744e+02
5.710000000000000000e+02 1.924378931939915560e+02
5.720000000000000000e+02 1.970241534306068161e+02
5.730000000000000000e+02 2.017032893581281314e+02
5.740000000000000000e+02 2.064768227175177344e+02
5.750000000000000000e+02 2.113462935520614678e+02
5.760000000000000000e+02 2.163132603281512445e+02
5.770000000000000000e+02 2.213793000557085122e+02
5.780000000000000000e+02 2.265460084082354228e+02
5.790000000000000000e+02 2.318149998424841272e+02
5.800000000000000000e+02 2.371879077177311501e+02
5.810000000000000000e+02 2.426663844146458189e+02
5.820000000000000000e+02 2.482521014537415454e+02
5.830000000000000000e+02 2.539467496133984810e+02
5.840000000000000000e+02 2.597520390474458623e+02
5.850000000000000000e+02 2.656696994022934177e+02
5.860000000000000000e+02 2.717014799336003534e+02
5.870000000000000000e+02 2.778491496224706907e+02
5.880000000000000000e+02 2.841144972911645254e+02
5.890000000000000000e+02 2.904993317183129307e+02
5.900000000000000000e+02 2.970054817536278620e+02
5.910000000000000000e+02 3.036347964320937081e+02
5.920000000000000000e+02 3.103891450876317322e+02
5.930000000000000000e+02 3.172704174662252967e+02
5.940000000000000000e+02 3.242805238384973450e+02
5.950000000000000000e+02 3.314213951117262695e+02
5.960000000000000000e+02 3.386949829412939152e+02
5.970000000000000000e+02 3.461032598415519601e+02
5.980000000000000000e+02 3.536482192960979205e+02
5.990000000000000000e+02 3.613318758674508899e+02
6.000000000000000000e+02 3.691562653061163246e+02
6.010000000000000000e+02 3.771234446590293601e+02
6.020000000000000000e+02 3.852354923773691553e+02
6.030000000000000000e+02 3.934945084237309629e+02
6.040000000000000000e+02 4.019026143786486500e+02
6.050000000000000000e+02 4.104619535464585169e+02
6.060000000000000000e+02 4.191746910604917957e+02
6.070000000000000000e+02 4.280430139875900863e+02
6.080000000000000000e+02 4.370691314319317371e+02
6.090000000000000000e+02 4.462552746381612678e+02
6.100000000000000000e+02 4.556036970938121158e+02
6.110000000000000000e+02 4.651166746310142344e+02
6.120000000000000000e+02 4.747965055274761426e+02
6.130000000000000000e+02 4.846455106067352290e+02
6.140000000000000000e+02 4.946660333376643166e+02
6.150000000000000000e+02 5.048604399332284629e+02
6.160000000000000000e+02 5.152311194484819907e+02
6.170000000000000000e+02 5.257804838777981331e+02
6.180000000000000000e+02 5.365109682513220832e+02
6.190000000000000000e+02 5.474250307306397190e+02
6.200000000000000000e+02 5.585251527036543848e+02
6.210000000000000000e+02 5.698138388786618407e+02
6.220000000000000000e+02 5.812936173776189435e+02
6.230000000000000000e+02 5.929670398285931014e+02
6.240000000000000000e+02 6.048366814573903412e+02
6.250000000000000000e+02 6.169051411783498224e+02
6.260000000000000000e+02 6.291750416843003677e+02
6.270000000000000000e+02 6.416490295356703655e+02
6.280000000000000000e+02 6.543297752487421803e+02
6.290000000000000000e+02 6.672199733830483410e+02
6.300000000000000000e+02 6.803223426278967736e+02
6.310000000000000000e+02 6.936396258880237156e+02
6.320000000000000000e+02 7.071745903683613506e+02
6.330000000000000000e+02 7.209300276579211868e+02
6.340000000000000000e+02 7.349087538127768084e+02
6.350000000000000000e+02 7.491136094381499788e+02
6.360000000000000000e+02 7.635474597695847478e+02
6.370000000000000000e+02 7.782131947532092227e+02
6.380000000000000000e+02 7.931137291250751105e+02
6.390000000000000000e+02 8.082520024895716233e+02
6.400000000000000000e+02 8.236309793969062412e+02
6.410000000000000000e+02 8.392536494196456260e+02
6.420000000000000000e+02 8.551230272283153226e+02
6.430000000000000000e+02 8.712421526660452855e+02
6.440000000000000000e+02 8.876140908222624830e+02
6.450000000000000000e+02 9.042419321054242118e+02
6.460000000000000000e+02 9.211287923147790480e+02
6.470000000000000000e+02 9.382778127111646427e+02
6.480000000000000000e+02 9.556921600868220139e+02
6.490000000000000000e+02 9.733750268342321306e+02
6.500000000000000000e+02 9.913296310139652405e+02
6.510000000000000000e+02 1.009559216421539304e+03
6.520000000000000000e+02 1.028067052653283326e+03
6.530000000000000000e+02 1.046856435171199109e+03
6.540000000000000000e+02 1.065930685366819034e+03
6.550000000000000000e+02 1.085293150624057716e+03
6.560000000000000000e+02 1.104947204381045367e+03
6.570000000000000000e+02 1.124896246190950023e+03
6.580000000000000000e+02 1.145143701781772961e+03
6.590000000000000000e+02 1.165693023115124561e+03
6.600000000000000000e+02 1.186547688443969264e+03
6.610000000000000000e+02 1.207711202369336661e+03
6.620000000000000000e+02 1.229187095895999846e+03
6.630000000000000000e+02 1.250978926487113768e+03
6.640000000000000000e+02 1.273090278117811295e+03
6.650000000000000000e+02 1.295524761327752458e+03
6.660000000000000000e+02 1.318286013272627315e+03
6.670000000000000000e+02 1.341377697774605622e+03
6.680000000000000000e+02 1.364803505371732626e+03
6.690000000000000000e+02 1.388567153366268940e+03
6.700000000000000000e+02 1.412672385871967890e+03
6.710000000000000000e+02 1.437122973860295133e+03
6.720000000000000000e+02 1.461922715205576878e+03
6.730000000000000000e+02 1.487075434729089466e+03
6.740000000000000000e+02 1.512584984242072551e+03
6.750000000000000000e+02 1.538455242587675002e+03
6.760000000000000000e+02 1.564690115681826228e+03
6.770000000000000000e+02 1.591293536553033846e+03
6.780000000000000000e+02 1.618269465381101782e+03
6.790000000000000000e+02 1.645621889534771981e+03
6.800000000000000000e+02 1.673354823608286324e+03
6.810000000000000000e+02 1.701472309456864878e+03
6.820000000000000000e+02 1.729978416231102983e+03
6.830000000000000000e+02 1.758877240410283775e+03
6.840000000000000000e+02 1.788172905834604080e+03
6.850000000000000000e+02 1.817869563736316650e+03
6.860000000000000000e+02 1.847971392769782824e+03
6.870000000000000000e+02 1.878482599040436526e+03
6.880000000000000000e+02 1.909407416132661410e+03
6.890000000000000000e+02 1.940750105136577531e+03
6.900000000000000000e+02 1.972514954673737066e+03
6.910000000000000000e+02 2.004706280921730922e+03
6.920000000000000000e+02 2.037328427637702134e+03
6.930000000000000000e+02 2.070385766180771043e+03
6.940000000000000000e+02 2.103882695533365677e+03
6.950000000000000000e+02 2.137823642321465741e+03
6.960000000000000000e+02 2.172213060833746113e+03
6.970000000000000000e+02 2.207055433039641230e+03
6.980000000000000000e+02 2.242355268606308982e+03
6.990000000000000000e+02 2.278117104914505944e+03
7.000000000000000000e+02 2.314345507073373483e+03
7.010000000000000000e+02 2.351045067934137478e+03
7.020000000000000000e+02 2.388220408102707552e+03
7.030000000000000000e+02 2.425876175951201731e+03
7.040000000000000000e+02 2.464017047628372893e+03
7.050000000000000000e+02 2.502647727068952463e+03
7.060000000000000000e+02 2.541772946001907258e+03
7.070000000000000000e+02 2.581397463957611762e+03
7.080000000000000000e+02 2.621526068273936289e+03
7.090000000000000000e+02 2.662163574101250560e+03
7.100000000000000000e+02 2.703314824406349544e+03
7.110000000000000000e+02 2.744984689975293804e+03
7.120000000000000000e+02 2.787178069415180289e+03
7.130000000000000000e+02 2.829899889154823541e+03
7.140000000000000000e+02 2.873155103444371889e+03
7.150000000000000000e+02 2.916948694353846804e+03
7.160000000000000000e+02 2.961285671770604949e+03
7.170000000000000000e+02 3.006171073395743406e+03
7.180000000000000000e+02 3.051609964739417137e+03
7.190000000000000000e+02 3.097607439115108718e+03
7.200000000000000000e+02 3.144168617632824862e+03
7.210000000000000000e+02 3.191298649191232471e+03
7.220000000000000000e+02 3.239002710468734222e+03
7.230000000000000000e+02 3.287286005913486861e+03
7.240000000000000000e+02 3.336153767732371307e+03
7.250000000000000000e+02 3.385611255878897282e+03
7.260000000000000000e+02 3.435663758040069752e+03
7.270000000000000000e+02 3.486316589622204447e+03
7.280000000000000000e+02 3.537575093735693372e+03
7.290000000000000000e+02 3.589444641178738038e+03
7.300000000000000000e+02 3.641930630420038142e+03
7.310000000000000000e+02 3.695038487580442052e+03
7.320000000000000000e+02 3.748773666413570481e+03
7.330000000000000000e+02 3.803141648285404699e+03
7.340000000000000000e+02 3.858147942152849282e+03
7.350000000000000000e+02 3.913798084541277149e+03
7.360000000000000000e+02 3.970097639521039582e+03
7.370000000000000000e+02 4.027052198682974449e+03
7.380000000000000000e+02 4.084667381112894418e+03
7.390000000000000000e+02 4.142948833365056998e+03
7.400000000000000000e+02 4.201902229434645960e+03
7.410000000000000000e+02 4.261533270729230026e+03
7.420000000000000000e+02 4.321847686039232940e+03
7.430000000000000000e+02 4.382851231507402190e+03
7.440000000000000000e+02 4.444549690597296831e+03
7.450000000000000000e+02 4.506948874060762137e+03
7.460000000000000000e+02 4.570054619904449282e+03
7.470000000000000000e+02 4.633872793355331851e+03
7.480000000000000000e+02 4.698409286825258278e+03
7.490000000000000000e+02 4.763670019874520221e+03
7.500000000000000000e+02 4.829660939174464147e+03
7.510000000000000000e+02 4.896388018469131566e+03
7.520000000000000000e+02 4.963857258535935216e+03
7.530000000000000000e+02 5.032074687145392090e+03
7.540000000000000000e+02 5.101046359019881493e+03
7.550000000000000000e+02 5.170778355791489957e+03
7.560000000000000000e+02 5.241276785958869368e+03
7.570000000000000000e+02 5.312547784843198315e+03
7.580000000000000000e+02 5.384597514543174839e+03
7.590000000000000000e+02 5.457432163889110598e+03
7.600000000000000000e+02 5.531057948396064603e+03
7.610000000000000000e+02 5.605481110216092020e+03
7.620000000000000000e+02 5.680707918089548002e+03
7.630000000000000000e+02 5.756744667295492036e+03
7.640000000000000000e+02 5.833597679601196432e+03
7.650000000000000000e+02 5.911273303210728955e+03
7.660000000000000000e+02 5.989777912712655962e+03
7.670000000000000000e+02 6.069117909026851521e+03
7.680000000000000000e+02 6.149299719350412488e+03
7.690000000000000000e+02 6.230329797102693192e+03
7.700000000000000000e+02 6.312214621869470648e+03
7.710000000000000000e+02 6.394960699346222100e+03
7.720000000000000000e+02 6.478574561280554008e+03
7.730000000000000000e+02 6.563062765413748821e+03
7.740000000000000000e+02 6.648431895421475929e+03
7.750000000000000000e+02 6.734688560853626768e+03
7.760000000000000000e+02 6.821839397073325017e+03
7.770000000000000000e+02 6.909891065195083684e+03
7.780000000000000000e+02 6.998850252022125460e+03
7.790000000000000000e+02 7.088723669982880892e+03
7.800000000000000000e+02 7.179518057066642541e+03
7.810000000000000000e+02 7.271240176758426060e+03
7.820000000000000000e+02 7.363896817972989993e+03
7.830000000000000000e+02 7.457494794988062495e+03
7.840000000000000000e+02 7.552040947376754048e+03
7.850000000000000000e+02 7.647542139939185290e+03
7.860000000000000000e+02 7.744005262633298116e+03
7.870000000000000000e+02 7.841437230504907347e+03
7.880000000000000000e+02 7.939844983616946593e+03
7.890000000000000000e+02 8.039235486977953769e+03
7.900000000000000000e+02 8.139615730469773553e+03
7.910000000000000000e+02 8.240992728774508578e+03
7.920000000000000000e+02 8.343373521300689390e+03
7.930000000000000000e+02 8.446765172108716797e+03
7.940000000000000000e+02 8.551174769835532061e+03
7.950000000000000000e+02 8.656609427618563132e+03
7.960000000000000000e+02 8.763076283018921458e+03
7.970000000000000000e+02 8.870582497943867565e+03
7.980000000000000000e+02 8.979135258568563586e+03
7.990000000000000000e+02 9.088741775257092741e+03
8.000000000000000000e+02 9.199409282482774870e+03
8.010000000000000000e+02 9.311145038747756189e+03
8.020000000000000000e+02 9.423956326501929652e+03
8.030000000000000000e+02 9.537850452061116812e+03
8.040000000000000000e+02 9.652834745524596656e+03
8.050000000000000000e+02 9.768916560691932318e+03
8.060000000000000000e+02 9.886103274979115668e+03
8.070000000000000000e+02 1.000440228933404433e+04
8.080000000000000000e+02 1.012382102815133476e+04
8.090000000000000000e+02 1.024436693918646415e+04
8.100000000000000000e+02 1.036604749346927929e+04
8.110000000000000000e+02 1.048887018521682330e+04
8.120000000000000000e+02 1.061284253174554942e+04
8.130000000000000000e+02 1.073797207338286717e+04
8.140000000000000000e+02 1.086426637337809734e+04
8.150000000000000000e+02 1.099173301781276314e+04
8.160000000000000000e+02 1.112037961551027911e+04
8.170000000000000000e+02 1.125021379794503446e+04
8.180000000000000000e+02 1.138124321915085056e+04
8.190000000000000000e+02 1.151347555562884008e+04
8.200000000000000000e+02 1.164691850625470033e+04
8.210000000000000000e+02 1.178157979218536275e+04
8.220000000000000000e+02 1.191746715676511303e+04
8.230000000000000000e+02 1.205458836543110010e+04
8.240000000000000000e+02 1.219295120561829026e+04
8.250000000000000000e+02 1.233256348666383929e+04
8.260000000000000000e+02 1.247343303971092973e+04
8.270000000000000000e+02 1.261556771761202981e+04
8.280000000000000000e+02 1.275897539483162109e+04
8.290000000000000000e+02 1.290366396734838600e+04
8.300000000000000000e+02 1.304964135255684050e+04
8.310000000000000000e+02 1.319691548916846295e+04
8.320000000000000000e+02 1.334549433711228630e+04
8.330000000000000000e+02 1.349538587743497192e+04
8.340000000000000000e+02 1.364659811220037955e+04
8.350000000000000000e+02 1.379913906438862614e+04
8.360000000000000000e+02 1.395301677779465172e+04
8.370000000000000000e+02 1.410823931692627593e+04
8.380000000000000000e+02 1.426481476690180716e+04
8.390000000000000000e+02 1.442275123334710952e+04
8.400000000000000000e+02 1.458205684229225153e+04
8.410000000000000000e+02 1.474273974006766730e+04
8.420000000000000000e+02 1.490480809319983018e+04
8.430000000000000000e+02 1.506827008830650448e+04
8.440000000000000000e+02 1.523313393199153870e+04
8.450000000000000000e+02 1.539940785073918232e+04
8.460000000000000000e+02 1.556710009080801319e+04
8.470000000000000000e+02 1.573621891812439571e+04
8.480000000000000000e+02 1.590677261817552426e+04
8.490000000000000000e+02 1.607876949590204094e+04
8.500000000000000000e+02 1.625221787559024961e+04
8.510000000000000000e+02 1.642712610076390411e+04
8.520000000000000000e+02 1.660350253407560740e+04
8.530000000000000000e+02 1.678135555719780314e+04
8.540000000000000000e+02 1.696069357071338163e+04
8.550000000000000000e+02 1.714152499400589659e+04
8.560000000000000000e+02 1.732385826514940709e+04
8.570000000000000000e+02 1.750770184079793398e+04
8.580000000000000000e+02 1.769306419607457792e+04
8.590000000000000000e+02 1.787995382446021176e+04
8.600000000000000000e+02 1.806837923768191104e+04
8.610000000000000000e+02 1.825834896560094057e+04
8.620000000000000000e+02 1.844987155610045738e+04
8.630000000000000000e+02 1.864295557497283153e+04
8.640000000000000000e+02 1.883760960580669780e+04
8.650000000000000000e+02 1.903384224987359630e+04
8.660000000000000000e+02 1.923166212601435109e+04
8.670000000000000000e+02 1.943107787052511776e+04
8.680000000000000000e+02 1.963209813704311455e+04
8.690000000000000000e+02 1.983473159643204781e+04
8.700000000000000000e+02 2.003898693666725740e+04
8.710000000000000000e+02 2.024487286272053461e+04
8.720000000000000000e+02 2.045239809644468187e+04
8.730000000000000000e+02 2.066157137645779221e+04
8.740000000000000000e+02 2.087240145802722691e+04
8.750000000000000000e+02 2.108489711295333109e+04
8.760000000000000000e+02 2.129906712945291292e+04
8.770000000000000000e+02 2.151492031204243176e+04
8.780000000000000000e+02 2.173246548142091342e+04
8.790000000000000000e+02 2.195171147435269813e+04
8.800000000000000000e+02 2.217266714354983560e+04
8.810000000000000000e+02 2.239534135755433817e+04
8.820000000000000000e+02 2.261974300062014663e+04
8.830000000000000000e+02 2.284588097259488859e+04
8.840000000000000000e+02 2.307376418880141864e+04
8.850000000000000000e+02 2.330340157991911474e+04
8.860000000000000000e+02 2.353480209186500724e+04
8.870000000000000000e+02 2.376797468567469696e+04
8.880000000000000000e+02 2.400292833738301852e+04
8.890000000000000000e+02 2.423967203790456551e+04
8.900000000000000000e+02 2.447821479291404830e+04
8.910000000000000000e+02 2.471856562272636074e+04
8.920000000000000000e+02 2.496073356217661058e+04
8.930000000000000000e+02 2.520472766049984421e+04
8.940000000000000000e+02 2.545055698121072055e+04
8.950000000000000000e+02 2.569823060198292660e+04
8.960000000000000000e+02 2.594775761452847291e+04
8.970000000000000000e+02 2.619914712447687634e+04
8.980000000000000000e+02 2.645240825125411720e+04
8.990000000000000000e+02 2.670755012796154188e+04
9.000000000000000000e+02 2.696458190125452893e+04
9.010000000000000000e+02 2.722351273122110433e+04
9.020000000000000000e+02 2.748435179126040748e+04
9.030000000000000000e+02 2.774710826796103356e+04
9.040000000000000000e+02 2.801179136097922310e+04
9.050000000000000000e+02 2.827841028291701514e+04
9.060000000000000000e+02 2.854697425920022215e+04
9.070000000000000000e+02 2.881749252795633947e+04
9.080000000000000000e+02 2.908997433989235287e+04
9.090000000000000000e+02 2.936442895817244789e+04
9.100000000000000000e+02 2.964086565829564643e+04
9.110000000000000000e+02 2.991929372797333053e+04
9.120000000000000000e+02 3.019972246700672258e+04
9.130000000000000000e+02 3.048216118716426718e+04
9.140000000000000000e+02 3.076661921205897306e+04
9.150000000000000000e+02 3.105310587702565681e+04
9.160000000000000000e+02 3.134163052899815011e+04
9.170000000000000000e+02 3.163220252638645616e+04
9.180000000000000000e+02 3.192483123895383687e+04
9.190000000000000000e+02 3.221952604769388563e+04
9.200000000000000000e+02 3.251629634470750898e+04
9.210000000000000000e+02 3.281515153307996661e+04
9.220000000000000000e+02 3.311610102675773669e+04
9.230000000000000000e+02 3.341915425042551942e+04
9.240000000000000000e+02 3.372432063938308420e+04
9.250000000000000000e+02 3.403160963942216767e+04
9.260000000000000000e+02 3.434103070670336456e+04
9.270000000000000000e+02 3.465259330763295293e+04
9.280000000000000000e+02 3.496630691873977776e+04
9.290000000000000000e+02 3.528218102655210532e+04
9.300000000000000000e+02 3.560022512747447763e+04
9.310000000000000000e+02 3.592044872766459594e+04
9.320000000000000000e+02 3.624286134291018243e+04
9.330000000000000000e+02 3.656747249850591470e+04
9.340000000000000000e+02 3.689429172913034563e+04
9.350000000000000000e+02 3.722332857872282329e+04
9.360000000000000000e+02 3.755459260036049818e+04
9.370000000000000000e+02 3.788809335613533767e+04
9.380000000000000000e+02 3.822384041703116236e+04
9.390000000000000000e+02 3.856184336280076968e+04
9.400000000000000000e+02 3.890211178184305754e+04
9.410000000000000000e+02 3.924465527108020615e+04
9.420000000000000000e+02 3.958948343583497626e+04
9.430000000000000000e+02 3.993660588970795652e+04
9.440000000000000000e+02 4.028603225445494172e+04
9.450000000000000000e+02 4.063777215986447118e+04
9.460000000000000000e+02 4.099183524363512697e+04
9.470000000000000000e+02 4.134823115125336335e+04
9.480000000000000000e+02 4.170696953587098687e+04
9.490000000000000000e+02 4.206806005818293488e+04
9.500000000000000000e+02 4.243151238630518492e+04
9.510000000000000000e+02 4.279733619565260597e+04
9.520000000000000000e+02 4.316554116881693335e+04
9.530000000000000000e+02 4.353613699544498377e+04
9.540000000000000000e+02 4.390913337211677572e+04
9.550000000000000000e+02 4.428454000222389004e+04
9.560000000000000000e+02 4.466236659584788140e+04
9.570000000000000000e+02 4.504262286963879887e+04
9.580000000000000000e+02 4.542531854669388849e+04
9.590000000000000000e+02 4.581046335643628845e+04
9.600000000000000000e+02 4.619806703449397173e+04
9.610000000000000000e+02 4.658813932257876149e+04
9.620000000000000000e+02 4.698068996836547740e+04
9.630000000000000000e+02 4.737572872537119110e+04
9.640000000000000000e+02 4.777326535283468547e+04
9.650000000000000000e+02 4.817330961559600109e+04
9.660000000000000000e+02 4.857587128397611377e+04
9.670000000000000000e+02 4.898096013365680119e+04
9.680000000000000000e+02 4.938858594556065509e+04
9.690000000000000000e+02 4.979875850573120260e+04
9.700000000000000000e+02 5.021148760521325312e+04
9.710000000000000000e+02 5.062678303993330337e+04
9.720000000000000000e+02 5.104465461058026995e+04
9.730000000000000000e+02 5.146511212248615630e+04
9.740000000000000000e+02 5.188816538550714176e+04
9.750000000000000000e+02 5.231382421390464151e+04
9.760000000000000000e+02 5.274209842622666474e+04
9.770000000000000000e+02 5.317299784518926026e+04
9.780000000000000000e+02 5.360653229755826032e+04
9.790000000000000000e+02 5.404271161403107544e+04
9.800000000000000000e+02 5.448154562911877292e+04
9.810000000000000000e+02 5.492304418102830095e+04
9.820000000000000000e+02 5.536721711154496006e+04
9.830000000000000000e+02 5.581407426591495459e+04
9.840000000000000000e+02 5.626362549272830802e+04
9.850000000000000000e+02 5.671588064380180731e+04
9.860000000000000000e+02 5.717084957406234753e+04
9.870000000000000000e+02 5.762854214143022546e+04
9.880000000000000000e+02 5.808896820670294255e+04
9.890000000000000000e+02 5.855213763343896426e+04
9.900000000000000000e+02 5.901806028784188675e+04
9.910000000000000000e+02 5.948674603864464007e+04
9.920000000000000000e+02 5.995820475699410599e+04
9.930000000000000000e+02 6.043244631633583776e+04
9.940000000000000000e+02 6.090948059229899081e+04
9.950000000000000000e+02 6.138931746258157364e+04
9.960000000000000000e+02 6.187196680683590239e+04
9.970000000000000000e+02 6.235743850655417191e+04
9.980000000000000000e+02 6.284574244495449238e+04
9.990000000000000000e+02 6.333688850686697697e+04
