# BB temperature (K); Intensity through filter (ph/s/m^2/mas^2)
1.000000000000000000e+01 0.000000000000000000e+00
1.100000000000000000e+01 0.000000000000000000e+00
1.200000000000000000e+01 0.000000000000000000e+00
1.300000000000000000e+01 0.000000000000000000e+00
1.400000000000000000e+01 0.000000000000000000e+00
1.500000000000000000e+01 0.000000000000000000e+00
1.600000000000000000e+01 0.000000000000000000e+00
1.700000000000000000e+01 0.000000000000000000e+00
1.800000000000000000e+01 0.000000000000000000e+00
1.900000000000000000e+01 0.000000000000000000e+00
2.000000000000000000e+01 0.000000000000000000e+00
2.100000000000000000e+01 1.230603377567254059e-148
2.200000000000000000e+01 7.500577813744877612e-142
2.300000000000000000e+01 1.179233309481246598e-135
2.400000000000000000e+01 5.671491676461484283e-130
2.500000000000000000e+01 9.637285886557399520e-125
2.600000000000000000e+01 6.543171426118498112e-120
2.700000000000000000e+01 1.973689580176225851e-115
2.800000000000000000e+01 2.900917497983514805e-111
2.900000000000000000e+01 2.252360833421985243e-107
3.000000000000000000e+01 9.912660513947080630e-104
3.100000000000000000e+01 2.627677060109857154e-100
3.200000000000000000e+01 4.416529665433949147e-97
3.300000000000000000e+01 4.911304293188356184e-94
3.400000000000000000e+01 3.741955433599061287e-91
3.500000000000000000e+01 2.010883635762837432e-88
3.600000000000000000e+01 7.813085890985852901e-86
3.700000000000000000e+01 2.243474728656025689e-83
3.800000000000000000e+01 4.856723186643379907e-81
3.900000000000000000e+01 8.074393264093132323e-79
4.000000000000000000e+01 1.048826581567463890e-76
4.100000000000000000e+01 1.081716772657191004e-74
4.200000000000000000e+01 8.991983208918794907e-73
4.300000000000000000e+01 6.109261569557389865e-71
4.400000000000000000e+01 3.436640843253098869e-69
4.500000000000000000e+01 1.619929958157522355e-67
4.600000000000000000e+01 6.469756769105978086e-66
4.700000000000000000e+01 2.211858392640999342e-64
4.800000000000000000e+01 6.534530661783686660e-63
4.900000000000000000e+01 1.682897961932993008e-61
5.000000000000000000e+01 3.808903121330250346e-60
5.100000000000000000e+01 7.632924907693977900e-59
5.200000000000000000e+01 1.363769590903344095e-57
5.300000000000000000e+01 2.186453626979177389e-56
5.400000000000000000e+01 3.164303093540298165e-55
5.500000000000000000e+01 4.156805732095327271e-54
5.600000000000000000e+01 4.982210641648041796e-53
5.700000000000000000e+01 5.474540131386526841e-52
5.800000000000000000e+01 5.539586318394737567e-51
5.900000000000000000e+01 5.183488291941300092e-50
6.000000000000000000e+01 4.502705466475679470e-49
6.100000000000000000e+01 3.644292623607220548e-48
6.200000000000000000e+01 2.757539152627050283e-47
6.300000000000000000e+01 1.956978377794765111e-46
6.400000000000000000e+01 1.306493591219571851e-45
6.500000000000000000e+01 8.228238785229963832e-45
6.600000000000000000e+01 4.901540909529775355e-44
6.700000000000000000e+01 2.768624894348054725e-43
6.800000000000000000e+01 1.486338484473353450e-42
6.900000000000000000e+01 7.600656930864792519e-42
7.000000000000000000e+01 3.709945319088979511e-41
7.100000000000000000e+01 1.731886054478818075e-40
7.200000000000000000e+01 7.746611913649463250e-40
7.300000000000000000e+01 3.325877261721725425e-39
7.400000000000000000e+01 1.372849066195572282e-38
7.500000000000000000e+01 5.456867812877268510e-38
7.600000000000000000e+01 2.091771536044171778e-37
7.700000000000000000e+01 7.743688261696097838e-37
7.800000000000000000e+01 2.772206294412955340e-36
7.900000000000000000e+01 9.609464934510825157e-36
8.000000000000000000e+01 3.229187105913677105e-35
8.100000000000000000e+01 1.053188420573807235e-34
8.200000000000000000e+01 3.337429119082092133e-34
8.300000000000000000e+01 1.028638008411468294e-33
8.400000000000000000e+01 3.086651496211837642e-33
8.500000000000000000e+01 9.026032886932744077e-33
8.600000000000000000e+01 2.574430973871410093e-32
8.700000000000000000e+01 7.168254616354984233e-32
8.800000000000000000e+01 1.950065994094899554e-31
8.900000000000000000e+01 5.187150180753150116e-31
9.000000000000000000e+01 1.350133734215371041e-30
9.100000000000000000e+01 3.441151366070539907e-30
9.200000000000000000e+01 8.594227941450228574e-30
9.300000000000000000e+01 2.104603970993782928e-29
9.400000000000000000e+01 5.056692754503663954e-29
9.500000000000000000e+01 1.192768609798500886e-28
9.600000000000000000e+01 2.763689356063148113e-28
9.700000000000000000e+01 6.293689061884119507e-28
9.800000000000000000e+01 1.409399926155537782e-27
9.900000000000000000e+01 3.105250965633935135e-27
1.000000000000000000e+02 6.734485889891344157e-27
1.010000000000000000e+02 1.438337729757992310e-26
1.020000000000000000e+02 3.026644526499424845e-26
1.030000000000000000e+02 6.277604240337632341e-26
1.040000000000000000e+02 1.283923230039440183e-25
1.050000000000000000e+02 2.590422175940576859e-25
1.060000000000000000e+02 5.157694588999862162e-25
1.070000000000000000e+02 1.013806895793252177e-24
1.080000000000000000e+02 1.967996929708165678e-24
1.090000000000000000e+02 3.774091945042125143e-24
1.100000000000000000e+02 7.152589860621738430e-24
1.110000000000000000e+02 1.340033567444959065e-23
1.120000000000000000e+02 2.482580343625546182e-23
1.130000000000000000e+02 4.549411998290625805e-23
1.140000000000000000e+02 8.248900467310673038e-23
1.150000000000000000e+02 1.480286868786150869e-22
1.160000000000000000e+02 2.629788293417645538e-22
1.170000000000000000e+02 4.626289986849791940e-22
1.180000000000000000e+02 8.061026854953775872e-22
1.190000000000000000e+02 1.391547348383021867e-21
1.200000000000000000e+02 2.380438023689637165e-21
1.210000000000000000e+02 4.036127389447202808e-21
1.220000000000000000e+02 6.784480011097569420e-21
1.230000000000000000e+02 1.130846168456121549e-20
1.240000000000000000e+02 1.869452138812107507e-20
1.250000000000000000e+02 3.065736253277045788e-20
1.260000000000000000e+02 4.988246292279752284e-20
1.270000000000000000e+02 8.054416354595080550e-20
1.280000000000000000e+02 1.290836592382068051e-19
1.290000000000000000e+02 2.053690378574763183e-19
1.300000000000000000e+02 3.244130811033646453e-19
1.310000000000000000e+02 5.088999217761214649e-19
1.320000000000000000e+02 7.928770508164364756e-19
1.330000000000000000e+02 1.227115610114293598e-18
1.340000000000000000e+02 1.886844129728335272e-18
1.350000000000000000e+02 2.882838445895909588e-18
1.360000000000000000e+02 4.377229321775896201e-18
1.370000000000000000e+02 6.605903236681984880e-18
1.380000000000000000e+02 9.910065249760652900e-18
1.390000000000000000e+02 1.478046337214663928e-17
1.400000000000000000e+02 2.191901590952316708e-17
1.410000000000000000e+02 3.232423241412842567e-17
1.420000000000000000e+02 4.740899754028651462e-17
1.430000000000000000e+02 6.916215090953547842e-17
1.440000000000000000e+02 1.003690422279622948e-16
1.450000000000000000e+02 1.449111178963444194e-16
1.460000000000000000e+02 2.081709150600294516e-16
1.470000000000000000e+02 2.975769909810818978e-16
1.480000000000000000e+02 4.233337841772553267e-16
1.490000000000000000e+02 5.993947887450007803e-16
1.500000000000000000e+02 8.447544641891256899e-16
1.510000000000000000e+02 1.185155907968392534e-15
1.520000000000000000e+02 1.655338597303124033e-15
1.530000000000000000e+02 2.301984813210838526e-15
1.540000000000000000e+02 3.187566334454546579e-15
1.550000000000000000e+02 4.395346615905705147e-15
1.560000000000000000e+02 6.035860333709674581e-15
1.570000000000000000e+02 8.255274754995275183e-15
1.580000000000000000e+02 1.124613929964290819e-14
1.590000000000000000e+02 1.526115498859013653e-14
1.600000000000000000e+02 2.063074906471389868e-14
1.610000000000000000e+02 2.778542766434214323e-14
1.620000000000000000e+02 3.728410777467573352e-14
1.630000000000000000e+02 4.984990678723879404e-14
1.640000000000000000e+02 6.641520306879132937e-14
1.650000000000000000e+02 8.817818500504410412e-14
1.660000000000000000e+02 1.166735916071284438e-13
1.670000000000000000e+02 1.538609297268849793e-13
1.680000000000000000e+02 2.022341482469463032e-13
1.690000000000000000e+02 2.649575779682542513e-13
1.700000000000000000e+02 3.460339299562752223e-13
1.710000000000000000e+02 4.505113108217496092e-13
1.720000000000000000e+02 5.847375905587025776e-13
1.730000000000000000e+02 7.566720811135075610e-13
1.740000000000000000e+02 9.762663904961151992e-13
1.750000000000000000e+02 1.255928551899562168e-12
1.760000000000000000e+02 1.611087139732267767e-12
1.770000000000000000e+02 2.060875130923423011e-12
1.780000000000000000e+02 2.628956813721081269e-12
1.790000000000000000e+02 3.344525158741140362e-12
1.800000000000000000e+02 4.243501828198906233e-12
1.810000000000000000e+02 5.369977498546776824e-12
1.820000000000000000e+02 6.777936509067936057e-12
1.830000000000000000e+02 8.533317135648080941e-12
1.840000000000000000e+02 1.071646714869627192e-11
1.850000000000000000e+02 1.342506388424646759e-11
1.860000000000000000e+02 1.677757898952503135e-11
1.870000000000000000e+02 2.091738046645298966e-11
1.880000000000000000e+02 2.601757881352436990e-11
1.890000000000000000e+02 3.228674016156903801e-11
1.900000000000000000e+02 3.997560753521381671e-11
1.910000000000000000e+02 4.938499199382394110e-11
1.920000000000000000e+02 6.087501868054411514e-11
1.930000000000000000e+02 7.487593902730890824e-11
1.940000000000000000e+02 9.190074984484745852e-11
1.950000000000000000e+02 1.125598931148548357e-10
1.960000000000000000e+02 1.375783473710339709e-10
1.970000000000000000e+02 1.678154630120597441e-10
1.980000000000000000e+02 2.042879401709193215e-10
1.990000000000000000e+02 2.481963993444312623e-10
2.000000000000000000e+02 3.009560523733395774e-10
2.010000000000000000e+02 3.642320451048938977e-10
2.020000000000000000e+02 4.399801137540166129e-10
2.030000000000000000e+02 5.304932752359782971e-10
2.040000000000000000e+02 6.384553582465759300e-10
2.050000000000000000e+02 7.670022773348444991e-10
2.060000000000000000e+02 9.197920574153584330e-10
2.070000000000000000e+02 1.101084731918893859e-09
2.080000000000000000e+02 1.315833364949331457e-09
2.090000000000000000e+02 1.569787587322124808e-09
2.100000000000000000e+02 1.869611189180613751e-09
2.110000000000000000e+02 2.223015479052906497e-09
2.120000000000000000e+02 2.638910301813146849e-09
2.130000000000000000e+02 3.127574807195842740e-09
2.140000000000000000e+02 3.700850277489808453e-09
2.150000000000000000e+02 4.372357559080418219e-09
2.160000000000000000e+02 5.157741898950259208e-09
2.170000000000000000e+02 6.074948265486782164e-09
2.180000000000000000e+02 7.144530534445579654e-09
2.190000000000000000e+02 8.389998247208387483e-09
2.200000000000000000e+02 9.838205001151697778e-09
2.210000000000000000e+02 1.151978291266857403e-08
2.220000000000000000e+02 1.346962800389096633e-08
2.230000000000000000e+02 1.572744180624221694e-08
2.240000000000000000e+02 1.833833494947083790e-08
2.250000000000000000e+02 2.135349901571157074e-08
2.260000000000000000e+02 2.483095348638221743e-08
2.270000000000000000e+02 2.883637519742218899e-08
2.280000000000000000e+02 3.344401834763446193e-08
2.290000000000000000e+02 3.873773377790395149e-08
2.300000000000000000e+02 4.481209695808117887e-08
2.310000000000000000e+02 5.177365488566074642e-08
2.320000000000000000e+02 5.974230291841658621e-08
2.330000000000000000e+02 6.885280343432083011e-08
2.340000000000000000e+02 7.925645913884544468e-08
2.350000000000000000e+02 9.112295482466968263e-08
2.360000000000000000e+02 1.046423824344800455e-07
2.370000000000000000e+02 1.200274653865763206e-07
2.380000000000000000e+02 1.375159992980814506e-07
2.390000000000000000e+02 1.573735274843884120e-07
2.400000000000000000e+02 1.798962709288334187e-07
2.410000000000000000e+02 2.054143338062447432e-07
2.420000000000000000e+02 2.342952071107738880e-07
2.430000000000000000e+02 2.669475944851313431e-07
2.440000000000000000e+02 3.038255859778611171e-07
2.450000000000000000e+02 3.454332071704638223e-07
2.460000000000000000e+02 3.923293729199096155e-07
2.470000000000000000e+02 4.451332768572338063e-07
2.480000000000000000e+02 5.045302497723653340e-07
2.490000000000000000e+02 5.712781221019866656e-07
2.500000000000000000e+02 6.462141279239047370e-07
2.510000000000000000e+02 7.302623901509691868e-07
2.520000000000000000e+02 8.244420290128636686e-07
2.530000000000000000e+02 9.298759384178209659e-07
2.540000000000000000e+02 1.047800277401330349e-06
2.550000000000000000e+02 1.179574726597839359e-06
2.560000000000000000e+02 1.326693562516982834e-06
2.570000000000000000e+02 1.490797605370646242e-06
2.580000000000000000e+02 1.673687099283651706e-06
2.590000000000000000e+02 1.877335586931572477e-06
2.600000000000000000e+02 2.103904843986535228e-06
2.610000000000000000e+02 2.355760942218105421e-06
2.620000000000000000e+02 2.635491513693795402e-06
2.630000000000000000e+02 2.945924292254411914e-06
2.640000000000000000e+02 3.290147012305561972e-06
2.650000000000000000e+02 3.671528748969716365e-06
2.660000000000000000e+02 4.093742787785878618e-06
2.670000000000000000e+02 4.560791116426558153e-06
2.680000000000000000e+02 5.077030635327341926e-06
2.690000000000000000e+02 5.647201188693572155e-06
2.700000000000000000e+02 6.276455522062234241e-06
2.710000000000000000e+02 6.970391277457996448e-06
2.720000000000000000e+02 7.735085142189439297e-06
2.730000000000000000e+02 8.577129272486957437e-06
2.740000000000000000e+02 9.503670118488133630e-06
2.750000000000000000e+02 1.052244978252944196e-05
2.760000000000000000e+02 1.164185004830624766e-05
2.770000000000000000e+02 1.287093922421553586e-05
2.780000000000000000e+02 1.421952195009828905e-05
2.790000000000000000e+02 1.569819212264985205e-05
2.800000000000000000e+02 1.731838910096844487e-05
2.810000000000000000e+02 1.909245736006057648e-05
2.820000000000000000e+02 2.103370976662047361e-05
2.830000000000000000e+02 2.315649465804416686e-05
2.840000000000000000e+02 2.547626691242962249e-05
2.850000000000000000e+02 2.800966320424796426e-05
2.860000000000000000e+02 3.077458164744871158e-05
2.870000000000000000e+02 3.379026603497980546e-05
2.880000000000000000e+02 3.707739489106050897e-05
2.890000000000000000e+02 4.065817556003982925e-05
2.900000000000000000e+02 4.455644356330140963e-05
2.910000000000000000e+02 4.879776746343706729e-05
2.920000000000000000e+02 5.340955948279991545e-05
2.930000000000000000e+02 5.842119213156583341e-05
2.940000000000000000e+02 6.386412110856775151e-05
2.950000000000000000e+02 6.977201474642963158e-05
2.960000000000000000e+02 7.618089028089673905e-05
2.970000000000000000e+02 8.312925723274843101e-05
2.980000000000000000e+02 9.065826819927173602e-05
2.990000000000000000e+02 9.881187736097271830e-05
3.000000000000000000e+02 1.076370070179996251e-04
3.010000000000000000e+02 1.171837224796435409e-04
3.020000000000000000e+02 1.275054156392638714e-04
3.030000000000000000e+02 1.386589975760533925e-04
3.040000000000000000e+02 1.507051005342028714e-04
3.050000000000000000e+02 1.637082896392456780e-04
3.060000000000000000e+02 1.777372847206550618e-04
3.070000000000000000e+02 1.928651926191139818e-04
3.080000000000000000e+02 2.091697503662936120e-04
3.090000000000000000e+02 2.267335796344304994e-04
3.100000000000000000e+02 2.456444528625054656e-04
3.110000000000000000e+02 2.659955714753659342e-04
3.120000000000000000e+02 2.878858566217133274e-04
3.130000000000000000e+02 3.114202528664770757e-04
3.140000000000000000e+02 3.367100452827248829e-04
3.150000000000000000e+02 3.638731903978770612e-04
3.160000000000000000e+02 3.930346614586505529e-04
3.170000000000000000e+02 4.243268084887760793e-04
3.180000000000000000e+02 4.578897336231708450e-04
3.190000000000000000e+02 4.938716822118547180e-04
3.200000000000000000e+02 5.324294501964786826e-04
3.210000000000000000e+02 5.737288082719038543e-04
3.220000000000000000e+02 6.179449433547654427e-04
3.230000000000000000e+02 6.652629178904420539e-04
3.240000000000000000e+02 7.158781475392539048e-04
3.250000000000000000e+02 7.699968977920792915e-04
3.260000000000000000e+02 8.278368000748403434e-04
3.270000000000000000e+02 8.896273879105489907e-04
3.280000000000000000e+02 9.556106537166755930e-04
3.290000000000000000e+02 1.026041626824697505e-03
3.300000000000000000e+02 1.101188973317532380e-03
3.310000000000000000e+02 1.181335618289453861e-03
3.320000000000000000e+02 1.266779391141738351e-03
3.330000000000000000e+02 1.357833694535886615e-03
3.340000000000000000e+02 1.454828197634713306e-03
3.350000000000000000e+02 1.558109554269895836e-03
3.360000000000000000e+02 1.668042146682734324e-03
3.370000000000000000e+02 1.785008855492875145e-03
3.380000000000000000e+02 1.909411856557599986e-03
3.390000000000000000e+02 2.041673445391921186e-03
3.400000000000000000e+02 2.182236889827282762e-03
3.410000000000000000e+02 2.331567311593871466e-03
3.420000000000000000e+02 2.490152597518764752e-03
3.430000000000000000e+02 2.658504341038973873e-03
3.440000000000000000e+02 2.837158814735200960e-03
3.450000000000000000e+02 3.026677974598575207e-03
3.460000000000000000e+02 3.227650496748971261e-03
3.470000000000000000e+02 3.440692847329470012e-03
3.480000000000000000e+02 3.666450386307436912e-03
3.490000000000000000e+02 3.905598505918162541e-03
3.500000000000000000e+02 4.158843804492402992e-03
3.510000000000000000e+02 4.426925296414213444e-03
3.520000000000000000e+02 4.710615658960260951e-03
3.530000000000000000e+02 5.010722516776343512e-03
3.540000000000000000e+02 5.328089764751151557e-03
3.550000000000000000e+02 5.663598930051319535e-03
3.560000000000000000e+02 6.018170574085416127e-03
3.570000000000000000e+02 6.392765735168093842e-03
3.580000000000000000e+02 6.788387412658728262e-03
3.590000000000000000e+02 7.206082093351579010e-03
3.600000000000000000e+02 7.646941320897248859e-03
3.610000000000000000e+02 8.112103309037289531e-03
3.620000000000000000e+02 8.602754599435819341e-03
3.630000000000000000e+02 9.120131764893537468e-03
3.640000000000000000e+02 9.665523158730917816e-03
3.650000000000000000e+02 1.024027071112824060e-02
3.660000000000000000e+02 1.084577177321070611e-02
3.670000000000000000e+02 1.148348100966750315e-02
3.680000000000000000e+02 1.215491234069311643e-02
3.690000000000000000e+02 1.286164093403944879e-02
3.700000000000000000e+02 1.360530524796612142e-02
3.710000000000000000e+02 1.438760912587554869e-02
3.720000000000000000e+02 1.521032394341796656e-02
3.730000000000000000e+02 1.607529080884986111e-02
3.740000000000000000e+02 1.698442281742706950e-02
3.750000000000000000e+02 1.793970736061170634e-02
3.760000000000000000e+02 1.894320849086891800e-02
3.770000000000000000e+02 1.999706934282671073e-02
3.780000000000000000e+02 2.110351461156839692e-02
3.790000000000000000e+02 2.226485308882353298e-02
3.800000000000000000e+02 2.348348025781898940e-02
3.810000000000000000e+02 2.476188094754736002e-02
3.820000000000000000e+02 2.610263204720487257e-02
3.830000000000000000e+02 2.750840528154605696e-02
3.840000000000000000e+02 2.898197004789645342e-02
3.850000000000000000e+02 3.052619631555925778e-02
3.860000000000000000e+02 3.214405758834486260e-02
3.870000000000000000e+02 3.383863393094641708e-02
3.880000000000000000e+02 3.561311505987674320e-02
3.890000000000000000e+02 3.747080349967556179e-02
3.900000000000000000e+02 3.941511780508730883e-02
3.910000000000000000e+02 4.144959584990288992e-02
3.920000000000000000e+02 4.357789818314959651e-02
3.930000000000000000e+02 4.580381145330489345e-02
3.940000000000000000e+02 4.813125190120153690e-02
3.950000000000000000e+02 5.056426892228064324e-02
3.960000000000000000e+02 5.310704869884187718e-02
3.970000000000000000e+02 5.576391790292696549e-02
3.980000000000000000e+02 5.853934747046619230e-02
3.990000000000000000e+02 6.143795644730280087e-02
4.000000000000000000e+02 6.446451590770309326e-02
4.010000000000000000e+02 6.762395294594654438e-02
4.020000000000000000e+02 7.092135474157777730e-02
4.030000000000000000e+02 7.436197269889516237e-02
4.040000000000000000e+02 7.795122666123167898e-02
4.050000000000000000e+02 8.169470920057748942e-02
4.060000000000000000e+02 8.559818998307741622e-02
4.070000000000000000e+02 8.966762021092440638e-02
4.080000000000000000e+02 9.390913714115717292e-02
4.090000000000000000e+02 9.832906868185681271e-02
4.100000000000000000e+02 1.029339380662213088e-01
4.110000000000000000e+02 1.077304686049865845e-01
4.120000000000000000e+02 1.127255885176440403e-01
4.130000000000000000e+02 1.179264358428945419e-01
4.140000000000000000e+02 1.233403634287580236e-01
4.150000000000000000e+02 1.289749440027507243e-01
4.160000000000000000e+02 1.348379753225185385e-01
4.170000000000000000e+02 1.409374854073052186e-01
4.180000000000000000e+02 1.472817378506162955e-01
4.190000000000000000e+02 1.538792372144232312e-01
4.200000000000000000e+02 1.607387345052374572e-01
4.210000000000000000e+02 1.678692327323655364e-01
4.220000000000000000e+02 1.752799925486431265e-01
4.230000000000000000e+02 1.829805379739258275e-01
4.240000000000000000e+02 1.909806622015989830e-01
4.250000000000000000e+02 1.992904334883522921e-01
4.260000000000000000e+02 2.079202011274473016e-01
4.270000000000000000e+02 2.168806015056872205e-01
4.280000000000000000e+02 2.261825642442825135e-01
4.290000000000000000e+02 2.358373184237871067e-01
4.300000000000000000e+02 2.458563988932637445e-01
4.310000000000000000e+02 2.562516526638149439e-01
4.320000000000000000e+02 2.670352453866035591e-01
4.330000000000000000e+02 2.782196679154640417e-01
4.340000000000000000e+02 2.898177429541897165e-01
4.350000000000000000e+02 3.018426317885608556e-01
4.360000000000000000e+02 3.143078411031630104e-01
4.370000000000000000e+02 3.272272298830223858e-01
4.380000000000000000e+02 3.406150164000689706e-01
4.390000000000000000e+02 3.544857852844196522e-01
4.400000000000000000e+02 3.688544946804519498e-01
4.410000000000000000e+02 3.837364834876231257e-01
4.420000000000000000e+02 3.991474786859682267e-01
4.430000000000000000e+02 4.151036027461926237e-01
4.440000000000000000e+02 4.316213811242571863e-01
4.450000000000000000e+02 4.487177498403285281e-01
4.460000000000000000e+02 4.664100631419584309e-01
4.470000000000000000e+02 4.847161012513259148e-01
4.480000000000000000e+02 5.036540781963666502e-01
4.490000000000000000e+02 5.232426497255854292e-01
4.500000000000000000e+02 5.435009213063362044e-01
4.510000000000000000e+02 5.644484562063312172e-01
4.520000000000000000e+02 5.861052836581239767e-01
4.530000000000000000e+02 6.084919071062834250e-01
4.540000000000000000e+02 6.316293125369764061e-01
4.550000000000000000e+02 6.555389768896289215e-01
4.560000000000000000e+02 6.802428765503484298e-01
4.570000000000000000e+02 7.057634959267429231e-01
4.580000000000000000e+02 7.321238361037734066e-01
4.590000000000000000e+02 7.593474235802442074e-01
4.600000000000000000e+02 7.874583190855306558e-01
4.610000000000000000e+02 8.164811264761074883e-01
4.620000000000000000e+02 8.464410017114367690e-01
4.630000000000000000e+02 8.773636619087545885e-01
4.640000000000000000e+02 9.092753944762639318e-01
4.650000000000000000e+02 9.422030663242437765e-01
4.660000000000000000e+02 9.761741331535500610e-01
4.670000000000000000e+02 1.011216648820963071e+00
4.680000000000000000e+02 1.047359274780844451e+00
4.690000000000000000e+02 1.084631289602514315e+00
4.700000000000000000e+02 1.123062598562762027e+00
4.710000000000000000e+02 1.162683743312890039e+00
4.720000000000000000e+02 1.203525911619643285e+00
4.730000000000000000e+02 1.245620947179417737e+00
4.740000000000000000e+02 1.289001359505045796e+00
4.750000000000000000e+02 1.333700333884507927e+00
4.760000000000000000e+02 1.379751741410871979e+00
4.770000000000000000e+02 1.427190149082744774e+00
4.780000000000000000e+02 1.476050829974504763e+00
4.790000000000000000e+02 1.526369773475584779e+00
4.800000000000000000e+02 1.578183695598033509e+00
4.810000000000000000e+02 1.631530049351584077e+00
4.820000000000000000e+02 1.686447035185439258e+00
4.830000000000000000e+02 1.742973611495962194e+00
4.840000000000000000e+02 1.801149505199455936e+00
4.850000000000000000e+02 1.861015222369184707e+00
4.860000000000000000e+02 1.922612058935797119e+00
4.870000000000000000e+02 1.985982111450270704e+00
4.880000000000000000e+02 2.051168287908500254e+00
4.890000000000000000e+02 2.118214318636644222e+00
4.900000000000000000e+02 2.187164767236298157e+00
4.910000000000000000e+02 2.258065041588581678e+00
4.920000000000000000e+02 2.330961404916216395e+00
4.930000000000000000e+02 2.405900986902598682e+00
4.940000000000000000e+02 2.482931794866964470e+00
4.950000000000000000e+02 2.562102724994602010e+00
4.960000000000000000e+02 2.643463573621182228e+00
4.970000000000000000e+02 2.727065048570158190e+00
4.980000000000000000e+02 2.812958780542245574e+00
4.990000000000000000e+02 2.901197334555941865e+00
5.000000000000000000e+02 2.991834221438048669e+00
5.010000000000000000e+02 3.084923909363158412e+00
5.020000000000000000e+02 3.180521835441024514e+00
5.030000000000000000e+02 3.278684417350752334e+00
5.040000000000000000e+02 3.379469065020721530e+00
5.050000000000000000e+02 3.482934192353165592e+00
5.060000000000000000e+02 3.589139228992258346e+00
5.070000000000000000e+02 3.698144632134660714e+00
5.080000000000000000e+02 3.810011898381323370e+00
5.090000000000000000e+02 3.924803575629491448e+00
5.100000000000000000e+02 4.042583275003702958e+00
5.110000000000000000e+02 4.163415682824666675e+00
5.120000000000000000e+02 4.287366572614848437e+00
5.130000000000000000e+02 4.414502817139598356e+00
5.140000000000000000e+02 4.544892400482629213e+00
5.150000000000000000e+02 4.678604430154689631e+00
5.160000000000000000e+02 4.815709149234201902e+00
5.170000000000000000e+02 4.956277948538703626e+00
5.180000000000000000e+02 5.100383378825844360e+00
5.190000000000000000e+02 5.248099163022775571e+00
5.200000000000000000e+02 5.399500208482646890e+00
5.210000000000000000e+02 5.554662619267050516e+00
5.220000000000000000e+02 5.713663708453140977e+00
5.230000000000000000e+02 5.876582010464180605e+00
5.240000000000000000e+02 6.043497293422316119e+00
5.250000000000000000e+02 6.214490571522286899e+00
5.260000000000000000e+02 6.389644117424843728e+00
5.270000000000000000e+02 6.569041474668615876e+00
5.280000000000000000e+02 6.752767470099104941e+00
5.290000000000000000e+02 6.940908226313670326e+00
5.300000000000000000e+02 7.133551174121091520e+00
5.310000000000000000e+02 7.330785065014527646e+00
5.320000000000000000e+02 7.532699983656523379e+00
5.330000000000000000e+02 7.739387360374903935e+00
5.340000000000000000e+02 7.950939983668102506e+00
5.350000000000000000e+02 8.167452012718745991e+00
5.360000000000000000e+02 8.389018989914282187e+00
5.370000000000000000e+02 8.615737853373120814e+00
5.380000000000000000e+02 8.847706949475252713e+00
5.390000000000000000e+02 9.085026045395888872e+00
5.400000000000000000e+02 9.327796341640901545e+00
5.410000000000000000e+02 9.576120484582739678e+00
5.420000000000000000e+02 9.830102578995543183e+00
5.430000000000000000e+02 1.008984820058812026e+01
5.440000000000000000e+02 1.035546440853357275e+01
5.450000000000000000e+02 1.062705975799413594e+01
5.460000000000000000e+02 1.090474431264012978e+01
5.470000000000000000e+02 1.118862965716150804e+01
5.480000000000000000e+02 1.147882890977086845e+01
5.490000000000000000e+02 1.177545673469661835e+01
5.500000000000000000e+02 1.207862935466483378e+01
5.510000000000000000e+02 1.238846456336883861e+01
5.520000000000000000e+02 1.270508173792485351e+01
5.530000000000000000e+02 1.302860185131267734e+01
5.540000000000000000e+02 1.335914748480006864e+01
5.550000000000000000e+02 1.369684284034942934e+01
5.560000000000000000e+02 1.404181375300566437e+01
5.570000000000000000e+02 1.439418770326384056e+01
5.580000000000000000e+02 1.475409382941541736e+01
5.590000000000000000e+02 1.512166293987174370e+01
5.600000000000000000e+02 1.549702752546354567e+01
5.610000000000000000e+02 1.588032177171526271e+01
5.620000000000000000e+02 1.627168157109277757e+01
5.630000000000000000e+02 1.667124453522340488e+01
5.640000000000000000e+02 1.707915000708691622e+01
5.650000000000000000e+02 1.749553907317626056e+01
5.660000000000000000e+02 1.792055457562677390e+01
5.670000000000000000e+02 1.835434112431272524e+01
5.680000000000000000e+02 1.879704510890977787e+01
5.690000000000000000e+02 1.924881471092238883e+01
5.700000000000000000e+02 1.970979991567465106e+01
5.710000000000000000e+02 2.018015252426365791e+01
5.720000000000000000e+02 2.066002616547386594e+01
5.730000000000000000e+02 2.114957630765162833e+01
5.740000000000000000e+02 2.164896027053819338e+01
5.750000000000000000e+02 2.215833723706062131e+01
5.760000000000000000e+02 2.267786826507882481e+01
5.770000000000000000e+02 2.320771629908793443e+01
5.780000000000000000e+02 2.374804618187470595e+01
5.790000000000000000e+02 2.429902466612681167e+01
5.800000000000000000e+02 2.486082042599384323e+01
5.810000000000000000e+02 2.543360406859889977e+01
5.820000000000000000e+02 2.601754814549966000e+01
5.830000000000000000e+02 2.661282716409763793e+01
5.840000000000000000e+02 2.721961759899485855e+01
5.850000000000000000e+02 2.783809790329636158e+01
5.860000000000000000e+02 2.846844851985785141e+01
5.870000000000000000e+02 2.911085189247704363e+01
5.880000000000000000e+02 2.976549247702804735e+01
5.890000000000000000e+02 3.043255675253710280e+01
5.900000000000000000e+02 3.111223323219927295e+01
5.910000000000000000e+02 3.180471247433446536e+01
5.920000000000000000e+02 3.251018709328204892e+01
5.930000000000000000e+02 3.322885177023296421e+01
5.940000000000000000e+02 3.396090326399816917e+01
5.950000000000000000e+02 3.470654042171254616e+01
5.960000000000000000e+02 3.546596418947321183e+01
5.970000000000000000e+02 3.623937762291107845e+01
5.980000000000000000e+02 3.702698589769494930e+01
5.990000000000000000e+02 3.782899631996689038e+01
6.000000000000000000e+02 3.864561833670808255e+01
6.010000000000000000e+02 3.947706354603406709e+01
6.020000000000000000e+02 4.032354570741849642e+01
6.030000000000000000e+02 4.118528075184441661e+01
6.040000000000000000e+02 4.206248679188217920e+01
6.050000000000000000e+02 4.295538413169303027e+01
6.060000000000000000e+02 4.386419527695738907e+01
6.070000000000000000e+02 4.478914494472710572e+01
6.080000000000000000e+02 4.573046007320057527e+01
6.090000000000000000e+02 4.668836983141991936e+01
6.100000000000000000e+02 4.766310562888953939e+01
6.110000000000000000e+02 4.865490112511487553e+01
6.120000000000000000e+02 4.966399223906060456e+01
6.130000000000000000e+02 5.069061715852768657e+01
6.140000000000000000e+02 5.173501634944796734e+01
6.150000000000000000e+02 5.279743256509627258e+01
6.160000000000000000e+02 5.387811085521802568e+01
6.170000000000000000e+02 5.497729857507290774e+01
6.180000000000000000e+02 5.609524539439279778e+01
6.190000000000000000e+02 5.723220330625358088e+01
6.200000000000000000e+02 5.838842663586027726e+01
6.210000000000000000e+02 5.956417204924433406e+01
6.220000000000000000e+02 6.075969856187249718e+01
6.230000000000000000e+02 6.197526754716673736e+01
6.240000000000000000e+02 6.321114274493425711e+01
6.250000000000000000e+02 6.446759026970684658e+01
6.260000000000000000e+02 6.574487861898944630e+01
6.270000000000000000e+02 6.704327868141622560e+01
6.280000000000000000e+02 6.836306374481451087e+01
6.290000000000000000e+02 6.970450950417546210e+01
6.300000000000000000e+02 7.106789406953073751e+01
6.310000000000000000e+02 7.245349797373481238e+01
6.320000000000000000e+02 7.386160418015197138e+01
6.330000000000000000e+02 7.529249809024804563e+01
6.340000000000000000e+02 7.674646755108524587e+01
6.350000000000000000e+02 7.822380286272054661e+01
6.360000000000000000e+02 7.972479678550659798e+01
6.370000000000000000e+02 8.124974454729411377e+01
6.380000000000000000e+02 8.279894385053644612e+01
6.390000000000000000e+02 8.437269487929442846e+01
6.400000000000000000e+02 8.597130030614189877e+01
6.410000000000000000e+02 8.759506529897113580e+01
6.420000000000000000e+02 8.924429752769736979e+01
6.430000000000000000e+02 9.091930717086250979e+01
6.440000000000000000e+02 9.262040692213675186e+01
6.450000000000000000e+02 9.434791199671913375e+01
6.460000000000000000e+02 9.610214013763422258e+01
6.470000000000000000e+02 9.788341162192691058e+01
6.480000000000000000e+02 9.969204926675354272e+01
6.490000000000000000e+02 1.015283784353687651e+02
6.500000000000000000e+02 1.033927270430091312e+02
6.510000000000000000e+02 1.052854255626709516e+02
6.520000000000000000e+02 1.072068070307843186e+02
6.530000000000000000e+02 1.091572070527809046e+02
6.540000000000000000e+02 1.111369638085565725e+02
6.550000000000000000e+02 1.131464180578276029e+02
6.560000000000000000e+02 1.151859131453808658e+02
6.570000000000000000e+02 1.172557950062172267e+02
6.580000000000000000e+02 1.193564121705875749e+02
6.590000000000000000e+02 1.214881157689220856e+02
6.600000000000000000e+02 1.236512595366514802e+02
6.610000000000000000e+02 1.258461998189206952e+02
6.620000000000000000e+02 1.280732955751942370e+02
6.630000000000000000e+02 1.303329083837532210e+02
6.640000000000000000e+02 1.326254024460838536e+02
6.650000000000000000e+02 1.349511445911567762e+02
6.660000000000000000e+02 1.373105042795977511e+02
6.670000000000000000e+02 1.397038536077488686e+02
6.680000000000000000e+02 1.421315673116201310e+02
6.690000000000000000e+02 1.445940227707316694e+02
6.700000000000000000e+02 1.470916000118458271e+02
6.710000000000000000e+02 1.496246817125896769e+02
6.720000000000000000e+02 1.521936532049666653e+02
6.730000000000000000e+02 1.547989024787590324e+02
6.740000000000000000e+02 1.574408201848185627e+02
6.750000000000000000e+02 1.601197996382482529e+02
6.760000000000000000e+02 1.628362368214714024e+02
6.770000000000000000e+02 1.655905303871923024e+02
6.780000000000000000e+02 1.683830816612442618e+02
6.790000000000000000e+02 1.712142946453274703e+02
6.800000000000000000e+02 1.740845760196357048e+02
6.810000000000000000e+02 1.769943351453724460e+02
6.820000000000000000e+02 1.799439840671550996e+02
6.830000000000000000e+02 1.829339375153093670e+02
6.840000000000000000e+02 1.859646129080509240e+02
6.850000000000000000e+02 1.890364303535574209e+02
6.860000000000000000e+02 1.921498126519283005e+02
6.870000000000000000e+02 1.953051852970342850e+02
6.880000000000000000e+02 1.985029764782551638e+02
6.890000000000000000e+02 2.017436170821067662e+02
6.900000000000000000e+02 2.050275406937566913e+02
6.910000000000000000e+02 2.083551835984295622e+02
6.920000000000000000e+02 2.117269847827004980e+02
6.930000000000000000e+02 2.151433859356783955e+02
6.940000000000000000e+02 2.186048314500782226e+02
6.950000000000000000e+02 2.221117684231824683e+02
6.960000000000000000e+02 2.256646466576920034e+02
6.970000000000000000e+02 2.292639186624665513e+02
6.980000000000000000e+02 2.329100396531547403e+02
6.990000000000000000e+02 2.366034675527134823e+02
7.000000000000000000e+02 2.403446629918179838e+02
7.010000000000000000e+02 2.441340893091607711e+02
7.020000000000000000e+02 2.479722125516420874e+02
7.030000000000000000e+02 2.518595014744491039e+02
7.040000000000000000e+02 2.557964275410264747e+02
7.050000000000000000e+02 2.597834649229381512e+02
7.060000000000000000e+02 2.638210904996182649e+02
7.070000000000000000e+02 2.679097838580147481e+02
7.080000000000000000e+02 2.720500272921230476e+02
7.090000000000000000e+02 2.762423058024123748e+02
7.100000000000000000e+02 2.804871070951417096e+02
7.110000000000000000e+02 2.847849215815702451e+02
7.120000000000000000e+02 2.891362423770574424e+02
7.130000000000000000e+02 2.935415653000574707e+02
7.140000000000000000e+02 2.980013888710046217e+02
7.150000000000000000e+02 3.025162143110928810e+02
7.160000000000000000e+02 3.070865455409473270e+02
7.170000000000000000e+02 3.117128891791909382e+02
7.180000000000000000e+02 3.163957545409022032e+02
7.190000000000000000e+02 3.211356536359696179e+02
7.200000000000000000e+02 3.259331011673382932e+02
7.210000000000000000e+02 3.307886145291521984e+02
7.220000000000000000e+02 3.357027138047915287e+02
7.230000000000000000e+02 3.406759217648039453e+02
7.240000000000000000e+02 3.457087638647326457e+02
7.250000000000000000e+02 3.508017682428398416e+02
7.260000000000000000e+02 3.559554657177266108e+02
7.270000000000000000e+02 3.611703897858485561e+02
7.280000000000000000e+02 3.664470766189290885e+02
7.290000000000000000e+02 3.717860650612704490e+02
7.300000000000000000e+02 3.771878966269605939e+02
7.310000000000000000e+02 3.826531154969796376e+02
7.320000000000000000e+02 3.881822685162044877e+02
7.330000000000000000e+02 3.937759051903116188e+02
7.340000000000000000e+02 3.994345776825792882e+02
7.350000000000000000e+02 4.051588408105891403e+02
7.360000000000000000e+02 4.109492520428284479e+02
7.370000000000000000e+02 4.168063714951916836e+02
7.380000000000000000e+02 4.227307619273838100e+02
7.390000000000000000e+02 4.287229887392239220e+02
7.400000000000000000e+02 4.347836199668508925e+02
7.410000000000000000e+02 4.409132262788318144e+02
7.420000000000000000e+02 4.471123809721708540e+02
7.430000000000000000e+02 4.533816599682244259e+02
7.440000000000000000e+02 4.597216418085149598e+02
7.450000000000000000e+02 4.661329076504540581e+02
7.460000000000000000e+02 4.726160412629656093e+02
7.470000000000000000e+02 4.791716290220149403e+02
7.480000000000000000e+02 4.858002599060448574e+02
7.490000000000000000e+02 4.925025254913142589e+02
7.500000000000000000e+02 4.992790199471463666e+02
7.510000000000000000e+02 5.061303400310806637e+02
7.520000000000000000e+02 5.130570850839339982e+02
7.530000000000000000e+02 5.200598570247677799e+02
7.540000000000000000e+02 5.271392603457652513e+02
7.550000000000000000e+02 5.342959021070153085e+02
7.560000000000000000e+02 5.415303919312068501e+02
7.570000000000000000e+02 5.488433419982324040e+02
7.580000000000000000e+02 5.562353670397014866e+02
7.590000000000000000e+02 5.637070843333658559e+02
7.600000000000000000e+02 5.712591136974549499e+02
7.610000000000000000e+02 5.788920774849221971e+02
7.620000000000000000e+02 5.866066005776070824e+02
7.630000000000000000e+02 5.944033103803047879e+02
7.640000000000000000e+02 6.022828368147547735e+02
7.650000000000000000e+02 6.102458123135388632e+02
7.660000000000000000e+02 6.182928718138957720e+02
7.670000000000000000e+02 6.264246527514505942e+02
7.680000000000000000e+02 6.346417950538595960e+02
7.690000000000000000e+02 6.429449411343703105e+02
7.700000000000000000e+02 6.513347358852995512e+02
7.710000000000000000e+02 6.598118266714282072e+02
7.720000000000000000e+02 6.683768633233135006e+02
7.730000000000000000e+02 6.770304981305193905e+02
7.740000000000000000e+02 6.857733858347666001e+02
7.750000000000000000e+02 6.946061836230021527e+02
7.760000000000000000e+02 7.035295511203869410e+02
7.770000000000000000e+02 7.125441503832086028e+02
7.780000000000000000e+02 7.216506458917092459e+02
7.790000000000000000e+02 7.308497045428407546e+02
7.800000000000000000e+02 7.401419956429388094e+02
7.810000000000000000e+02 7.495281909003215333e+02
7.820000000000000000e+02 7.590089644178111712e+02
7.830000000000000000e+02 7.685849926851806231e+02
7.840000000000000000e+02 7.782569545715225559e+02
7.850000000000000000e+02 7.880255313175476886e+02
7.860000000000000000e+02 7.978914065278048611e+02
7.870000000000000000e+02 8.078552661628307305e+02
7.880000000000000000e+02 8.179177985312253440e+02
7.890000000000000000e+02 8.280796942816539286e+02
7.900000000000000000e+02 8.383416463947828561e+02
7.910000000000000000e+02 8.487043501751353460e+02
7.920000000000000000e+02 8.591685032428850946e+02
7.930000000000000000e+02 8.697348055255756663e+02
7.940000000000000000e+02 8.804039592497729245e+02
7.950000000000000000e+02 8.911766689326462938e+02
7.960000000000000000e+02 9.020536413734848793e+02
7.970000000000000000e+02 9.130355856451435557e+02
7.980000000000000000e+02 9.241232130854255047e+02
7.990000000000000000e+02 9.353172372883944945e+02
8.000000000000000000e+02 9.466183740956266774e+02
8.010000000000000000e+02 9.580273415873934937e+02
8.020000000000000000e+02 9.695448600737803417e+02
8.030000000000000000e+02 9.811716520857441992e+02
8.040000000000000000e+02 9.929084423661082610e+02
8.050000000000000000e+02 1.004755957860490639e+03
8.060000000000000000e+02 1.016714927708174855e+03
8.070000000000000000e+02 1.028786083232916781e+03
8.080000000000000000e+02 1.040970157933693827e+03
8.090000000000000000e+02 1.053267887475390353e+03
8.100000000000000000e+02 1.065680009679429077e+03
8.110000000000000000e+02 1.078207264514338021e+03
8.120000000000000000e+02 1.090850394086262895e+03
8.130000000000000000e+02 1.103610142629423081e+03
8.140000000000000000e+02 1.116487256496507825e+03
8.150000000000000000e+02 1.129482484149017182e+03
8.160000000000000000e+02 1.142596576147549740e+03
8.170000000000000000e+02 1.155830285142033517e+03
8.180000000000000000e+02 1.169184365861901142e+03
8.190000000000000000e+02 1.182659575106215016e+03
8.200000000000000000e+02 1.196256671733736312e+03
8.210000000000000000e+02 1.209976416652944863e+03
8.220000000000000000e+02 1.223819572812004026e+03
8.230000000000000000e+02 1.237786905188674154e+03
8.240000000000000000e+02 1.251879180780182196e+03
8.250000000000000000e+02 1.266097168593031256e+03
8.260000000000000000e+02 1.280441639632769693e+03
8.270000000000000000e+02 1.294913366893705870e+03
8.280000000000000000e+02 1.309513125348579706e+03
8.290000000000000000e+02 1.324241691938183067e+03
8.300000000000000000e+02 1.339099845560933545e+03
8.310000000000000000e+02 1.354088367062406178e+03
8.320000000000000000e+02 1.369208039224814684e+03
8.330000000000000000e+02 1.384459646756451093e+03
8.340000000000000000e+02 1.399843976281079904e+03
8.350000000000000000e+02 1.415361816327288352e+03
8.360000000000000000e+02 1.431013957317796439e+03
8.370000000000000000e+02 1.446801191558718074e+03
8.380000000000000000e+02 1.462724313228789697e+03
8.390000000000000000e+02 1.478784118368549116e+03
8.400000000000000000e+02 1.494981404869480002e+03
8.410000000000000000e+02 1.511316972463112506e+03
8.420000000000000000e+02 1.527791622710086358e+03
8.430000000000000000e+02 1.544406158989175310e+03
8.440000000000000000e+02 1.561161386486273386e+03
8.450000000000000000e+02 1.578058112183343383e+03
8.460000000000000000e+02 1.595097144847327854e+03
8.470000000000000000e+02 1.612279295019027359e+03
8.480000000000000000e+02 1.629605375001936864e+03
8.490000000000000000e+02 1.647076198851051458e+03
8.500000000000000000e+02 1.664692582361639325e+03
8.510000000000000000e+02 1.682455343057975597e+03
8.520000000000000000e+02 1.700365300182048486e+03
8.530000000000000000e+02 1.718423274682225838e+03
8.540000000000000000e+02 1.736630089201897590e+03
8.550000000000000000e+02 1.754986568068082761e+03
8.560000000000000000e+02 1.773493537280003466e+03
8.570000000000000000e+02 1.792151824497634152e+03
8.580000000000000000e+02 1.810962259030215819e+03
8.590000000000000000e+02 1.829925671824745677e+03
8.600000000000000000e+02 1.849042895454432255e+03
8.610000000000000000e+02 1.868314764107132532e+03
8.620000000000000000e+02 1.887742113573749975e+03
8.630000000000000000e+02 1.907325781236614830e+03
8.640000000000000000e+02 1.927066606057833951e+03
8.650000000000000000e+02 1.946965428567616073e+03
8.660000000000000000e+02 1.967023090852573205e+03
8.670000000000000000e+02 1.987240436543994520e+03
8.680000000000000000e+02 2.007618310806099544e+03
8.690000000000000000e+02 2.028157560324267251e+03
8.700000000000000000e+02 2.048859033293240827e+03
8.710000000000000000e+02 2.069723579405314467e+03
8.720000000000000000e+02 2.090752049838490620e+03
8.730000000000000000e+02 2.111945297244625635e+03
8.740000000000000000e+02 2.133304175737549485e+03
8.750000000000000000e+02 2.154829540881163211e+03
8.760000000000000000e+02 2.176522249677524997e+03
8.770000000000000000e+02 2.198383160554912138e+03
8.780000000000000000e+02 2.220413133355861191e+03
8.790000000000000000e+02 2.242613029325201296e+03
8.800000000000000000e+02 2.264983711098056119e+03
8.810000000000000000e+02 2.287526042687843074e+03
8.820000000000000000e+02 2.310240889474248888e+03
8.830000000000000000e+02 2.333129118191185626e+03
8.840000000000000000e+02 2.356191596914743968e+03
8.850000000000000000e+02 2.379429195051120132e+03
8.860000000000000000e+02 2.402842783324537777e+03
8.870000000000000000e+02 2.426433233765147634e+03
8.880000000000000000e+02 2.450201419696922130e+03
8.890000000000000000e+02 2.474148215725535010e+03
8.900000000000000000e+02 2.498274497726225491e+03
8.910000000000000000e+02 2.522581142831656507e+03
8.920000000000000000e+02 2.547069029419760682e+03
8.930000000000000000e+02 2.571739037101571739e+03
8.940000000000000000e+02 2.596592046709054102e+03
8.950000000000000000e+02 2.621628940282915664e+03
8.960000000000000000e+02 2.646850601060411918e+03
8.970000000000000000e+02 2.672257913463155091e+03
8.980000000000000000e+02 2.697851763084890536e+03
8.990000000000000000e+02 2.723633036679292672e+03
9.000000000000000000e+02 2.749602622147740021e+03
9.010000000000000000e+02 2.775761408527073399e+03
9.020000000000000000e+02 2.802110285977380954e+03
9.030000000000000000e+02 2.828650145769740448e+03
9.040000000000000000e+02 2.855381880273985189e+03
9.050000000000000000e+02 2.882306382946446320e+03
9.060000000000000000e+02 2.909424548317703284e+03
9.070000000000000000e+02 2.936737271980330661e+03
9.080000000000000000e+02 2.964245450576630901e+03
9.090000000000000000e+02 2.991949981786375247e+03
9.100000000000000000e+02 3.019851764314541924e+03
9.110000000000000000e+02 3.047951697879047970e+03
9.120000000000000000e+02 3.076250683198482875e+03
9.130000000000000000e+02 3.104749621979840867e+03
9.140000000000000000e+02 3.133449416906254100e+03
9.150000000000000000e+02 3.162350971624728118e+03
9.160000000000000000e+02 3.191455190733868676e+03
9.170000000000000000e+02 3.220762979771624032e+03
9.180000000000000000e+02 3.250275245203018130e+03
9.190000000000000000e+02 3.279992894407887434e+03
9.200000000000000000e+02 3.309916835668627755e+03
9.210000000000000000e+02 3.340047978157934267e+03
9.220000000000000000e+02 3.370387231926548793e+03
9.230000000000000000e+02 3.400935507891011639e+03
9.240000000000000000e+02 3.431693717821426162e+03
9.250000000000000000e+02 3.462662774329201966e+03
9.260000000000000000e+02 3.493843590854835384e+03
9.270000000000000000e+02 3.525237081655675865e+03
9.280000000000000000e+02 3.556844161793703279e+03
9.290000000000000000e+02 3.588665747123310211e+03
9.300000000000000000e+02 3.620702754279094279e+03
9.310000000000000000e+02 3.652956100663659072e+03
9.320000000000000000e+02 3.685426704435409192e+03
9.330000000000000000e+02 3.718115484496375757e+03
9.340000000000000000e+02 3.751023360480028714e+03
9.350000000000000000e+02 3.784151252739113261e+03
9.360000000000000000e+02 3.817500082333486716e+03
9.370000000000000000e+02 3.851070771017971310e+03
9.380000000000000000e+02 3.884864241230208336e+03
9.390000000000000000e+02 3.918881416078531402e+03
9.400000000000000000e+02 3.953123219329843323e+03
9.410000000000000000e+02 3.987590575397521661e+03
9.420000000000000000e+02 4.022284409329295613e+03
9.430000000000000000e+02 4.057205646795186567e+03
9.440000000000000000e+02 4.092355214075422737e+03
9.450000000000000000e+02 4.127734038048382899e+03
9.460000000000000000e+02 4.163343046178544682e+03
9.470000000000000000e+02 4.199183166504459223e+03
9.480000000000000000e+02 4.235255327626722647e+03
9.490000000000000000e+02 4.271560458695974376e+03
9.500000000000000000e+02 4.308099489400907260e+03
9.510000000000000000e+02 4.344873349956286802e+03
9.520000000000000000e+02 4.381882971090990395e+03
9.530000000000000000e+02 4.419129284036068384e+03
9.540000000000000000e+02 4.456613220512799671e+03
9.550000000000000000e+02 4.494335712720792799e+03
9.560000000000000000e+02 4.532297693326077024e+03
9.570000000000000000e+02 4.570500095449227047e+03
9.580000000000000000e+02 4.608943852653495924e+03
9.590000000000000000e+02 4.647629898932975266e+03
9.600000000000000000e+02 4.686559168700758164e+03
9.610000000000000000e+02 4.725732596777135768e+03
9.620000000000000000e+02 4.765151118377800231e+03
9.630000000000000000e+02 4.804815669102077663e+03
9.640000000000000000e+02 4.844727184921166554e+03
9.650000000000000000e+02 4.884886602166408920e+03
9.660000000000000000e+02 4.925294857517579658e+03
9.670000000000000000e+02 4.965952887991174066e+03
9.680000000000000000e+02 5.006861630928751765e+03
9.690000000000000000e+02 5.048022023985273336e+03
9.700000000000000000e+02 5.089435005117469700e+03
9.710000000000000000e+02 5.131101512572229694e+03
9.720000000000000000e+02 5.173022484875009468e+03
9.730000000000000000e+02 5.215198860818260073e+03
9.740000000000000000e+02 5.257631579449893252e+03
9.750000000000000000e+02 5.300321580061734494e+03
9.760000000000000000e+02 5.343269802178045211e+03
9.770000000000000000e+02 5.386477185544027634e+03
9.780000000000000000e+02 5.429944670114378823e+03
9.790000000000000000e+02 5.473673196041849224e+03
9.800000000000000000e+02 5.517663703665840330e+03
9.810000000000000000e+02 5.561917133501015996e+03
9.820000000000000000e+02 5.606434426225949210e+03
9.830000000000000000e+02 5.651216522671775238e+03
9.840000000000000000e+02 5.696264363810889336e+03
9.850000000000000000e+02 5.741578890745653553e+03
9.860000000000000000e+02 5.787161044697140824e+03
9.870000000000000000e+02 5.833011766993898163e+03
9.880000000000000000e+02 5.879131999060732596e+03
9.890000000000000000e+02 5.925522682407536195e+03
9.900000000000000000e+02 5.972184758618112937e+03
9.910000000000000000e+02 6.019119169339067412e+03
9.920000000000000000e+02 6.066326856268684423e+03
9.930000000000000000e+02 6.113808761145854078e+03
9.940000000000000000e+02 6.161565825739033244e+03
9.950000000000000000e+02 6.209598991835202469e+03
9.960000000000000000e+02 6.257909201228884740e+03
9.970000000000000000e+02 6.306497395711177887e+03
9.980000000000000000e+02 6.355364517058806086e+03
9.990000000000000000e+02 6.404511507023214108e+03
