# BB temperature (K); Intensity through filter (ph/s/m^2/mas^2)
1.000000000000000000e+01 0.000000000000000000e+00
1.100000000000000000e+01 0.000000000000000000e+00
1.200000000000000000e+01 0.000000000000000000e+00
1.300000000000000000e+01 0.000000000000000000e+00
1.400000000000000000e+01 0.000000000000000000e+00
1.500000000000000000e+01 0.000000000000000000e+00
1.600000000000000000e+01 0.000000000000000000e+00
1.700000000000000000e+01 0.000000000000000000e+00
1.800000000000000000e+01 0.000000000000000000e+00
1.900000000000000000e+01 0.000000000000000000e+00
2.000000000000000000e+01 0.000000000000000000e+00
2.100000000000000000e+01 7.323982156309917061e-127
2.200000000000000000e+01 6.751321704014773171e-121
2.300000000000000000e+01 1.925511530875576130e-115
2.400000000000000000e+01 1.964180694039646290e-110
2.500000000000000000e+01 8.093097326050085818e-106
2.600000000000000000e+01 1.492915103234226280e-101
2.700000000000000000e+01 1.346003427879703985e-97
2.800000000000000000e+01 6.395350821155133533e-94
2.900000000000000000e+01 1.709059051607808501e-90
3.000000000000000000e+01 2.718223428423226734e-87
3.100000000000000000e+01 2.703320534108997642e-84
3.200000000000000000e+01 1.755545245227254239e-81
3.300000000000000000e+01 7.734066624690322349e-79
3.400000000000000000e+01 2.390834070990034711e-76
3.500000000000000000e+01 5.343849281598155127e-74
3.600000000000000000e+01 8.869872812261702978e-72
3.700000000000000000e+01 1.119696409133966675e-69
3.800000000000000000e+01 1.098220433387586402e-67
3.900000000000000000e+01 8.531636878381195660e-66
4.000000000000000000e+01 5.341362949498770682e-64
4.100000000000000000e+01 2.737453926118387061e-62
4.200000000000000000e+01 1.164862061537193887e-60
4.300000000000000000e+01 4.168946078871001863e-59
4.400000000000000000e+01 1.269667521875525468e-57
4.500000000000000000e+01 3.325871646700277862e-56
4.600000000000000000e+01 7.566804843583997763e-55
4.700000000000000000e+01 1.508666005634805300e-53
4.800000000000000000e+01 2.657713432597673343e-52
4.900000000000000000e+01 4.168022552030991150e-51
5.000000000000000000e+01 5.859644111173303769e-50
5.100000000000000000e+01 7.432063061233118444e-49
5.200000000000000000e+01 8.554800064625296890e-48
5.300000000000000000e+01 8.985568982418166436e-47
5.400000000000000000e+01 8.655948874687035486e-46
5.500000000000000000e+01 7.683450784689357298e-45
5.600000000000000000e+01 6.311967231594919329e-44
5.700000000000000000e+01 4.818389974951965835e-43
5.800000000000000000e+01 3.430907564320643919e-42
5.900000000000000000e+01 2.286737321620313975e-41
6.000000000000000000e+01 1.431371956687690243e-40
6.100000000000000000e+01 8.440208598843398534e-40
6.200000000000000000e+01 4.701841679785679948e-39
6.300000000000000000e+01 2.481233531094111459e-38
6.400000000000000000e+01 1.243511765638658666e-37
6.500000000000000000e+01 5.932602858526566050e-37
6.600000000000000000e+01 2.700362448614023635e-36
6.700000000000000000e+01 1.175143596618108579e-35
6.800000000000000000e+01 4.899020132846156755e-35
6.900000000000000000e+01 1.960129230292237875e-34
7.000000000000000000e+01 7.540135810066587224e-34
7.100000000000000000e+01 2.793261708765151078e-33
7.200000000000000000e+01 9.980706504856334343e-33
7.300000000000000000e+01 3.444849427554276268e-32
7.400000000000000000e+01 1.150127564752046920e-31
7.500000000000000000e+01 3.719322159834088837e-31
7.600000000000000000e+01 1.166456714528548950e-30
7.700000000000000000e+01 3.552035529511832218e-30
7.800000000000000000e+01 1.051429590796594184e-29
7.900000000000000000e+01 3.028607058894005149e-29
8.000000000000000000e+01 8.497827534144047847e-29
8.100000000000000000e+01 2.324854431403321773e-28
8.200000000000000000e+01 6.207355948557376692e-28
8.300000000000000000e+01 1.618905499419432418e-27
8.400000000000000000e+01 4.127652739403745728e-27
8.500000000000000000e+01 1.029668501320509624e-26
8.600000000000000000e+01 2.514977450808699544e-26
8.700000000000000000e+01 6.019048039860499742e-26
8.800000000000000000e+01 1.412469106305969096e-25
8.900000000000000000e+01 3.252179164353287940e-25
9.000000000000000000e+01 7.351712765397866678e-25
9.100000000000000000e+01 1.632613350114945076e-24
9.200000000000000000e+01 3.563770389807523182e-24
9.300000000000000000e+01 7.650814973715910139e-24
9.400000000000000000e+01 1.616244873659394179e-23
9.500000000000000000e+01 3.361462802001779934e-23
9.600000000000000000e+01 6.886240809041553362e-23
9.700000000000000000e+01 1.390180606549801197e-22
9.800000000000000000e+01 2.766874794990018195e-22
9.900000000000000000e+01 5.431544767995279506e-22
1.000000000000000000e+02 1.052087047376201572e-21
1.010000000000000000e+02 2.011621418323008927e-21
1.020000000000000000e+02 3.798150648111462074e-21
1.030000000000000000e+02 7.084156974662897274e-21
1.040000000000000000e+02 1.305710290972595463e-20
1.050000000000000000e+02 2.379002769101185658e-20
1.060000000000000000e+02 4.286213690446445073e-20
1.070000000000000000e+02 7.638700012236318806e-20
1.080000000000000000e+02 1.346985256048485897e-19
1.090000000000000000e+02 2.350878442700635503e-19
1.100000000000000000e+02 4.062029417150523492e-19
1.110000000000000000e+02 6.950543360855406503e-19
1.120000000000000000e+02 1.178067887349624212e-18
1.130000000000000000e+02 1.978366821133067574e-18
1.140000000000000000e+02 3.292558642407757471e-18
1.150000000000000000e+02 5.431903144286689804e-18
1.160000000000000000e+02 8.885061214883366705e-18
1.170000000000000000e+02 1.441297061791212576e-17
1.180000000000000000e+02 2.319117783173126219e-17
1.190000000000000000e+02 3.702173998183910590e-17
1.200000000000000000e+02 5.864636605714706598e-17
1.210000000000000000e+02 9.220582791459329148e-17
1.220000000000000000e+02 1.439092266173002410e-16
1.230000000000000000e+02 2.230022945939280862e-16
1.240000000000000000e+02 3.431589894154399913e-16
1.250000000000000000e+02 5.244683963795811652e-16
1.260000000000000000e+02 7.962535896410326077e-16
1.270000000000000000e+02 1.201046036223592078e-15
1.280000000000000000e+02 1.800155370356783736e-15
1.290000000000000000e+02 2.681428904855449195e-15
1.300000000000000000e+02 3.969999546810770554e-15
1.310000000000000000e+02 5.843089392954429403e-15
1.320000000000000000e+02 8.550287553689162447e-15
1.330000000000000000e+02 1.244117774307816164e-14
1.340000000000000000e+02 1.800278266847926999e-14
1.350000000000000000e+02 2.591005405065130082e-14
1.360000000000000000e+02 3.709361348295624898e-14
1.370000000000000000e+02 5.283019481984150227e-14
1.380000000000000000e+02 7.486282019882518996e-14
1.390000000000000000e+02 1.055597406922115254e-13
1.400000000000000000e+02 1.481236880232663696e-13
1.410000000000000000e+02 2.068661356097786769e-13
1.420000000000000000e+02 2.875651997851247012e-13
1.430000000000000000e+02 3.979306985981279343e-13
1.440000000000000000e+02 5.482059330791660541e-13
1.450000000000000000e+02 7.519432106352873726e-13
1.460000000000000000e+02 1.026999284413185065e-12
1.470000000000000000e+02 1.396808081119357248e-12
1.480000000000000000e+02 1.892001739058987269e-12
1.490000000000000000e+02 2.552467554368003689e-12
1.500000000000000000e+02 3.429948493222974555e-12
1.510000000000000000e+02 4.591319119532356516e-12
1.520000000000000000e+02 6.122697863758959331e-12
1.530000000000000000e+02 8.134591389697550669e-12
1.540000000000000000e+02 1.076830840619260654e-11
1.550000000000000000e+02 1.420392977401578060e-11
1.560000000000000000e+02 1.867018049697974003e-11
1.570000000000000000e+02 2.445661867184207574e-11
1.580000000000000000e+02 3.192863842480318095e-11
1.590000000000000000e+02 4.154588023823027286e-11
1.600000000000000000e+02 5.388475508346153895e-11
1.610000000000000000e+02 6.966592092424396359e-11
1.620000000000000000e+02 8.978770425611471177e-11
1.630000000000000000e+02 1.153666385621421305e-10
1.640000000000000000e+02 1.477864994371441606e-10
1.650000000000000000e+02 1.887574566182908905e-10
1.660000000000000000e+02 2.403872406699168207e-10
1.670000000000000000e+02 3.052665415064133187e-10
1.680000000000000000e+02 3.865712227344905113e-10
1.690000000000000000e+02 4.881843559668308541e-10
1.700000000000000000e+02 6.148415594369454357e-10
1.710000000000000000e+02 7.723036727326965386e-10
1.720000000000000000e+02 9.675614222839724722e-10
1.730000000000000000e+02 1.209077439177285849e-09
1.740000000000000000e+02 1.507071791535675034e-09
1.750000000000000000e+02 1.873858098578984972e-09
1.760000000000000000e+02 2.324238313978308146e-09
1.770000000000000000e+02 2.875965414633722659e-09
1.780000000000000000e+02 3.550284520971314084e-09
1.790000000000000000e+02 4.372564420805977789e-09
1.800000000000000000e+02 5.373033086436809824e-09
1.810000000000000000e+02 6.587632580831318008e-09
1.820000000000000000e+02 8.059010761680229171e-09
1.830000000000000000e+02 9.837669431261563086e-09
1.840000000000000000e+02 1.198329106631668994e-08
1.850000000000000000e+02 1.456626901782720723e-08
1.860000000000000000e+02 1.766946911949492641e-08
1.870000000000000000e+02 2.139025401121714800e-08
1.880000000000000000e+02 2.584280519685832102e-08
1.890000000000000000e+02 3.116078194273169900e-08
1.900000000000000000e+02 3.750036061468856784e-08
1.910000000000000000e+02 4.504370297956977459e-08
1.920000000000000000e+02 5.400290739476550595e-08
1.930000000000000000e+02 6.462450271332408960e-08
1.940000000000000000e+02 7.719455117884516677e-08
1.950000000000000000e+02 9.204443361354497611e-08
1.960000000000000000e+02 1.095573978555272224e-07
1.970000000000000000e+02 1.301759597204632200e-07
1.980000000000000000e+02 1.544102547935228708e-07
1.990000000000000000e+02 1.828474491463498599e-07
2.000000000000000000e+02 2.161623276699050390e-07
2.010000000000000000e+02 2.551291901677806125e-07
2.020000000000000000e+02 3.006351977186689869e-07
2.030000000000000000e+02 3.536953251454790000e-07
2.040000000000000000e+02 4.154690897784089631e-07
2.050000000000000000e+02 4.872792421281855819e-07
2.060000000000000000e+02 5.706326206534975090e-07
2.070000000000000000e+02 6.672433905749799405e-07
2.080000000000000000e+02 7.790589057201537522e-07
2.090000000000000000e+02 9.082884527442983182e-07
2.100000000000000000e+02 1.057435158827750966e-06
2.110000000000000000e+02 1.229331367168289134e-06
2.120000000000000000e+02 1.427177809337294176e-06
2.130000000000000000e+02 1.654586929920723462e-06
2.140000000000000000e+02 1.915630746892063192e-06
2.150000000000000000e+02 2.214893660937135698e-06
2.160000000000000000e+02 2.557530658543366670e-06
2.170000000000000000e+02 2.949331387153362841e-06
2.180000000000000000e+02 3.396790616139373848e-06
2.190000000000000000e+02 3.907185634857209863e-06
2.200000000000000000e+02 4.488661178661219646e-06
2.210000000000000000e+02 5.150322515582576650e-06
2.220000000000000000e+02 5.902337370467543598e-06
2.230000000000000000e+02 6.756047409816859637e-06
2.240000000000000000e+02 7.724090059438333539e-06
2.250000000000000000e+02 8.820531478397299665e-06
2.260000000000000000e+02 1.006101156669942700e-05
2.270000000000000000e+02 1.146290194074137726e-05
2.280000000000000000e+02 1.304547786989082196e-05
2.290000000000000000e+02 1.483010522968015382e-05
2.300000000000000000e+02 1.684044359208951137e-05
2.310000000000000000e+02 1.910266664132310462e-05
2.320000000000000000e+02 2.164570117441716663e-05
2.330000000000000000e+02 2.450148602002276196e-05
2.340000000000000000e+02 2.770525228584770646e-05
2.350000000000000000e+02 3.129582642557831841e-05
2.360000000000000000e+02 3.531595769969550415e-05
2.370000000000000000e+02 3.981267169150440294e-05
2.380000000000000000e+02 4.483765162996868460e-05
2.390000000000000000e+02 5.044764936462795333e-05
2.400000000000000000e+02 5.670492793502910663e-05
2.410000000000000000e+02 6.367773777776190478e-05
2.420000000000000000e+02 7.144082871839752848e-05
2.430000000000000000e+02 8.007600000342233538e-05
2.440000000000000000e+02 8.967269073867008310e-05
2.450000000000000000e+02 1.003286132158138399e-04
2.460000000000000000e+02 1.121504317272084013e-04
2.470000000000000000e+02 1.252544895917932311e-04
2.480000000000000000e+02 1.397675872408939927e-04
2.490000000000000000e+02 1.558278143426042653e-04
2.500000000000000000e+02 1.735854390769994487e-04
2.510000000000000000e+02 1.932038578117246746e-04
2.520000000000000000e+02 2.148606085685180475e-04
2.530000000000000000e+02 2.387484518159513499e-04
2.540000000000000000e+02 2.650765222720999651e-04
2.550000000000000000e+02 2.940715555529527323e-04
2.560000000000000000e+02 3.259791936581288708e-04
2.570000000000000000e+02 3.610653734448508213e-04
2.580000000000000000e+02 3.996178024040804690e-04
2.590000000000000000e+02 4.419475262192449792e-04
2.600000000000000000e+02 4.883905927579783399e-04
2.610000000000000000e+02 5.393098173207638802e-04
2.620000000000000000e+02 5.950966541471976005e-04
2.630000000000000000e+02 6.561731793607571703e-04
2.640000000000000000e+02 7.229941907163696954e-04
2.650000000000000000e+02 7.960494297016615763e-04
2.660000000000000000e+02 8.758659317324614521e-04
2.670000000000000000e+02 9.630105103758064338e-04
2.680000000000000000e+02 1.058092381729320956e-03
2.690000000000000000e+02 1.161765935284244950e-03
2.700000000000000000e+02 1.274733657800538765e-03
2.710000000000000000e+02 1.397749216926204643e-03
2.720000000000000000e+02 1.531620711499224151e-03
2.730000000000000000e+02 1.677214095679073827e-03
2.740000000000000000e+02 1.835456784265643597e-03
2.750000000000000000e+02 2.007341446776316624e-03
2.760000000000000000e+02 2.193929998066921055e-03
2.770000000000000000e+02 2.396357793499023000e-03
2.780000000000000000e+02 2.615838036874481003e-03
2.790000000000000000e+02 2.853666409578238007e-03
2.800000000000000000e+02 3.111225929591662342e-03
2.810000000000000000e+02 3.389992049261457419e-03
2.820000000000000000e+02 3.691538000932810971e-03
2.830000000000000000e+02 4.017540399780097915e-03
2.840000000000000000e+02 4.369785113393805792e-03
2.850000000000000000e+02 4.750173407908255679e-03
2.860000000000000000e+02 5.160728380680996118e-03
2.870000000000000000e+02 5.603601689761286003e-03
2.880000000000000000e+02 6.081080590611573529e-03
2.890000000000000000e+02 6.595595290772319520e-03
2.900000000000000000e+02 7.149726633386484231e-03
2.910000000000000000e+02 7.746214120725548012e-03
2.920000000000000000e+02 8.387964289083664482e-03
2.930000000000000000e+02 9.078059446630407439e-03
2.940000000000000000e+02 9.819766786035266995e-03
2.950000000000000000e+02 1.061654788389854859e-02
2.960000000000000000e+02 1.147206859924306856e-02
2.970000000000000000e+02 1.239020938353939394e-02
2.980000000000000000e+02 1.337507601495344610e-02
2.990000000000000000e+02 1.443101076971969703e-02
3.000000000000000000e+02 1.556260404375472278e-02
3.010000000000000000e+02 1.677470643783534124e-02
3.020000000000000000e+02 1.807244131987234548e-02
3.030000000000000000e+02 1.946121787801404976e-02
3.040000000000000000e+02 2.094674467851496275e-02
3.050000000000000000e+02 2.253504374250172790e-02
3.060000000000000000e+02 2.423246515596240783e-02
3.070000000000000000e+02 2.604570222747519884e-02
3.080000000000000000e+02 2.798180720837865204e-02
3.090000000000000000e+02 3.004820759026756785e-02
3.100000000000000000e+02 3.225272299487646349e-02
3.110000000000000000e+02 3.460358267158564205e-02
3.120000000000000000e+02 3.710944361795352753e-02
3.130000000000000000e+02 3.977940933884251823e-02
3.140000000000000000e+02 4.262304925986463988e-02
3.150000000000000000e+02 4.565041881102600146e-02
3.160000000000000000e+02 4.887208019659808333e-02
3.170000000000000000e+02 5.229912386738527763e-02
3.180000000000000000e+02 5.594319071169609470e-02
3.190000000000000000e+02 5.981649498145504007e-02
3.200000000000000000e+02 6.393184797001817687e-02
3.210000000000000000e+02 6.830268245837278762e-02
3.220000000000000000e+02 7.294307794651490318e-02
3.230000000000000000e+02 7.786778668690345906e-02
3.240000000000000000e+02 8.309226053698877401e-02
3.250000000000000000e+02 8.863267864790613793e-02
3.260000000000000000e+02 9.450597600650921526e-02
3.270000000000000000e+02 1.007298728479980171e-01
3.280000000000000000e+02 1.073229049564650567e-01
3.290000000000000000e+02 1.143044548707492225e-01
3.300000000000000000e+02 1.216947840130410824e-01
3.310000000000000000e+02 1.295150657577343878e-01
3.320000000000000000e+02 1.377874194580570866e-01
3.330000000000000000e+02 1.465349454480508740e-01
3.340000000000000000e+02 1.557817610374920003e-01
3.350000000000000000e+02 1.655530375173651647e-01
3.360000000000000000e+02 1.758750381935109686e-01
3.370000000000000000e+02 1.867751574660687919e-01
3.380000000000000000e+02 1.982819609723311116e-01
3.390000000000000000e+02 2.104252268106104329e-01
3.400000000000000000e+02 2.232359878626953842e-01
3.410000000000000000e+02 2.367465752324437733e-01
3.420000000000000000e+02 2.509906628180169630e-01
3.430000000000000000e+02 2.660033130352157937e-01
3.440000000000000000e+02 2.818210237093189408e-01
3.450000000000000000e+02 2.984817761527582269e-01
3.460000000000000000e+02 3.160250844458972197e-01
3.470000000000000000e+02 3.344920459380893440e-01
3.480000000000000000e+02 3.539253929861093106e-01
3.490000000000000000e+02 3.743695459469453812e-01
3.500000000000000000e+02 3.958706674418368543e-01
3.510000000000000000e+02 4.184767179083228594e-01
3.520000000000000000e+02 4.422375124569436489e-01
3.530000000000000000e+02 4.672047790491042907e-01
3.540000000000000000e+02 4.934322180124647850e-01
3.550000000000000000e+02 5.209755629100750740e-01
3.560000000000000000e+02 5.498926427793124905e-01
3.570000000000000000e+02 5.802434457565115444e-01
3.580000000000000000e+02 6.120901841030015333e-01
3.590000000000000000e+02 6.454973606480843840e-01
3.600000000000000000e+02 6.805318366642930661e-01
3.610000000000000000e+02 7.172629011900699680e-01
3.620000000000000000e+02 7.557623418147980665e-01
3.630000000000000000e+02 7.961045169408995648e-01
3.640000000000000000e+02 8.383664295374970710e-01
3.650000000000000000e+02 8.826278023998961331e-01
3.660000000000000000e+02 9.289711549289076942e-01
3.670000000000000000e+02 9.774818814437902237e-01
3.680000000000000000e+02 1.028248331042323382e+00
3.690000000000000000e+02 1.081361889021277722e+00
3.700000000000000000e+02 1.136917059870258928e+00
3.710000000000000000e+02 1.195011551851645759e+00
3.720000000000000000e+02 1.255746363179041092e+00
3.730000000000000000e+02 1.319225869806377682e+00
3.740000000000000000e+02 1.385557914839510518e+00
3.750000000000000000e+02 1.454853899581832311e+00
3.760000000000000000e+02 1.527228876225134480e+00
3.770000000000000000e+02 1.602801642196617804e+00
3.780000000000000000e+02 1.681694836172626051e+00
3.790000000000000000e+02 1.764035035769365045e+00
3.800000000000000000e+02 1.849952856920509703e+00
3.810000000000000000e+02 1.939583054951273144e+00
3.820000000000000000e+02 2.033064627358162291e+00
3.830000000000000000e+02 2.130540918303292841e+00
3.840000000000000000e+02 2.232159724831761505e+00
3.850000000000000000e+02 2.338073404820232515e+00
3.860000000000000000e+02 2.448438986664515760e+00
3.870000000000000000e+02 2.563418280713522623e+00
3.880000000000000000e+02 2.683177992456641014e+00
3.890000000000000000e+02 2.807889837471149619e+00
3.900000000000000000e+02 2.937730658135937478e+00
3.910000000000000000e+02 3.072882542117370441e+00
3.920000000000000000e+02 3.213532942632769895e+00
3.930000000000000000e+02 3.359874800496561065e+00
3.940000000000000000e+02 3.512106667953749373e+00
3.950000000000000000e+02 3.670432834304958813e+00
3.960000000000000000e+02 3.835063453326872374e+00
3.970000000000000000e+02 4.006214672491497097e+00
3.980000000000000000e+02 4.184108763987232749e+00
3.990000000000000000e+02 4.368974257544362416e+00
4.000000000000000000e+02 4.561046075067056726e+00
4.010000000000000000e+02 4.760565667073692886e+00
4.020000000000000000e+02 4.967781150946732005e+00
4.030000000000000000e+02 5.182947450993041549e+00
4.040000000000000000e+02 5.406326440315109672e+00
4.050000000000000000e+02 5.638187084493130108e+00
4.060000000000000000e+02 5.878805587077541972e+00
4.070000000000000000e+02 6.128465536891127385e+00
4.080000000000000000e+02 6.387458057139379974e+00
4.090000000000000000e+02 6.656081956327379423e+00
4.100000000000000000e+02 6.934643880980953412e+00
4.110000000000000000e+02 7.223458470169546786e+00
4.120000000000000000e+02 7.522848511827651130e+00
4.130000000000000000e+02 7.833145100871331756e+00
4.140000000000000000e+02 8.154687799105854396e+00
4.150000000000000000e+02 8.487824796919991144e+00
4.160000000000000000e+02 8.832913076762205051e+00
4.170000000000000000e+02 9.190318578393370075e+00
4.180000000000000000e+02 9.560416365910304748e+00
4.190000000000000000e+02 9.943590796533966270e+00
4.200000000000000000e+02 1.034023569115563745e+01
4.210000000000000000e+02 1.075075450663409526e+01
4.220000000000000000e+02 1.117556050983625227e+01
4.230000000000000000e+02 1.161507695341331114e+01
4.240000000000000000e+02 1.206973725330410119e+01
4.250000000000000000e+02 1.253998516795676466e+01
4.260000000000000000e+02 1.302627497925956490e+01
4.270000000000000000e+02 1.352907167517117593e+01
4.280000000000000000e+02 1.404885113404030328e+01
4.290000000000000000e+02 1.458610031060416823e+01
4.300000000000000000e+02 1.514131742365490751e+01
4.310000000000000000e+02 1.571501214536244895e+01
4.320000000000000000e+02 1.630770579224223482e+01
4.330000000000000000e+02 1.691993151775539062e+01
4.340000000000000000e+02 1.755223450652895067e+01
4.350000000000000000e+02 1.820517217018288392e+01
4.360000000000000000e+02 1.887931434475074965e+01
4.370000000000000000e+02 1.957524348967990235e+01
4.380000000000000000e+02 2.029355488839723520e+01
4.390000000000000000e+02 2.103485685042566189e+01
4.400000000000000000e+02 2.179977091503646136e+01
4.410000000000000000e+02 2.258893205642199575e+01
4.420000000000000000e+02 2.340298889037305941e+01
4.430000000000000000e+02 2.424260388244465503e+01
4.440000000000000000e+02 2.510845355759370534e+01
4.450000000000000000e+02 2.600122871127173951e+01
4.460000000000000000e+02 2.692163462195532730e+01
4.470000000000000000e+02 2.787039126509653642e+01
4.480000000000000000e+02 2.884823352847556777e+01
4.490000000000000000e+02 2.985591142893699867e+01
4.500000000000000000e+02 3.089419033049116337e+01
4.510000000000000000e+02 3.196385116376148616e+01
4.520000000000000000e+02 3.306569064675841929e+01
4.530000000000000000e+02 3.420052150696031390e+01
4.540000000000000000e+02 3.536917270468116925e+01
4.550000000000000000e+02 3.657248965770482840e+01
4.560000000000000000e+02 3.781133446716511060e+01
4.570000000000000000e+02 3.908658614465070258e+01
4.580000000000000000e+02 4.039914084051369514e+01
4.590000000000000000e+02 4.174991207335996535e+01
4.600000000000000000e+02 4.313983096069983247e+01
4.610000000000000000e+02 4.456984645073642071e+01
4.620000000000000000e+02 4.604092555526959529e+01
4.630000000000000000e+02 4.755405358369264945e+01
4.640000000000000000e+02 4.911023437805854996e+01
4.650000000000000000e+02 5.071049054919288324e+01
4.660000000000000000e+02 5.235586371382944293e+01
4.670000000000000000e+02 5.404741473274526697e+01
4.680000000000000000e+02 5.578622394987047528e+01
4.690000000000000000e+02 5.757339143234926837e+01
4.700000000000000000e+02 5.941003721152707584e+01
4.710000000000000000e+02 6.129730152483942618e+01
4.720000000000000000e+02 6.323634505857750554e+01
4.730000000000000000e+02 6.522834919150510302e+01
4.740000000000000000e+02 6.727451623930195979e+01
4.750000000000000000e+02 6.937606969980737404e+01
4.760000000000000000e+02 7.153425449903892286e+01
4.770000000000000000e+02 7.375033723795971241e+01
4.780000000000000000e+02 7.602560643996856982e+01
4.790000000000000000e+02 7.836137279908648168e+01
4.800000000000000000e+02 8.075896942881288965e+01
4.810000000000000000e+02 8.321975211162532560e+01
4.820000000000000000e+02 8.574509954909538578e+01
4.830000000000000000e+02 8.833641361259412861e+01
4.840000000000000000e+02 9.099511959455981014e+01
4.850000000000000000e+02 9.372266646030084303e+01
4.860000000000000000e+02 9.652052710030628191e+01
4.870000000000000000e+02 9.939019858303664989e+01
4.880000000000000000e+02 1.023332024081672955e+02
4.890000000000000000e+02 1.053510847602566685e+02
4.900000000000000000e+02 1.084454167628115044e+02
4.910000000000000000e+02 1.116177947327212223e+02
4.920000000000000000e+02 1.148698404350332112e+02
4.930000000000000000e+02 1.182032013380412252e+02
4.940000000000000000e+02 1.216195508686584219e+02
4.950000000000000000e+02 1.251205886680467643e+02
4.960000000000000000e+02 1.287080408474746491e+02
4.970000000000000000e+02 1.323836602443744255e+02
4.980000000000000000e+02 1.361492266785706988e+02
4.990000000000000000e+02 1.400065472086519378e+02
5.000000000000000000e+02 1.439574563884559382e+02
5.010000000000000000e+02 1.480038165236410919e+02
5.020000000000000000e+02 1.521475179283145280e+02
5.030000000000000000e+02 1.563904791816889315e+02
5.040000000000000000e+02 1.607346473847385937e+02
5.050000000000000000e+02 1.651819984168272413e+02
5.060000000000000000e+02 1.697345371922775144e+02
5.070000000000000000e+02 1.743942979168547254e+02
5.080000000000000000e+02 1.791633443441353961e+02
5.090000000000000000e+02 1.840437700317323788e+02
5.100000000000000000e+02 1.890376985973476280e+02
5.110000000000000000e+02 1.941472839746241732e+02
5.120000000000000000e+02 1.993747106687686994e+02
5.130000000000000000e+02 2.047221940119163150e+02
5.140000000000000000e+02 2.101919804182084590e+02
5.150000000000000000e+02 2.157863476385564354e+02
5.160000000000000000e+02 2.215076050150610740e+02
5.170000000000000000e+02 2.273580937350611748e+02
5.180000000000000000e+02 2.333401870847816042e+02
5.190000000000000000e+02 2.394562907025536447e+02
5.200000000000000000e+02 2.457088428315785222e+02
5.210000000000000000e+02 2.521003145722069974e+02
5.220000000000000000e+02 2.586332101337060863e+02
5.230000000000000000e+02 2.653100670854861391e+02
5.240000000000000000e+02 2.721334566077593990e+02
5.250000000000000000e+02 2.791059837416026994e+02
5.260000000000000000e+02 2.862302876383972148e+02
5.270000000000000000e+02 2.935090418086170985e+02
5.280000000000000000e+02 3.009449543699397509e+02
5.290000000000000000e+02 3.085407682946510022e+02
5.300000000000000000e+02 3.162992616563172419e+02
5.310000000000000000e+02 3.242232478756982346e+02
5.320000000000000000e+02 3.323155759658731654e+02
5.330000000000000000e+02 3.405791307765535407e+02
5.340000000000000000e+02 3.490168332375565114e+02
5.350000000000000000e+02 3.576316406014115046e+02
5.360000000000000000e+02 3.664265466850742996e+02
5.370000000000000000e+02 3.754045821107222878e+02
5.380000000000000000e+02 3.845688145456057896e+02
5.390000000000000000e+02 3.939223489409278045e+02
5.400000000000000000e+02 4.034683277697273525e+02
5.410000000000000000e+02 4.132099312637424191e+02
5.420000000000000000e+02 4.231503776492245379e+02
5.430000000000000000e+02 4.332929233816817032e+02
5.440000000000000000e+02 4.436408633795238643e+02
5.450000000000000000e+02 4.541975312565871263e+02
5.460000000000000000e+02 4.649662995535103960e+02
5.470000000000000000e+02 4.759505799679419624e+02
5.480000000000000000e+02 4.871538235835500359e+02
5.490000000000000000e+02 4.985795210978151317e+02
5.500000000000000000e+02 5.102312030485787773e+02
5.510000000000000000e+02 5.221124400393256337e+02
5.520000000000000000e+02 5.342268429631760682e+02
5.530000000000000000e+02 5.465780632255654155e+02
5.540000000000000000e+02 5.591697929655863391e+02
5.550000000000000000e+02 5.720057652759735447e+02
5.560000000000000000e+02 5.850897544217067434e+02
5.570000000000000000e+02 5.984255760572084455e+02
5.580000000000000000e+02 6.120170874421181679e+02
5.590000000000000000e+02 6.258681876556169073e+02
5.600000000000000000e+02 6.399828178092840290e+02
5.610000000000000000e+02 6.543649612584617898e+02
5.620000000000000000e+02 6.690186438121086212e+02
5.630000000000000000e+02 6.839479339411204819e+02
5.640000000000000000e+02 6.991569429850965207e+02
5.650000000000000000e+02 7.146498253575334729e+02
5.660000000000000000e+02 7.304307787494223021e+02
5.670000000000000000e+02 7.465040443312345815e+02
5.680000000000000000e+02 7.628739069532723533e+02
5.690000000000000000e+02 7.795446953443649818e+02
5.700000000000000000e+02 7.965207823088942405e+02
5.710000000000000000e+02 8.138065849221268309e+02
5.720000000000000000e+02 8.314065647238379597e+02
5.730000000000000000e+02 8.493252279102043758e+02
5.740000000000000000e+02 8.675671255239517450e+02
5.750000000000000000e+02 8.861368536427372646e+02
5.760000000000000000e+02 9.050390535657480768e+02
5.770000000000000000e+02 9.242784119985019515e+02
5.780000000000000000e+02 9.438596612358294351e+02
5.790000000000000000e+02 9.637875793430216618e+02
5.800000000000000000e+02 9.840669903351280254e+02
5.810000000000000000e+02 1.004702764354387341e+03
5.820000000000000000e+02 1.025699817845774760e+03
5.830000000000000000e+02 1.047063113730650230e+03
5.840000000000000000e+02 1.068797661578492125e+03
5.850000000000000000e+02 1.090908517776701046e+03
5.860000000000000000e+02 1.113400785698460140e+03
5.870000000000000000e+02 1.136279615868632391e+03
5.880000000000000000e+02 1.159550206127687488e+03
5.890000000000000000e+02 1.183217801793638500e+03
5.900000000000000000e+02 1.207287695821975603e+03
5.910000000000000000e+02 1.231765228963585741e+03
5.920000000000000000e+02 1.256655789920642064e+03
5.930000000000000000e+02 1.281964815500449276e+03
5.940000000000000000e+02 1.307697790767237166e+03
5.950000000000000000e+02 1.333860249191882758e+03
5.960000000000000000e+02 1.360457772799554277e+03
5.970000000000000000e+02 1.387495992315263038e+03
5.980000000000000000e+02 1.414980587307309179e+03
5.990000000000000000e+02 1.442917286328615319e+03
6.000000000000000000e+02 1.471311867055930406e+03
6.010000000000000000e+02 1.500170156426897620e+03
6.020000000000000000e+02 1.529498030774974268e+03
6.030000000000000000e+02 1.559301415962191413e+03
6.040000000000000000e+02 1.589586287509748217e+03
6.050000000000000000e+02 1.620358670726422588e+03
6.060000000000000000e+02 1.651624640834798583e+03
6.070000000000000000e+02 1.683390323095293752e+03
6.080000000000000000e+02 1.715661892927980944e+03
6.090000000000000000e+02 1.748445576032194822e+03
6.100000000000000000e+02 1.781747648503913297e+03
6.110000000000000000e+02 1.815574436950911377e+03
6.120000000000000000e+02 1.849932318605669934e+03
6.130000000000000000e+02 1.884827721436039837e+03
6.140000000000000000e+02 1.920267124253652582e+03
6.150000000000000000e+02 1.956257056820064463e+03
6.160000000000000000e+02 1.992804099950638374e+03
6.170000000000000000e+02 2.029914885616142556e+03
6.180000000000000000e+02 2.067596097042075598e+03
6.190000000000000000e+02 2.105854468805695433e+03
6.200000000000000000e+02 2.144696786930764119e+03
6.210000000000000000e+02 2.184129888979983662e+03
6.220000000000000000e+02 2.224160664145134433e+03
6.230000000000000000e+02 2.264796053334900535e+03
6.240000000000000000e+02 2.306043049260383668e+03
6.250000000000000000e+02 2.347908696518297347e+03
6.260000000000000000e+02 2.390400091671833252e+03
6.270000000000000000e+02 2.433524383329210650e+03
6.280000000000000000e+02 2.477288772219886596e+03
6.290000000000000000e+02 2.521700511268434184e+03
6.300000000000000000e+02 2.566766905666085677e+03
6.310000000000000000e+02 2.612495312939934593e+03
6.320000000000000000e+02 2.658893143019790841e+03
6.330000000000000000e+02 2.705967858302696186e+03
6.340000000000000000e+02 2.753726973715086842e+03
6.350000000000000000e+02 2.802178056772609580e+03
6.360000000000000000e+02 2.851328727637584961e+03
6.370000000000000000e+02 2.901186659174117267e+03
6.380000000000000000e+02 2.951759577000850186e+03
6.390000000000000000e+02 3.003055259541369196e+03
6.400000000000000000e+02 3.055081538072243347e+03
6.410000000000000000e+02 3.107846296768715547e+03
6.420000000000000000e+02 3.161357472748032706e+03
6.430000000000000000e+02 3.215623056110416655e+03
6.440000000000000000e+02 3.270651089977686297e+03
6.450000000000000000e+02 3.326449670529512787e+03
6.460000000000000000e+02 3.383026947037326863e+03
6.470000000000000000e+02 3.440391121895864671e+03
6.480000000000000000e+02 3.498550450652367545e+03
6.490000000000000000e+02 3.557513242033419374e+03
6.500000000000000000e+02 3.617287857969439301e+03
6.510000000000000000e+02 3.677882713616822457e+03
6.520000000000000000e+02 3.739306277377736478e+03
6.530000000000000000e+02 3.801567070917562432e+03
6.540000000000000000e+02 3.864673669180006527e+03
6.550000000000000000e+02 3.928634700399861686e+03
6.560000000000000000e+02 3.993458846113428990e+03
6.570000000000000000e+02 4.059154841166619462e+03
6.580000000000000000e+02 4.125731473720704344e+03
6.590000000000000000e+02 4.193197585255747981e+03
6.600000000000000000e+02 4.261562070571722870e+03
6.610000000000000000e+02 4.330833877787280471e+03
6.620000000000000000e+02 4.401022008336232830e+03
6.630000000000000000e+02 4.472135516961705434e+03
6.640000000000000000e+02 4.544183511707980870e+03
6.650000000000000000e+02 4.617175153910047811e+03
6.660000000000000000e+02 4.691119658180844453e+03
6.670000000000000000e+02 4.766026292396208191e+03
6.680000000000000000e+02 4.841904377677541561e+03
6.690000000000000000e+02 4.918763288372182615e+03
6.700000000000000000e+02 4.996612452031517023e+03
6.710000000000000000e+02 5.075461349386798247e+03
6.720000000000000000e+02 5.155319514322709438e+03
6.730000000000000000e+02 5.236196533848666149e+03
6.740000000000000000e+02 5.318102048067868054e+03
6.750000000000000000e+02 5.401045750144083286e+03
6.760000000000000000e+02 5.485037386266226349e+03
6.770000000000000000e+02 5.570086755610662294e+03
6.780000000000000000e+02 5.656203710301314459e+03
6.790000000000000000e+02 5.743398155367533036e+03
6.800000000000000000e+02 5.831680048699755389e+03
6.810000000000000000e+02 5.921059401002967206e+03
6.820000000000000000e+02 6.011546275747951768e+03
6.830000000000000000e+02 6.103150789120360059e+03
6.840000000000000000e+02 6.195883109967589917e+03
6.850000000000000000e+02 6.289753459743493295e+03
6.860000000000000000e+02 6.384772112450924396e+03
6.870000000000000000e+02 6.480949394582108653e+03
6.880000000000000000e+02 6.578295685056880757e+03
6.890000000000000000e+02 6.676821415158776290e+03
6.900000000000000000e+02 6.776537068468987854e+03
6.910000000000000000e+02 6.877453180798192079e+03
6.920000000000000000e+02 6.979580340116274783e+03
6.930000000000000000e+02 7.082929186479933378e+03
6.940000000000000000e+02 7.187510411958203804e+03
6.950000000000000000e+02 7.293334760555873800e+03
6.960000000000000000e+02 7.400413028134847082e+03
6.970000000000000000e+02 7.508756062333409318e+03
6.980000000000000000e+02 7.618374762483463201e+03
6.990000000000000000e+02 7.729280079525697147e+03
7.000000000000000000e+02 7.841483015922718550e+03
7.010000000000000000e+02 7.954994625570164317e+03
7.020000000000000000e+02 8.069826013705792320e+03
7.030000000000000000e+02 8.185988336816550145e+03
7.040000000000000000e+02 8.303492802543674770e+03
7.050000000000000000e+02 8.422350669585772266e+03
7.060000000000000000e+02 8.542573247599959359e+03
7.070000000000000000e+02 8.664171897100992283e+03
7.080000000000000000e+02 8.787158029358484782e+03
7.090000000000000000e+02 8.911543106292159791e+03
7.100000000000000000e+02 9.037338640365171159e+03
7.110000000000000000e+02 9.164556194475513621e+03
7.120000000000000000e+02 9.293207381845506461e+03
7.130000000000000000e+02 9.423303865909394517e+03
7.140000000000000000e+02 9.554857360199051982e+03
7.150000000000000000e+02 9.687879628227812645e+03
7.160000000000000000e+02 9.822382483372437491e+03
7.170000000000000000e+02 9.958377788753237837e+03
7.180000000000000000e+02 1.009587745711233765e+04
7.190000000000000000e+02 1.023489345069012961e+04
7.200000000000000000e+02 1.037543778109989580e+04
7.210000000000000000e+02 1.051752250920064216e+04
7.220000000000000000e+02 1.066115974496811941e+04
7.230000000000000000e+02 1.080636164736409410e+04
7.240000000000000000e+02 1.095314042420381156e+04
7.250000000000000000e+02 1.110150833202173817e+04
7.260000000000000000e+02 1.125147767593554454e+04
7.270000000000000000e+02 1.140306080950836076e+04
7.280000000000000000e+02 1.155627013460931266e+04
7.290000000000000000e+02 1.171111810127235185e+04
7.300000000000000000e+02 1.186761720755339775e+04
7.310000000000000000e+02 1.202577999938579887e+04
7.320000000000000000e+02 1.218561907043410793e+04
7.330000000000000000e+02 1.234714706194624887e+04
7.340000000000000000e+02 1.251037666260397964e+04
7.350000000000000000e+02 1.267532060837178142e+04
7.360000000000000000e+02 1.284199168234410172e+04
7.370000000000000000e+02 1.301040271459100404e+04
7.380000000000000000e+02 1.318056658200222228e+04
7.390000000000000000e+02 1.335249620812965441e+04
7.400000000000000000e+02 1.352620456302827733e+04
7.410000000000000000e+02 1.370170466309550829e+04
7.420000000000000000e+02 1.387900957090906195e+04
7.430000000000000000e+02 1.405813239506322861e+04
7.440000000000000000e+02 1.423908629000370456e+04
7.450000000000000000e+02 1.442188445586087437e+04
7.460000000000000000e+02 1.460654013828165080e+04
7.470000000000000000e+02 1.479306662825980675e+04
7.480000000000000000e+02 1.498147726196488657e+04
7.490000000000000000e+02 1.517178542056965489e+04
7.500000000000000000e+02 1.536400453007611577e+04
7.510000000000000000e+02 1.555814806114011481e+04
7.520000000000000000e+02 1.575422952889456974e+04
7.530000000000000000e+02 1.595226249277126590e+04
7.540000000000000000e+02 1.615226055632130920e+04
7.550000000000000000e+02 1.635423736703420400e+04
7.560000000000000000e+02 1.655820661615559584e+04
7.570000000000000000e+02 1.676418203850366990e+04
7.580000000000000000e+02 1.697217741228422528e+04
7.590000000000000000e+02 1.718220655890447961e+04
7.600000000000000000e+02 1.739428334278551119e+04
7.610000000000000000e+02 1.760842167117349527e+04
7.620000000000000000e+02 1.782463549394963775e+04
7.630000000000000000e+02 1.804293880343885394e+04
7.640000000000000000e+02 1.826334563421724306e+04
7.650000000000000000e+02 1.848587006291829312e+04
7.660000000000000000e+02 1.871052620803792161e+04
7.670000000000000000e+02 1.893732822973828297e+04
7.680000000000000000e+02 1.916629032965041552e+04
7.690000000000000000e+02 1.939742675067571690e+04
7.700000000000000000e+02 1.963075177678627369e+04
7.710000000000000000e+02 1.986627973282401217e+04
7.720000000000000000e+02 2.010402498429879415e+04
7.730000000000000000e+02 2.034400193718529772e+04
7.740000000000000000e+02 2.058622503771891206e+04
7.750000000000000000e+02 2.083070877219046815e+04
7.760000000000000000e+02 2.107746766673991078e+04
7.770000000000000000e+02 2.132651628714894468e+04
7.780000000000000000e+02 2.157786923863261472e+04
7.790000000000000000e+02 2.183154116562983836e+04
7.800000000000000000e+02 2.208754675159295948e+04
7.810000000000000000e+02 2.234590071877627634e+04
7.820000000000000000e+02 2.260661782802356538e+04
7.830000000000000000e+02 2.286971287855467745e+04
7.840000000000000000e+02 2.313520070775112981e+04
7.850000000000000000e+02 2.340309619094075606e+04
7.860000000000000000e+02 2.367341424118145005e+04
7.870000000000000000e+02 2.394616980904395314e+04
7.880000000000000000e+02 2.422137788239373185e+04
7.890000000000000000e+02 2.449905348617203708e+04
7.900000000000000000e+02 2.477921168217597005e+04
7.910000000000000000e+02 2.506186756883774433e+04
7.920000000000000000e+02 2.534703628100312926e+04
7.930000000000000000e+02 2.563473298970898395e+04
7.940000000000000000e+02 2.592497290195997266e+04
7.950000000000000000e+02 2.621777126050452716e+04
7.960000000000000000e+02 2.651314334360996509e+04
7.970000000000000000e+02 2.681110446483682244e+04
7.980000000000000000e+02 2.711166997281241129e+04
7.990000000000000000e+02 2.741485525100365339e+04
8.000000000000000000e+02 2.772067571748912451e+04
8.010000000000000000e+02 2.802914682473037101e+04
8.020000000000000000e+02 2.834028405934257171e+04
8.030000000000000000e+02 2.865410294186438841e+04
8.040000000000000000e+02 2.897061902652720528e+04
8.050000000000000000e+02 2.928984790102363695e+04
8.060000000000000000e+02 2.961180518627544370e+04
8.070000000000000000e+02 2.993650653620067897e+04
8.080000000000000000e+02 3.026396763748031299e+04
8.090000000000000000e+02 3.059420420932414345e+04
8.100000000000000000e+02 3.092723200323612400e+04
8.110000000000000000e+02 3.126306680277912528e+04
8.120000000000000000e+02 3.160172442333901563e+04
8.130000000000000000e+02 3.194322071188826521e+04
8.140000000000000000e+02 3.228757154674894264e+04
8.150000000000000000e+02 3.263479283735512581e+04
8.160000000000000000e+02 3.298490052401483990e+04
8.170000000000000000e+02 3.333791057767143502e+04
8.180000000000000000e+02 3.369383899966444005e+04
8.190000000000000000e+02 3.405270182148994354e+04
8.200000000000000000e+02 3.441451510456047254e+04
8.210000000000000000e+02 3.477929493996440578e+04
8.220000000000000000e+02 3.514705744822489214e+04
8.230000000000000000e+02 3.551781877905836882e+04
8.240000000000000000e+02 3.589159511113258486e+04
8.250000000000000000e+02 3.626840265182423173e+04
8.260000000000000000e+02 3.664825763697621733e+04
8.270000000000000000e+02 3.703117633065436530e+04
8.280000000000000000e+02 3.741717502490391053e+04
8.290000000000000000e+02 3.780627003950552898e+04
8.300000000000000000e+02 3.819847772173098929e+04
8.310000000000000000e+02 3.859381444609852042e+04
8.320000000000000000e+02 3.899229661412772839e+04
8.330000000000000000e+02 3.939394065409430186e+04
8.340000000000000000e+02 3.979876302078431036e+04
8.350000000000000000e+02 4.020678019524824049e+04
8.360000000000000000e+02 4.061800868455470481e+04
8.370000000000000000e+02 4.103246502154393238e+04
8.380000000000000000e+02 4.145016576458088093e+04
8.390000000000000000e+02 4.187112749730821088e+04
8.400000000000000000e+02 4.229536682839890273e+04
8.410000000000000000e+02 4.272290039130867808e+04
8.420000000000000000e+02 4.315374484402825328e+04
8.430000000000000000e+02 4.358791686883526563e+04
8.440000000000000000e+02 4.402543317204607592e+04
8.450000000000000000e+02 4.446631048376737454e+04
8.460000000000000000e+02 4.491056555764752557e+04
8.470000000000000000e+02 4.535821517062788917e+04
8.480000000000000000e+02 4.580927612269381643e+04
8.490000000000000000e+02 4.626376523662562249e+04
8.500000000000000000e+02 4.672169935774934129e+04
8.510000000000000000e+02 4.718309535368742218e+04
8.520000000000000000e+02 4.764797011410923733e+04
8.530000000000000000e+02 4.811634055048156733e+04
8.540000000000000000e+02 4.858822359581886849e+04
8.550000000000000000e+02 4.906363620443359832e+04
8.560000000000000000e+02 4.954259535168638104e+04
8.570000000000000000e+02 5.002511803373610019e+04
8.580000000000000000e+02 5.051122126729000593e+04
8.590000000000000000e+02 5.100092208935369854e+04
8.600000000000000000e+02 5.149423755698113382e+04
8.610000000000000000e+02 5.199118474702460662e+04
8.620000000000000000e+02 5.249178075588466163e+04
8.630000000000000000e+02 5.299604269926010602e+04
8.640000000000000000e+02 5.350398771189789841e+04
8.650000000000000000e+02 5.401563294734318333e+04
8.660000000000000000e+02 5.453099557768921659e+04
8.670000000000000000e+02 5.505009279332752340e+04
8.680000000000000000e+02 5.557294180269785284e+04
8.690000000000000000e+02 5.609955983203839423e+04
8.700000000000000000e+02 5.662996412513597897e+04
8.710000000000000000e+02 5.716417194307634782e+04
8.720000000000000000e+02 5.770220056399449822e+04
8.730000000000000000e+02 5.824406728282516997e+04
8.740000000000000000e+02 5.878978941105341073e+04
8.750000000000000000e+02 5.933938427646524360e+04
8.760000000000000000e+02 5.989286922289843642e+04
8.770000000000000000e+02 6.045026160999346757e+04
8.780000000000000000e+02 6.101157881294458639e+04
8.790000000000000000e+02 6.157683822225101176e+04
8.800000000000000000e+02 6.214605724346829811e+04
8.810000000000000000e+02 6.271925329695992696e+04
8.820000000000000000e+02 6.329644381764899299e+04
8.830000000000000000e+02 6.387764625477003574e+04
8.840000000000000000e+02 6.446287807162125682e+04
8.850000000000000000e+02 6.505215674531672266e+04
8.860000000000000000e+02 6.564549976653888007e+04
8.870000000000000000e+02 6.624292463929134829e+04
8.880000000000000000e+02 6.684444888065171835e+04
8.890000000000000000e+02 6.745009002052491996e+04
8.900000000000000000e+02 6.805986560139650828e+04
8.910000000000000000e+02 6.867379317808637279e+04
8.920000000000000000e+02 6.929189031750272261e+04
8.930000000000000000e+02 6.991417459839623189e+04
8.940000000000000000e+02 7.054066361111457809e+04
8.950000000000000000e+02 7.117137495735711127e+04
8.960000000000000000e+02 7.180632624993003265e+04
8.970000000000000000e+02 7.244553511250164593e+04
8.980000000000000000e+02 7.308901917935807433e+04
8.990000000000000000e+02 7.373679609515919583e+04
9.000000000000000000e+02 7.438888351469495683e+04
9.010000000000000000e+02 7.504529910264202044e+04
9.020000000000000000e+02 7.570606053332070587e+04
9.030000000000000000e+02 7.637118549045232066e+04
9.040000000000000000e+02 7.704069166691676946e+04
9.050000000000000000e+02 7.771459676451059931e+04
9.060000000000000000e+02 7.839291849370540876e+04
9.070000000000000000e+02 7.907567457340660621e+04
9.080000000000000000e+02 7.976288273071245931e+04
9.090000000000000000e+02 8.045456070067377004e+04
9.100000000000000000e+02 8.115072622605366632e+04
9.110000000000000000e+02 8.185139705708797555e+04
9.120000000000000000e+02 8.255659095124594751e+04
9.130000000000000000e+02 8.326632567299142829e+04
9.140000000000000000e+02 8.398061899354433990e+04
9.150000000000000000e+02 8.469948869064280007e+04
9.160000000000000000e+02 8.542295254830541671e+04
9.170000000000000000e+02 8.615102835659423727e+04
9.180000000000000000e+02 8.688373391137810540e+04
9.190000000000000000e+02 8.762108701409627974e+04
9.200000000000000000e+02 8.836310547152282379e+04
9.210000000000000000e+02 8.910980709553119959e+04
9.220000000000000000e+02 8.986120970285948715e+04
9.230000000000000000e+02 9.061733111487599672e+04
9.240000000000000000e+02 9.137818915734544862e+04
9.250000000000000000e+02 9.214380166019557510e+04
9.260000000000000000e+02 9.291418645728415868e+04
9.270000000000000000e+02 9.368936138616681274e+04
9.280000000000000000e+02 9.446934428786495118e+04
9.290000000000000000e+02 9.525415300663452945e+04
9.300000000000000000e+02 9.604380538973520743e+04
9.310000000000000000e+02 9.683831928719993448e+04
9.320000000000000000e+02 9.763771255160529108e+04
9.330000000000000000e+02 9.844200303784216521e+04
9.340000000000000000e+02 9.925120860288711265e+04
9.350000000000000000e+02 1.000653471055740665e+05
9.360000000000000000e+02 1.008844364063669054e+05
9.370000000000000000e+02 1.017084943671322835e+05
9.380000000000000000e+02 1.025375388509131444e+05
9.390000000000000000e+02 1.033715877217028756e+05
9.400000000000000000e+02 1.042106588442199281e+05
9.410000000000000000e+02 1.050547700836829899e+05
9.420000000000000000e+02 1.059039393055868568e+05
9.430000000000000000e+02 1.067581843754788424e+05
9.440000000000000000e+02 1.076175231587357121e+05
9.450000000000000000e+02 1.084819735203413002e+05
9.460000000000000000e+02 1.093515533246647683e+05
9.470000000000000000e+02 1.102262804352392122e+05
9.480000000000000000e+02 1.111061727145413170e+05
9.490000000000000000e+02 1.119912480237711570e+05
9.500000000000000000e+02 1.128815242226329719e+05
9.510000000000000000e+02 1.137770191691163927e+05
9.520000000000000000e+02 1.146777507192782796e+05
9.530000000000000000e+02 1.155837367270253599e+05
9.540000000000000000e+02 1.164949950438972883e+05
9.550000000000000000e+02 1.174115435188504780e+05
9.560000000000000000e+02 1.183333999980425288e+05
9.570000000000000000e+02 1.192605823246174114e+05
9.580000000000000000e+02 1.201931083384911472e+05
9.590000000000000000e+02 1.211309958761381567e+05
9.600000000000000000e+02 1.220742627703784237e+05
9.610000000000000000e+02 1.230229268501652114e+05
9.620000000000000000e+02 1.239770059403733903e+05
9.630000000000000000e+02 1.249365178615885816e+05
9.640000000000000000e+02 1.259014804298969102e+05
9.650000000000000000e+02 1.268719114566753269e+05
9.660000000000000000e+02 1.278478287483829045e+05
9.670000000000000000e+02 1.288292501063523378e+05
9.680000000000000000e+02 1.298161933265827975e+05
9.690000000000000000e+02 1.308086761995327688e+05
9.700000000000000000e+02 1.318067165099142003e+05
9.710000000000000000e+02 1.328103320364867686e+05
9.720000000000000000e+02 1.338195405518535117e+05
9.730000000000000000e+02 1.348343598222565488e+05
9.740000000000000000e+02 1.358548076073738921e+05
9.750000000000000000e+02 1.368809016601167095e+05
9.760000000000000000e+02 1.379126597264276352e+05
9.770000000000000000e+02 1.389500995450795162e+05
9.780000000000000000e+02 1.399932388474749168e+05
9.790000000000000000e+02 1.410420953574464656e+05
9.800000000000000000e+02 1.420966867910578148e+05
9.810000000000000000e+02 1.431570308564054722e+05
9.820000000000000000e+02 1.442231452534211567e+05
9.830000000000000000e+02 1.452950476736750570e+05
9.840000000000000000e+02 1.463727558001797297e+05
9.850000000000000000e+02 1.474562873071948416e+05
9.860000000000000000e+02 1.485456598600325815e+05
9.870000000000000000e+02 1.496408911148637999e+05
9.880000000000000000e+02 1.507419987185248465e+05
9.890000000000000000e+02 1.518490003083253978e+05
9.900000000000000000e+02 1.529619135118568374e+05
9.910000000000000000e+02 1.540807559468012769e+05
9.920000000000000000e+02 1.552055452207415947e+05
9.930000000000000000e+02 1.563362989309722034e+05
9.940000000000000000e+02 1.574730346643102821e+05
9.950000000000000000e+02 1.586157699969082023e+05
9.960000000000000000e+02 1.597645224940663902e+05
9.970000000000000000e+02 1.609193097100470040e+05
9.980000000000000000e+02 1.620801491878885427e+05
9.990000000000000000e+02 1.632470584592211526e+05
