# BB temperature (K); Intensity through filter (ph/s/m^2/mas^2)
1.000000000000000000e+01 0.000000000000000000e+00
1.100000000000000000e+01 0.000000000000000000e+00
1.200000000000000000e+01 0.000000000000000000e+00
1.300000000000000000e+01 0.000000000000000000e+00
1.400000000000000000e+01 0.000000000000000000e+00
1.500000000000000000e+01 0.000000000000000000e+00
1.600000000000000000e+01 0.000000000000000000e+00
1.700000000000000000e+01 0.000000000000000000e+00
1.800000000000000000e+01 0.000000000000000000e+00
1.900000000000000000e+01 0.000000000000000000e+00
2.000000000000000000e+01 0.000000000000000000e+00
2.100000000000000000e+01 5.376476988403690310e-128
2.200000000000000000e+01 4.805761275683956709e-122
2.300000000000000000e+01 1.350005887370033605e-116
2.400000000000000000e+01 1.378651824371745758e-111
2.500000000000000000e+01 5.774609663167332307e-107
2.600000000000000000e+01 1.097274094190396655e-102
2.700000000000000000e+01 1.029850320188113334e-98
2.800000000000000000e+01 5.133621245198751835e-95
2.900000000000000000e+01 1.446944907227402748e-91
3.000000000000000000e+01 2.435122194615055779e-88
3.100000000000000000e+01 2.566699610902227537e-85
3.200000000000000000e+01 1.767284977939731828e-82
3.300000000000000000e+01 8.251196775185800366e-80
3.400000000000000000e+01 2.700282932949101143e-77
3.500000000000000000e+01 6.380111875045797104e-75
3.600000000000000000e+01 1.117535225388449108e-72
3.700000000000000000e+01 1.485963138816176759e-70
3.800000000000000000e+01 1.532240944846076155e-68
3.900000000000000000e+01 1.248993324740198962e-66
4.000000000000000000e+01 8.189182400252435613e-65
4.100000000000000000e+01 4.387193502280783983e-63
4.200000000000000000e+01 1.947976182801242177e-61
4.300000000000000000e+01 7.261944898988049807e-60
4.400000000000000000e+01 2.299933619066290384e-58
4.500000000000000000e+01 6.255239841633171104e-57
4.600000000000000000e+01 1.475408017019149315e-55
4.700000000000000000e+01 3.045330526715973280e-54
4.800000000000000000e+01 5.546300652746833989e-53
4.900000000000000000e+01 8.980938920950670040e-52
5.000000000000000000e+01 1.302059183426017913e-50
5.100000000000000000e+01 1.701121933825537284e-49
5.200000000000000000e+01 2.014777853522280571e-48
5.300000000000000000e+01 2.175220270091744575e-47
5.400000000000000000e+01 2.151715349173945283e-46
5.500000000000000000e+01 1.959443278161129120e-45
5.600000000000000000e+01 1.649914681643321242e-44
5.700000000000000000e+01 1.289888922848295371e-43
5.800000000000000000e+01 9.398622621947288453e-43
5.900000000000000000e+01 6.405372572343832761e-42
6.000000000000000000e+01 4.096731469110781386e-41
6.100000000000000000e+01 2.466572689719927139e-40
6.200000000000000000e+01 1.402094780035165389e-39
6.300000000000000000e+01 7.545216805440996477e-39
6.400000000000000000e+01 3.853782362828778470e-38
6.500000000000000000e+01 1.872690261710841317e-37
6.600000000000000000e+01 8.677354233393491070e-37
6.700000000000000000e+01 3.842132927404413433e-36
6.800000000000000000e+01 1.628876815842991756e-35
6.900000000000000000e+01 6.624482129418467704e-35
7.000000000000000000e+01 2.589011530901104563e-34
7.100000000000000000e+01 9.740060877853310562e-34
7.200000000000000000e+01 3.532824029359577939e-33
7.300000000000000000e+01 1.237270009239546369e-32
7.400000000000000000e+01 4.189899641735471543e-32
7.500000000000000000e+01 1.373792851340950128e-31
7.600000000000000000e+01 4.366854259685218034e-31
7.700000000000000000e+01 1.347313699615883723e-30
7.800000000000000000e+01 4.039404801792714524e-30
7.900000000000000000e+01 1.178109490423010167e-29
8.000000000000000000e+01 3.345962571423765358e-29
8.100000000000000000e+01 9.262946069708053236e-29
8.200000000000000000e+01 2.501926894383264084e-28
8.300000000000000000e+01 6.599071834234678554e-28
8.400000000000000000e+01 1.701143285517980474e-27
8.500000000000000000e+01 4.289419754595523656e-27
8.600000000000000000e+01 1.058740191541499319e-26
8.700000000000000000e+01 2.559951535026482216e-26
8.800000000000000000e+01 6.067774591544384928e-26
8.900000000000000000e+01 1.410823637172085198e-25
9.000000000000000000e+01 3.219874777067438462e-25
9.100000000000000000e+01 7.217610077480072690e-25
9.200000000000000000e+01 1.589972967746894430e-24
9.300000000000000000e+01 3.444060578217693017e-24
9.400000000000000000e+01 7.339543661176125824e-24
9.500000000000000000e+01 1.539597947044628614e-23
9.600000000000000000e+01 3.180526885027934881e-23
9.700000000000000000e+01 6.473646989150264368e-23
9.800000000000000000e+01 1.298833636746478207e-22
9.900000000000000000e+01 2.569810351564086878e-22
1.000000000000000000e+02 5.016174029651995768e-22
1.010000000000000000e+02 9.663665380689639065e-22
1.020000000000000000e+02 1.838128767005525304e-21
1.030000000000000000e+02 3.453307601746044364e-21
1.040000000000000000e+02 6.410239358795059367e-21
1.050000000000000000e+02 1.176092215377362671e-20
1.060000000000000000e+02 2.133435706383745890e-20
1.070000000000000000e+02 3.827598510484595966e-20
1.080000000000000000e+02 6.793824484877161893e-20
1.090000000000000000e+02 1.193358805224449619e-19
1.100000000000000000e+02 2.075006913472017671e-19
1.110000000000000000e+02 3.572550965261664656e-19
1.120000000000000000e+02 6.092030425383368713e-19
1.130000000000000000e+02 1.029154951619452937e-18
1.140000000000000000e+02 1.722824393128964838e-18
1.150000000000000000e+02 2.858548524157927735e-18
1.160000000000000000e+02 4.702119637061186787e-18
1.170000000000000000e+02 7.669749555205693910e-18
1.180000000000000000e+02 1.240796914380071974e-17
1.190000000000000000e+02 1.991323169302111684e-17
1.200000000000000000e+02 3.170960552981415587e-17
1.210000000000000000e+02 5.011083731729333025e-17
1.220000000000000000e+02 7.860409066629693086e-17
1.230000000000000000e+02 1.224079485496902456e-16
1.240000000000000000e+02 1.892783188725423414e-16
1.250000000000000000e+02 2.906646890358568812e-16
1.260000000000000000e+02 4.433583464322006612e-16
1.270000000000000000e+02 6.718271195690773732e-16
1.280000000000000000e+02 1.011502308728552397e-15
1.290000000000000000e+02 1.513378448705231585e-15
1.300000000000000000e+02 2.250412661553917274e-15
1.310000000000000000e+02 3.326376894800095541e-15
1.320000000000000000e+02 4.888035063223019563e-15
1.330000000000000000e+02 7.141802851595672033e-15
1.340000000000000000e+02 1.037641929621418397e-14
1.350000000000000000e+02 1.499363946535836818e-14
1.360000000000000000e+02 2.154957544350305462e-14
1.370000000000000000e+02 3.081010404054800936e-14
1.380000000000000000e+02 4.382476805578830272e-14
1.390000000000000000e+02 6.202487724301615870e-14
1.400000000000000000e+02 8.735313084187139203e-14
1.410000000000000000e+02 1.224341151672946403e-13
1.420000000000000000e+02 1.707975733885189090e-13
1.430000000000000000e+02 2.371695159667050205e-13
1.440000000000000000e+02 3.278501779436622222e-13
1.450000000000000000e+02 4.512026989838673133e-13
1.460000000000000000e+02 6.182824007334529702e-13
1.470000000000000000e+02 8.436438970486235705e-13
1.480000000000000000e+02 1.146372271445131533e-12
1.490000000000000000e+02 1.551395516727755116e-12
1.500000000000000000e+02 2.091148733864433881e-12
1.510000000000000000e+02 2.807676674167517946e-12
1.520000000000000000e+02 3.755280596738217295e-12
1.530000000000000000e+02 5.003838700400325396e-12
1.540000000000000000e+02 6.642957267841584069e-12
1.550000000000000000e+02 8.787142926583272694e-12
1.560000000000000000e+02 1.158222600236006355e-11
1.570000000000000000e+02 1.521331186395429357e-11
1.580000000000000000e+02 1.991459263131096455e-11
1.590000000000000000e+02 2.598141700296821571e-11
1.600000000000000000e+02 3.378509280012404295e-11
1.610000000000000000e+02 4.379098687189784006e-11
1.620000000000000000e+02 5.658059223272936488e-11
1.630000000000000000e+02 7.287835492848895490e-11
1.640000000000000000e+02 9.358419564381144677e-11
1.650000000000000000e+02 1.198128262570013851e-10
1.660000000000000000e+02 1.529411525317590118e-10
1.670000000000000000e+02 1.946652743702557976e-10
1.680000000000000000e+02 2.470688483852030834e-10
1.690000000000000000e+02 3.127048682385820067e-10
1.700000000000000000e+02 3.946932509471514876e-10
1.710000000000000000e+02 4.968369973558736290e-10
1.720000000000000000e+02 6.237601279321741844e-10
1.730000000000000000e+02 7.810710871913416983e-10
1.740000000000000000e+02 9.755558682714974357e-10
1.750000000000000000e+02 1.215405740909515369e-09
1.760000000000000000e+02 1.510485179469455926e-09
1.770000000000000000e+02 1.872646391593352506e-09
1.780000000000000000e+02 2.316097752080505653e-09
1.790000000000000000e+02 2.857834461145728548e-09
1.800000000000000000e+02 3.518140882480301277e-09
1.810000000000000000e+02 4.321175286634882930e-09
1.820000000000000000e+02 5.295649142167623387e-09
1.830000000000000000e+02 6.475614674712106795e-09
1.840000000000000000e+02 7.901376167571437803e-09
1.850000000000000000e+02 9.620542422619085407e-09
1.860000000000000000e+02 1.168923995423765211e-08
1.870000000000000000e+02 1.417350886990860764e-08
1.880000000000000000e+02 1.715090601817656505e-08
1.890000000000000000e+02 2.071234287851511408e-08
1.900000000000000000e+02 2.496418884978650060e-08
1.910000000000000000e+02 3.003067408740699215e-08
1.920000000000000000e+02 3.605662986815295351e-08
1.930000000000000000e+02 4.321060865118700163e-08
1.940000000000000000e+02 5.168843058106304418e-08
1.950000000000000000e+02 6.171720817120048230e-08
1.960000000000000000e+02 7.355990634393148937e-08
1.970000000000000000e+02 8.752050091638197592e-08
1.980000000000000000e+02 1.039498050421194231e-07
1.990000000000000000e+02 1.232520400799949929e-07
2.000000000000000000e+02 1.458922348985301902e-07
2.010000000000000000e+02 1.724045457724752856e-07
2.020000000000000000e+02 2.034015978249804489e-07
2.030000000000000000e+02 2.395849584526412954e-07
2.040000000000000000e+02 2.817568633811947957e-07
2.050000000000000000e+02 3.308333269777261604e-07
2.060000000000000000e+02 3.878587802329556087e-07
2.070000000000000000e+02 4.540223924676606345e-07
2.080000000000000000e+02 5.306762463547635231e-07
2.090000000000000000e+02 6.193555503282869544e-07
2.100000000000000000e+02 7.218010879184353271e-07
2.110000000000000000e+02 8.399841200554870088e-07
2.120000000000000000e+02 9.761339739718474399e-07
2.130000000000000000e+02 1.132768571050002899e-06
2.140000000000000000e+02 1.312728165863461512e-06
2.150000000000000000e+02 1.519212589787719919e-06
2.160000000000000000e+02 1.755822314969026059e-06
2.170000000000000000e+02 2.026603678180725282e-06
2.180000000000000000e+02 2.336098629220945544e-06
2.190000000000000000e+02 2.689399395062190493e-06
2.200000000000000000e+02 3.092208479003904995e-06
2.210000000000000000e+02 3.550904443653917359e-06
2.220000000000000000e+02 4.072613957724487077e-06
2.230000000000000000e+02 4.665290619423417368e-06
2.240000000000000000e+02 5.337801103700152600e-06
2.250000000000000000e+02 6.100019216819841786e-06
2.260000000000000000e+02 6.962928479733225960e-06
2.270000000000000000e+02 7.938733901534434544e-06
2.280000000000000000e+02 9.040983645998168391e-06
2.290000000000000000e+02 1.028470133780803476e-05
2.300000000000000000e+02 1.168652980067207611e-05
2.310000000000000000e+02 1.326488706711255165e-05
2.320000000000000000e+02 1.504013554935538061e-05
2.330000000000000000e+02 1.703476531246868821e-05
2.340000000000000000e+02 1.927359244474784509e-05
2.350000000000000000e+02 2.178397357634961963e-05
2.360000000000000000e+02 2.459603765537466086e-05
2.370000000000000000e+02 2.774293615101537314e-05
2.380000000000000000e+02 3.126111291605327525e-05
2.390000000000000000e+02 3.519059500593155605e-05
2.400000000000000000e+02 3.957530581886807249e-05
2.410000000000000000e+02 4.446340199103027753e-05
2.420000000000000000e+02 4.990763555268411792e-05
2.430000000000000000e+02 5.596574292546740542e-05
2.440000000000000000e+02 6.270086241753546291e-05
2.450000000000000000e+02 7.018198195228918604e-05
2.460000000000000000e+02 7.848441884772901808e-05
2.470000000000000000e+02 8.769033354718018709e-05
2.480000000000000000e+02 9.788927928820493284e-05
2.490000000000000000e+02 1.091787897849475826e-04
2.500000000000000000e+02 1.216650070899363123e-04
2.510000000000000000e+02 1.354633518944823309e-04
2.520000000000000000e+02 1.506992386222462453e-04
2.530000000000000000e+02 1.675088377682690060e-04
2.540000000000000000e+02 1.860398880357595503e-04
2.550000000000000000e+02 2.064525609251618228e-04
2.560000000000000000e+02 2.289203805344648028e-04
2.570000000000000000e+02 2.536312014363176432e-04
2.580000000000000000e+02 2.807882476062391374e-04
2.590000000000000000e+02 3.106112154870171440e-04
2.600000000000000000e+02 3.433374443872140754e-04
2.610000000000000000e+02 3.792231575265042490e-04
2.620000000000000000e+02 4.185447771572760561e-04
2.630000000000000000e+02 4.616003173104952064e-04
2.640000000000000000e+02 5.087108578341757639e-04
2.650000000000000000e+02 5.602221035148570363e-04
2.660000000000000000e+02 6.165060321961898966e-04
2.670000000000000000e+02 6.779626359339818503e-04
2.680000000000000000e+02 7.450217593537890575e-04
2.690000000000000000e+02 8.181450395052627163e-04
2.700000000000000000e+02 8.978279516368858513e-04
2.710000000000000000e+02 9.846019654453591705e-04
2.720000000000000000e+02 1.079036816485646685e-03
2.730000000000000000e+02 1.181742897560443019e-03
2.740000000000000000e+02 1.293373775041478701e-03
2.750000000000000000e+02 1.414628835209551499e-03
2.760000000000000000e+02 1.546256065835320895e-03
2.770000000000000000e+02 1.689054978358636456e-03
2.780000000000000000e+02 1.843879676160366720e-03
2.790000000000000000e+02 2.011642074557243309e-03
2.800000000000000000e+02 2.193315278287004053e-03
2.810000000000000000e+02 2.389937122387983393e-03
2.820000000000000000e+02 2.602613882514166060e-03
2.830000000000000000e+02 2.832524160863416230e-03
2.840000000000000000e+02 3.080922954033015609e-03
2.850000000000000000e+02 3.349145909252679212e-03
2.860000000000000000e+02 3.638613775580695764e-03
2.870000000000000000e+02 3.950837056783639001e-03
2.880000000000000000e+02 4.287420872754115625e-03
2.890000000000000000e+02 4.650070036454085481e-03
2.900000000000000000e+02 5.040594353503215219e-03
2.910000000000000000e+02 5.460914151662616366e-03
2.920000000000000000e+02 5.913066047593578192e-03
2.930000000000000000e+02 6.399208958398992959e-03
2.940000000000000000e+02 6.921630365581327160e-03
2.950000000000000000e+02 7.482752839175646140e-03
2.960000000000000000e+02 8.085140829938705642e-03
2.970000000000000000e+02 8.731507737595876201e-03
2.980000000000000000e+02 9.424723263265849527e-03
2.990000000000000000e+02 1.016782105429943003e-02
3.000000000000000000e+02 1.096400664988212217e-02
3.010000000000000000e+02 1.181666573586147642e-02
3.020000000000000000e+02 1.272937271736838266e-02
3.030000000000000000e+02 1.370589961790703859e-02
3.040000000000000000e+02 1.475022531369089840e-02
3.050000000000000000e+02 1.586654511210123727e-02
3.060000000000000000e+02 1.705928068324118890e-02
3.070000000000000000e+02 1.833309035365101800e-02
3.080000000000000000e+02 1.969287977133958589e-02
3.090000000000000000e+02 2.114381295137297834e-02
3.100000000000000000e+02 2.269132371134295265e-02
3.110000000000000000e+02 2.434112750611653123e-02
3.120000000000000000e+02 2.609923367134191902e-02
3.130000000000000000e+02 2.797195808525641467e-02
3.140000000000000000e+02 2.996593625840802272e-02
3.150000000000000000e+02 3.208813686096425449e-02
3.160000000000000000e+02 3.434587569733907331e-02
3.170000000000000000e+02 3.674683013792198749e-02
3.180000000000000000e+02 3.929905401774172469e-02
3.190000000000000000e+02 4.201099301194090307e-02
3.200000000000000000e+02 4.489150049797693831e-02
3.210000000000000000e+02 4.794985391449917839e-02
3.220000000000000000e+02 5.119577162688120769e-02
3.230000000000000000e+02 5.463943030941223467e-02
3.240000000000000000e+02 5.829148285417062175e-02
3.250000000000000000e+02 6.216307681661723678e-02
3.260000000000000000e+02 6.626587340795511705e-02
3.270000000000000000e+02 7.061206704430694758e-02
3.280000000000000000e+02 7.521440546275906525e-02
3.290000000000000000e+02 8.008621041431619736e-02
3.300000000000000000e+02 8.524139894379711979e-02
3.310000000000000000e+02 9.069450526668586254e-02
3.320000000000000000e+02 9.646070325292965819e-02
3.330000000000000000e+02 1.025558295276464416e-01
3.340000000000000000e+02 1.089964071986719435e-01
3.350000000000000000e+02 1.157996702208360651e-01
3.360000000000000000e+02 1.229835884068146007e-01
3.370000000000000000e+02 1.305668930943522654e-01
3.380000000000000000e+02 1.385691034795952237e-01
3.390000000000000000e+02 1.470105536262134305e-01
3.400000000000000000e+02 1.559124201599227655e-01
3.410000000000000000e+02 1.652967506579470780e-01
3.420000000000000000e+02 1.751864927428805063e-01
3.430000000000000000e+02 1.856055238903282778e-01
3.440000000000000000e+02 1.965786819596146984e-01
3.450000000000000000e+02 2.081317964567512557e-01
3.460000000000000000e+02 2.202917205387615873e-01
3.470000000000000000e+02 2.330863637683485146e-01
3.480000000000000000e+02 2.465447256277844834e-01
3.490000000000000000e+02 2.606969298007851266e-01
3.500000000000000000e+02 2.755742592310062022e-01
3.510000000000000000e+02 2.912091919656794037e-01
3.520000000000000000e+02 3.076354377927650319e-01
3.530000000000000000e+02 3.248879756798696006e-01
3.540000000000000000e+02 3.430030920230266456e-01
3.550000000000000000e+02 3.620184197132985116e-01
3.560000000000000000e+02 3.819729780289988774e-01
3.570000000000000000e+02 4.029072133611816264e-01
3.580000000000000000e+02 4.248630407798790198e-01
3.590000000000000000e+02 4.478838864484051552e-01
3.600000000000000000e+02 4.720147308928663854e-01
3.610000000000000000e+02 4.973021531338500112e-01
3.620000000000000000e+02 5.237943756870749867e-01
3.630000000000000000e+02 5.515413104396081900e-01
3.640000000000000000e+02 5.805946054080561858e-01
3.650000000000000000e+02 6.110076923849521169e-01
3.660000000000000000e+02 6.428358354793578533e-01
3.670000000000000000e+02 6.761361805574952477e-01
3.680000000000000000e+02 7.109678055890237269e-01
3.690000000000000000e+02 7.473917719043576824e-01
3.700000000000000000e+02 7.854711763682222792e-01
3.710000000000000000e+02 8.252712044744023867e-01
3.720000000000000000e+02 8.668591843664479324e-01
3.730000000000000000e+02 9.103046417888505104e-01
3.740000000000000000e+02 9.556793559729899190e-01
3.750000000000000000e+02 1.003057416461917706e+00
3.760000000000000000e+02 1.052515280877804216e+00
3.770000000000000000e+02 1.104131833635647375e+00
3.780000000000000000e+02 1.157988445606591643e+00
3.790000000000000000e+02 1.214169034733973307e+00
3.800000000000000000e+02 1.272760127604948943e+00
3.810000000000000000e+02 1.333850921980333837e+00
3.820000000000000000e+02 1.397533350285007803e+00
3.830000000000000000e+02 1.463902144061006494e+00
3.840000000000000000e+02 1.533054899385154712e+00
3.850000000000000000e+02 1.605092143252851322e+00
3.860000000000000000e+02 1.680117400929330929e+00
3.870000000000000000e+02 1.758237264269506106e+00
3.880000000000000000e+02 1.839561461007195753e+00
3.890000000000000000e+02 1.924202925014304011e+00
3.900000000000000000e+02 2.012277867530232189e+00
3.910000000000000000e+02 2.103905849361561664e+00
3.920000000000000000e+02 2.199209854051750845e+00
3.930000000000000000e+02 2.298316362020350834e+00
3.940000000000000000e+02 2.401355425670943067e+00
3.950000000000000000e+02 2.508460745466758901e+00
3.960000000000000000e+02 2.619769746972662627e+00
3.970000000000000000e+02 2.735423658861890761e+00
3.980000000000000000e+02 2.855567591885699308e+00
3.990000000000000000e+02 2.980350618803772278e+00
4.000000000000000000e+02 3.109925855272988038e+00
4.010000000000000000e+02 3.244450541691867862e+00
4.020000000000000000e+02 3.384086125997730399e+00
4.030000000000000000e+02 3.528998347413376813e+00
4.040000000000000000e+02 3.679357321139746340e+00
4.050000000000000000e+02 3.835337623990838551e+00
4.060000000000000000e+02 3.997118380966822482e+00
4.070000000000000000e+02 4.164883352761046709e+00
4.080000000000000000e+02 4.338821024196374943e+00
4.090000000000000000e+02 4.519124693585998997e+00
4.100000000000000000e+02 4.705992563013611907e+00
4.110000000000000000e+02 4.899627829527597456e+00
4.120000000000000000e+02 5.100238777243556676e+00
4.130000000000000000e+02 5.308038870349298222e+00
4.140000000000000000e+02 5.523246847006133109e+00
4.150000000000000000e+02 5.746086814139999888e+00
4.160000000000000000e+02 5.976788343115822855e+00
4.170000000000000000e+02 6.215586566288093806e+00
4.180000000000000000e+02 6.462722274420510615e+00
4.190000000000000000e+02 6.718442014967255460e+00
4.200000000000000000e+02 6.982998191208150907e+00
4.210000000000000000e+02 7.256649162229839689e+00
4.220000000000000000e+02 7.539659343744723685e+00
4.230000000000000000e+02 7.832299309739263471e+00
4.240000000000000000e+02 8.134845894942975164e+00
4.250000000000000000e+02 8.447582298109191257e+00
4.260000000000000000e+02 8.770798186098453186e+00
4.270000000000000000e+02 9.104789798755151153e+00
4.280000000000000000e+02 9.449860054567796652e+00
4.290000000000000000e+02 9.806318657103101799e+00
4.300000000000000000e+02 1.017448220220380151e+01
4.310000000000000000e+02 1.055467428593991919e+01
4.320000000000000000e+02 1.094722561330299371e+01
4.330000000000000000e+02 1.135247410763254550e+01
4.340000000000000000e+02 1.177076502076386078e+01
4.350000000000000000e+02 1.220245104388593127e+01
4.360000000000000000e+02 1.264789241909824646e+01
4.370000000000000000e+02 1.310745705165486541e+01
4.380000000000000000e+02 1.358152062288401574e+01
4.390000000000000000e+02 1.407046670377136621e+01
4.400000000000000000e+02 1.457468686919470358e+01
4.410000000000000000e+02 1.509458081279782604e+01
4.420000000000000000e+02 1.563055646249110886e+01
4.430000000000000000e+02 1.618303009656606406e+01
4.440000000000000000e+02 1.675242646041098027e+01
4.450000000000000000e+02 1.733917888381477823e+01
4.460000000000000000e+02 1.794372939884568297e+01
4.470000000000000000e+02 1.856652885829152666e+01
4.480000000000000000e+02 1.920803705464803102e+01
4.490000000000000000e+02 1.986872283964150654e+01
4.500000000000000000e+02 2.054906424427202793e+01
4.510000000000000000e+02 2.124954859936319451e+01
4.520000000000000000e+02 2.197067265660433932e+01
4.530000000000000000e+02 2.271294271007085541e+01
4.540000000000000000e+02 2.347687471820835725e+01
4.550000000000000000e+02 2.426299442626601888e+01
4.560000000000000000e+02 2.507183748916455812e+01
4.570000000000000000e+02 2.590394959478398818e+01
4.580000000000000000e+02 2.675988658765626838e+01
4.590000000000000000e+02 2.764021459304785822e+01
4.600000000000000000e+02 2.854551014141704002e+01
4.610000000000000000e+02 2.947636029323071938e+01
4.620000000000000000e+02 3.043336276412550134e+01
4.630000000000000000e+02 3.141712605039744233e+01
4.640000000000000000e+02 3.242826955480505546e+01
4.650000000000000000e+02 3.346742371266998362e+01
4.660000000000000000e+02 3.453523011825950562e+01
4.670000000000000000e+02 3.563234165143522603e+01
4.680000000000000000e+02 3.675942260455202160e+01
4.690000000000000000e+02 3.791714880959130340e+01
4.700000000000000000e+02 3.910620776551262168e+01
4.710000000000000000e+02 4.032729876580764028e+01
4.720000000000000000e+02 4.158113302624006735e+01
4.730000000000000000e+02 4.286843381275572540e+01
4.740000000000000000e+02 4.418993656954633309e+01
4.750000000000000000e+02 4.554638904725064918e+01
4.760000000000000000e+02 4.693855143127689189e+01
4.770000000000000000e+02 4.836719647022988511e+01
4.780000000000000000e+02 4.983310960442655357e+01
4.790000000000000000e+02 5.133708909448345992e+01
4.800000000000000000e+02 5.287994614995986353e+01
4.810000000000000000e+02 5.446250505803973851e+01
4.820000000000000000e+02 5.608560331223642947e+01
4.830000000000000000e+02 5.775009174110340382e+01
4.840000000000000000e+02 5.945683463693437432e+01
4.850000000000000000e+02 6.120670988443664839e+01
4.860000000000000000e+02 6.300060908936087856e+01
4.870000000000000000e+02 6.483943770707072929e+01
4.880000000000000000e+02 6.672411517103618905e+01
4.890000000000000000e+02 6.865557502123367328e+01
4.900000000000000000e+02 7.063476503243671800e+01
4.910000000000000000e+02 7.266264734238063738e+01
4.920000000000000000e+02 7.474019857978464643e+01
4.930000000000000000e+02 7.686840999221531945e+01
4.940000000000000000e+02 7.904828757377457293e+01
4.950000000000000000e+02 8.128085219259605765e+01
4.960000000000000000e+02 8.356713971813368858e+01
4.970000000000000000e+02 8.590820114822577125e+01
4.980000000000000000e+02 8.830510273591863779e+01
4.990000000000000000e+02 9.075892611603372018e+01
5.000000000000000000e+02 9.327076843146156193e+01
5.010000000000000000e+02 9.584174245916703683e+01
5.020000000000000000e+02 9.847297673588940370e+01
5.030000000000000000e+02 1.011656156835215654e+02
5.040000000000000000e+02 1.039208197341522180e+02
5.050000000000000000e+02 1.067397654547555135e+02
5.060000000000000000e+02 1.096236456715117953e+02
5.070000000000000000e+02 1.125736695937446257e+02
5.080000000000000000e+02 1.155910629374573091e+02
5.090000000000000000e+02 1.186770680484545437e+02
5.100000000000000000e+02 1.218329440250329014e+02
5.110000000000000000e+02 1.250599668402248170e+02
5.120000000000000000e+02 1.283594294635815345e+02
5.130000000000000000e+02 1.317326419824787251e+02
5.140000000000000000e+02 1.351809317229303247e+02
5.150000000000000000e+02 1.387056433698956823e+02
5.160000000000000000e+02 1.423081390870644896e+02
5.170000000000000000e+02 1.459897986361053768e+02
5.180000000000000000e+02 1.497520194953626174e+02
5.190000000000000000e+02 1.535962169779874671e+02
5.200000000000000000e+02 1.575238243494884784e+02
5.210000000000000000e+02 1.615362929446872045e+02
5.220000000000000000e+02 1.656350922840645694e+02
5.230000000000000000e+02 1.698217101894839516e+02
5.240000000000000000e+02 1.740976528992771648e+02
5.250000000000000000e+02 1.784644451826786167e+02
5.260000000000000000e+02 1.829236304535947397e+02
5.270000000000000000e+02 1.874767708836949396e+02
5.280000000000000000e+02 1.921254475148095366e+02
5.290000000000000000e+02 1.968712603706225934e+02
5.300000000000000000e+02 2.017158285676455307e+02
5.310000000000000000e+02 2.066607904254584298e+02
5.320000000000000000e+02 2.117078035762067145e+02
5.330000000000000000e+02 2.168585450733390871e+02
5.340000000000000000e+02 2.221147114995753213e+02
5.350000000000000000e+02 2.274780190740900707e+02
5.360000000000000000e+02 2.329502037589014662e+02
5.370000000000000000e+02 2.385330213644511446e+02
5.380000000000000000e+02 2.442282476543641110e+02
5.390000000000000000e+02 2.500376784493761022e+02
5.400000000000000000e+02 2.559631297304170232e+02
5.410000000000000000e+02 2.620064377408381233e+02
5.420000000000000000e+02 2.681694590877718838e+02
5.430000000000000000e+02 2.744540708426129640e+02
5.440000000000000000e+02 2.808621706406086105e+02
5.450000000000000000e+02 2.873956767795484666e+02
5.460000000000000000e+02 2.940565283175408240e+02
5.470000000000000000e+02 3.008466851698677829e+02
5.480000000000000000e+02 3.077681282049043148e+02
5.490000000000000000e+02 3.148228593390948049e+02
5.500000000000000000e+02 3.220129016309749659e+02
5.510000000000000000e+02 3.293402993742279250e+02
5.520000000000000000e+02 3.368071181897665838e+02
5.530000000000000000e+02 3.444154451168316200e+02
5.540000000000000000e+02 3.521673887030941614e+02
5.550000000000000000e+02 3.600650790937554007e+02
5.560000000000000000e+02 3.681106681196340560e+02
5.570000000000000000e+02 3.763063293842292296e+02
5.580000000000000000e+02 3.846542583497546843e+02
5.590000000000000000e+02 3.931566724221308391e+02
5.600000000000000000e+02 4.018158110349290268e+02
5.610000000000000000e+02 4.106339357322584647e+02
5.620000000000000000e+02 4.196133302505868414e+02
5.630000000000000000e+02 4.287563005994879859e+02
5.640000000000000000e+02 4.380651751413064972e+02
5.650000000000000000e+02 4.475423046697341078e+02
5.660000000000000000e+02 4.571900624872871504e+02
5.670000000000000000e+02 4.670108444816805786e+02
5.680000000000000000e+02 4.770070692010884841e+02
5.690000000000000000e+02 4.871811779282859334e+02
5.700000000000000000e+02 4.975356347536643398e+02
5.710000000000000000e+02 5.080729266471138317e+02
5.720000000000000000e+02 5.187955635287652285e+02
5.730000000000000000e+02 5.297060783385857121e+02
5.740000000000000000e+02 5.408070271048227369e+02
5.750000000000000000e+02 5.521009890112876519e+02
5.760000000000000000e+02 5.635905664634760797e+02
5.770000000000000000e+02 5.752783851535165240e+02
5.780000000000000000e+02 5.871670941239431158e+02
5.790000000000000000e+02 5.992593658302873791e+02
5.800000000000000000e+02 6.115578962024814018e+02
5.810000000000000000e+02 6.240654047050707049e+02
5.820000000000000000e+02 6.367846343962285118e+02
5.830000000000000000e+02 6.497183519855692566e+02
5.840000000000000000e+02 6.628693478907545114e+02
5.850000000000000000e+02 6.762404362928889441e+02
5.860000000000000000e+02 6.898344551907003961e+02
5.870000000000000000e+02 7.036542664535006679e+02
5.880000000000000000e+02 7.177027558729231487e+02
5.890000000000000000e+02 7.319828332134326274e+02
5.900000000000000000e+02 7.464974322616051268e+02
5.910000000000000000e+02 7.612495108741733247e+02
5.920000000000000000e+02 7.762420510248332448e+02
5.930000000000000000e+02 7.914780588498126690e+02
5.940000000000000000e+02 8.069605646921922926e+02
5.950000000000000000e+02 8.226926231449845091e+02
5.960000000000000000e+02 8.386773130929586841e+02
5.970000000000000000e+02 8.549177377532188302e+02
5.980000000000000000e+02 8.714170247145235635e+02
5.990000000000000000e+02 8.881783259753528910e+02
6.000000000000000000e+02 9.052048179807143242e+02
6.010000000000000000e+02 9.224997016576905935e+02
6.020000000000000000e+02 9.400662024497241873e+02
6.030000000000000000e+02 9.579075703496398546e+02
6.040000000000000000e+02 9.760270799314008627e+02
6.050000000000000000e+02 9.944280303805994663e+02
6.060000000000000000e+02 1.013113745523682155e+03
6.070000000000000000e+02 1.032087573855902519e+03
6.080000000000000000e+02 1.051352888568009575e+03
6.090000000000000000e+02 1.070913087571665301e+03
6.100000000000000000e+02 1.090771593523588535e+03
6.110000000000000000e+02 1.110931853848434457e+03
6.120000000000000000e+02 1.131397340760396673e+03
6.130000000000000000e+02 1.152171551283546023e+03
6.140000000000000000e+02 1.173258007270891085e+03
6.150000000000000000e+02 1.194660255422173577e+03
6.160000000000000000e+02 1.216381867300391150e+03
6.170000000000000000e+02 1.238426439347051883e+03
6.180000000000000000e+02 1.260797592896157312e+03
6.190000000000000000e+02 1.283498974186920805e+03
6.200000000000000000e+02 1.306534254375215141e+03
6.210000000000000000e+02 1.329907129543757264e+03
6.220000000000000000e+02 1.353621320711024055e+03
6.230000000000000000e+02 1.377680573838907094e+03
6.240000000000000000e+02 1.402088659839103912e+03
6.250000000000000000e+02 1.426849374578249581e+03
6.260000000000000000e+02 1.451966538881786619e+03
6.270000000000000000e+02 1.477443998536581148e+03
6.280000000000000000e+02 1.503285624292281000e+03
6.290000000000000000e+02 1.529495311861420760e+03
6.300000000000000000e+02 1.556076981918278079e+03
6.310000000000000000e+02 1.583034580096478749e+03
6.320000000000000000e+02 1.610372076985355761e+03
6.330000000000000000e+02 1.638093468125067375e+03
6.340000000000000000e+02 1.666202774000469844e+03
6.350000000000000000e+02 1.694704040033755518e+03
6.360000000000000000e+02 1.723601336575854020e+03
6.370000000000000000e+02 1.752898758896601521e+03
6.380000000000000000e+02 1.782600427173680600e+03
6.390000000000000000e+02 1.812710486480335021e+03
6.400000000000000000e+02 1.843233106771861003e+03
6.410000000000000000e+02 1.874172482870880458e+03
6.420000000000000000e+02 1.905532834451398230e+03
6.430000000000000000e+02 1.937318406021647206e+03
6.440000000000000000e+02 1.969533466905726982e+03
6.450000000000000000e+02 2.002182311224036766e+03
6.460000000000000000e+02 2.035269257872510707e+03
6.470000000000000000e+02 2.068798650500652002e+03
6.480000000000000000e+02 2.102774857488383532e+03
6.490000000000000000e+02 2.137202271921704778e+03
6.500000000000000000e+02 2.172085311567164354e+03
6.510000000000000000e+02 2.207428418845163378e+03
6.520000000000000000e+02 2.243236060802074462e+03
6.530000000000000000e+02 2.279512729081196994e+03
6.540000000000000000e+02 2.316262939892545546e+03
6.550000000000000000e+02 2.353491233981483674e+03
6.560000000000000000e+02 2.391202176596194477e+03
6.570000000000000000e+02 2.429400357454012919e+03
6.580000000000000000e+02 2.468090390706597645e+03
6.590000000000000000e+02 2.507276914903985926e+03
6.600000000000000000e+02 2.546964592957489003e+03
6.610000000000000000e+02 2.587158112101482402e+03
6.620000000000000000e+02 2.627862183854055729e+03
6.630000000000000000e+02 2.669081543976554713e+03
6.640000000000000000e+02 2.710820952432009562e+03
6.650000000000000000e+02 2.753085193342451930e+03
6.660000000000000000e+02 2.795879074945139564e+03
6.670000000000000000e+02 2.839207429547678657e+03
6.680000000000000000e+02 2.883075113482063898e+03
6.690000000000000000e+02 2.927487007057631217e+03
6.700000000000000000e+02 2.972448014512933696e+03
6.710000000000000000e+02 3.017963063966551545e+03
6.720000000000000000e+02 3.064037107366834789e+03
6.730000000000000000e+02 3.110675120440585033e+03
6.740000000000000000e+02 3.157882102640689027e+03
6.750000000000000000e+02 3.205663077092708590e+03
6.760000000000000000e+02 3.254023090540424619e+03
6.770000000000000000e+02 3.302967213290356540e+03
6.780000000000000000e+02 3.352500539155251317e+03
6.790000000000000000e+02 3.402628185396548361e+03
6.800000000000000000e+02 3.453355292665848083e+03
6.810000000000000000e+02 3.504687024945354551e+03
6.820000000000000000e+02 3.556628569487330878e+03
6.830000000000000000e+02 3.609185136752565086e+03
6.840000000000000000e+02 3.662361960347834611e+03
6.850000000000000000e+02 3.716164296962412209e+03
6.860000000000000000e+02 3.770597426303586872e+03
6.870000000000000000e+02 3.825666651031227047e+03
6.880000000000000000e+02 3.881377296691379343e+03
6.890000000000000000e+02 3.937734711648925440e+03
6.900000000000000000e+02 3.994744267019294057e+03
6.910000000000000000e+02 4.052411356599226565e+03
6.920000000000000000e+02 4.110741396796633126e+03
6.930000000000000000e+02 4.169739826559510220e+03
6.940000000000000000e+02 4.229412107303950506e+03
6.950000000000000000e+02 4.289763722841249546e+03
6.960000000000000000e+02 4.350800179304107587e+03
6.970000000000000000e+02 4.412527005071946405e+03
6.980000000000000000e+02 4.474949750695332114e+03
6.990000000000000000e+02 4.538073988819523947e+03
7.000000000000000000e+02 4.601905314107169943e+03
7.010000000000000000e+02 4.666449343160111312e+03
7.020000000000000000e+02 4.731711714440360083e+03
7.030000000000000000e+02 4.797698088190212729e+03
7.040000000000000000e+02 4.864414146351530690e+03
7.050000000000000000e+02 4.931865592484196895e+03
7.060000000000000000e+02 5.000058151683735559e+03
7.070000000000000000e+02 5.068997570498124333e+03
7.080000000000000000e+02 5.138689616843799740e+03
7.090000000000000000e+02 5.209140079920854987e+03
7.100000000000000000e+02 5.280354770127458323e+03
7.110000000000000000e+02 5.352339518973462873e+03
7.120000000000000000e+02 5.425100178993275222e+03
7.130000000000000000e+02 5.498642623657920922e+03
7.140000000000000000e+02 5.572972747286368758e+03
7.150000000000000000e+02 5.648096464956095588e+03
7.160000000000000000e+02 5.724019712412908120e+03
7.170000000000000000e+02 5.800748445980026190e+03
7.180000000000000000e+02 5.878288642466428428e+03
7.190000000000000000e+02 5.956646299074498529e+03
7.200000000000000000e+02 6.035827433306931198e+03
7.210000000000000000e+02 6.115838082872955056e+03
7.220000000000000000e+02 6.196684305593838872e+03
7.230000000000000000e+02 6.278372179307725673e+03
7.240000000000000000e+02 6.360907801773772007e+03
7.250000000000000000e+02 6.444297290575617808e+03
7.260000000000000000e+02 6.528546783024193246e+03
7.270000000000000000e+02 6.613662436059868924e+03
7.280000000000000000e+02 6.699650426153944863e+03
7.290000000000000000e+02 6.786516949209511949e+03
7.300000000000000000e+02 6.874268220461675810e+03
7.310000000000000000e+02 6.962910474377142236e+03
7.320000000000000000e+02 7.052449964553213249e+03
7.330000000000000000e+02 7.142892963616138331e+03
7.340000000000000000e+02 7.234245763118888135e+03
7.350000000000000000e+02 7.326514673438332466e+03
7.360000000000000000e+02 7.419706023671824369e+03
7.370000000000000000e+02 7.513826161533201230e+03
7.380000000000000000e+02 7.608881453248241087e+03
7.390000000000000000e+02 7.704878283449534138e+03
7.400000000000000000e+02 7.801823055070793998e+03
7.410000000000000000e+02 7.899722189240657826e+03
7.420000000000000000e+02 7.998582125175911642e+03
7.430000000000000000e+02 8.098409320074213610e+03
7.440000000000000000e+02 8.199210249006264348e+03
7.450000000000000000e+02 8.300991404807500658e+03
7.460000000000000000e+02 8.403759297969254476e+03
7.470000000000000000e+02 8.507520456529418880e+03
7.480000000000000000e+02 8.612281425962639332e+03
7.490000000000000000e+02 8.718048769069999253e+03
7.500000000000000000e+02 8.824829065868254474e+03
7.510000000000000000e+02 8.932628913478572940e+03
7.520000000000000000e+02 9.041454926014846933e+03
7.530000000000000000e+02 9.151313734471532371e+03
7.540000000000000000e+02 9.262211986611044267e+03
7.550000000000000000e+02 9.374156346850733826e+03
7.560000000000000000e+02 9.487153496149425337e+03
7.570000000000000000e+02 9.601210131893527432e+03
7.580000000000000000e+02 9.716332967782745982e+03
7.590000000000000000e+02 9.832528733715385897e+03
7.600000000000000000e+02 9.949804175673247300e+03
7.610000000000000000e+02 1.006816605560615790e+04
7.620000000000000000e+02 1.018762115131608516e+04
7.630000000000000000e+02 1.030817625634091564e+04
7.640000000000000000e+02 1.042983817983783410e+04
7.650000000000000000e+02 1.055261374646636250e+04
7.660000000000000000e+02 1.067650979627105335e+04
7.670000000000000000e+02 1.080153318456380657e+04
7.680000000000000000e+02 1.092769078180589531e+04
7.690000000000000000e+02 1.105498947348962793e+04
7.700000000000000000e+02 1.118343616001970258e+04
7.710000000000000000e+02 1.131303775659425446e+04
7.720000000000000000e+02 1.144380119308556823e+04
7.730000000000000000e+02 1.157573341392053771e+04
7.740000000000000000e+02 1.170884137796079085e+04
7.750000000000000000e+02 1.184313205838255453e+04
7.760000000000000000e+02 1.197861244255622660e+04
7.770000000000000000e+02 1.211528953192569679e+04
7.780000000000000000e+02 1.225317034188737671e+04
7.790000000000000000e+02 1.239226190166902961e+04
7.800000000000000000e+02 1.253257125420826014e+04
7.810000000000000000e+02 1.267410545603087667e+04
7.820000000000000000e+02 1.281687157712890075e+04
7.830000000000000000e+02 1.296087670083846388e+04
7.840000000000000000e+02 1.310612792371739124e+04
7.850000000000000000e+02 1.325263235542263101e+04
7.860000000000000000e+02 1.340039711858744704e+04
7.870000000000000000e+02 1.354942934869843339e+04
7.880000000000000000e+02 1.369973619397231596e+04
7.890000000000000000e+02 1.385132481523259412e+04
7.900000000000000000e+02 1.400420238578598037e+04
7.910000000000000000e+02 1.415837609129867815e+04
7.920000000000000000e+02 1.431385312967250138e+04
7.930000000000000000e+02 1.447064071092082122e+04
7.940000000000000000e+02 1.462874605704438727e+04
7.950000000000000000e+02 1.478817640190696693e+04
7.960000000000000000e+02 1.494893899111088285e+04
7.970000000000000000e+02 1.511104108187239763e+04
7.980000000000000000e+02 1.527448994289698749e+04
7.990000000000000000e+02 1.543929285425447233e+04
8.000000000000000000e+02 1.560545710725407844e+04
8.010000000000000000e+02 1.577299000431936474e+04
8.020000000000000000e+02 1.594189885886303091e+04
8.030000000000000000e+02 1.611219099516168717e+04
8.040000000000000000e+02 1.628387374823050231e+04
8.050000000000000000e+02 1.645695446369778438e+04
8.060000000000000000e+02 1.663144049767945398e+04
8.070000000000000000e+02 1.680733921665352682e+04
8.080000000000000000e+02 1.698465799733444874e+04
8.090000000000000000e+02 1.716340422654744179e+04
8.100000000000000000e+02 1.734358530110275024e+04
8.110000000000000000e+02 1.752520862766990103e+04
8.120000000000000000e+02 1.770828162265187348e+04
8.130000000000000000e+02 1.789281171205926512e+04
8.140000000000000000e+02 1.807880633138443955e+04
8.150000000000000000e+02 1.826627292547563775e+04
8.160000000000000000e+02 1.845521894841108224e+04
8.170000000000000000e+02 1.864565186337310297e+04
8.180000000000000000e+02 1.883757914252219052e+04
8.190000000000000000e+02 1.903100826687114386e+04
8.200000000000000000e+02 1.922594672615916352e+04
8.210000000000000000e+02 1.942240201872599573e+04
8.220000000000000000e+02 1.962038165138607292e+04
8.230000000000000000e+02 1.981989313930270146e+04
8.240000000000000000e+02 2.002094400586228221e+04
8.250000000000000000e+02 2.022354178254854924e+04
8.260000000000000000e+02 2.042769400881688489e+04
8.270000000000000000e+02 2.063340823196865676e+04
8.280000000000000000e+02 2.084069200702560192e+04
8.290000000000000000e+02 2.104955289660435301e+04
8.300000000000000000e+02 2.125999847079088795e+04
8.310000000000000000e+02 2.147203630701516886e+04
8.320000000000000000e+02 2.168567398992582457e+04
8.330000000000000000e+02 2.190091911126489140e+04
8.340000000000000000e+02 2.211777926974268485e+04
8.350000000000000000e+02 2.233626207091267133e+04
8.360000000000000000e+02 2.255637512704660185e+04
8.370000000000000000e+02 2.277812605700956192e+04
8.380000000000000000e+02 2.300152248613523989e+04
8.390000000000000000e+02 2.322657204610128974e+04
8.400000000000000000e+02 2.345328237480482130e+04
8.410000000000000000e+02 2.368166111623793404e+04
8.420000000000000000e+02 2.391171592036350194e+04
8.430000000000000000e+02 2.414345444299098017e+04
8.440000000000000000e+02 2.437688434565242642e+04
8.450000000000000000e+02 2.461201329547858768e+04
8.460000000000000000e+02 2.484884896507521262e+04
8.470000000000000000e+02 2.508739903239946580e+04
8.480000000000000000e+02 2.532767118063647285e+04
8.490000000000000000e+02 2.556967309807612764e+04
8.500000000000000000e+02 2.581341247798993572e+04
8.510000000000000000e+02 2.605889701850808342e+04
8.520000000000000000e+02 2.630613442249673244e+04
8.530000000000000000e+02 2.655513239743539089e+04
8.540000000000000000e+02 2.680589865529453527e+04
8.550000000000000000e+02 2.705844091241340357e+04
8.560000000000000000e+02 2.731276688937794825e+04
8.570000000000000000e+02 2.756888431089904043e+04
8.580000000000000000e+02 2.782680090569081221e+04
8.590000000000000000e+02 2.808652440634923551e+04
8.600000000000000000e+02 2.834806254923092638e+04
8.610000000000000000e+02 2.861142307433211681e+04
8.620000000000000000e+02 2.887661372516783013e+04
8.630000000000000000e+02 2.914364224865136202e+04
8.640000000000000000e+02 2.941251639497388533e+04
8.650000000000000000e+02 2.968324391748434209e+04
8.660000000000000000e+02 2.995583257256953948e+04
8.670000000000000000e+02 3.023029011953447844e+04
8.680000000000000000e+02 3.050662432048295886e+04
8.690000000000000000e+02 3.078484294019836670e+04
8.700000000000000000e+02 3.106495374602474112e+04
8.710000000000000000e+02 3.134696450774810364e+04
8.720000000000000000e+02 3.163088299747800920e+04
8.730000000000000000e+02 3.191671698952936640e+04
8.740000000000000000e+02 3.220447426030452334e+04
8.750000000000000000e+02 3.249416258817560447e+04
8.760000000000000000e+02 3.278578975336713484e+04
8.770000000000000000e+02 3.307936353783890081e+04
8.780000000000000000e+02 3.337489172516913095e+04
8.790000000000000000e+02 3.367238210043789877e+04
8.800000000000000000e+02 3.397184245011083840e+04
8.810000000000000000e+02 3.427328056192316581e+04
8.820000000000000000e+02 3.457670422476393287e+04
8.830000000000000000e+02 3.488212122856060887e+04
8.840000000000000000e+02 3.518953936416395300e+04
8.850000000000000000e+02 3.549896642323314154e+04
8.860000000000000000e+02 3.581041019812127342e+04
8.870000000000000000e+02 3.612387848176108673e+04
8.880000000000000000e+02 3.643937906755108270e+04
8.890000000000000000e+02 3.675691974924182432e+04
8.900000000000000000e+02 3.707650832082268607e+04
8.910000000000000000e+02 3.739815257640883647e+04
8.920000000000000000e+02 3.772186031012852618e+04
8.930000000000000000e+02 3.804763931601077638e+04
8.940000000000000000e+02 3.837549738787327806e+04
8.950000000000000000e+02 3.870544231921072060e+04
8.960000000000000000e+02 3.903748190308338235e+04
8.970000000000000000e+02 3.937162393200607039e+04
8.980000000000000000e+02 3.970787619783741684e+04
8.990000000000000000e+02 4.004624649166945164e+04
9.000000000000000000e+02 4.038674260371759738e+04
9.010000000000000000e+02 4.072937232321090414e+04
9.020000000000000000e+02 4.107414343828273559e+04
9.030000000000000000e+02 4.142106373586169502e+04
9.040000000000000000e+02 4.177014100156298809e+04
9.050000000000000000e+02 4.212138301958008378e+04
9.060000000000000000e+02 4.247479757257676101e+04
9.070000000000000000e+02 4.283039244157943176e+04
9.080000000000000000e+02 4.318817540586996620e+04
9.090000000000000000e+02 4.354815424287872884e+04
9.100000000000000000e+02 4.391033672807807307e+04
9.110000000000000000e+02 4.427473063487614127e+04
9.120000000000000000e+02 4.464134373451107240e+04
9.130000000000000000e+02 4.501018379594555881e+04
9.140000000000000000e+02 4.538125858576176688e+04
9.150000000000000000e+02 4.575457586805665051e+04
9.160000000000000000e+02 4.613014340433760663e+04
9.170000000000000000e+02 4.650796895341854542e+04
9.180000000000000000e+02 4.688806027131630981e+04
9.190000000000000000e+02 4.727042511114748777e+04
9.200000000000000000e+02 4.765507122302558128e+04
9.210000000000000000e+02 4.804200635395861173e+04
9.220000000000000000e+02 4.843123824774705281e+04
9.230000000000000000e+02 4.882277464488221449e+04
9.240000000000000000e+02 4.921662328244488162e+04
9.250000000000000000e+02 4.961279189400459290e+04
9.260000000000000000e+02 5.001128820951899252e+04
9.270000000000000000e+02 5.041211995523385849e+04
9.280000000000000000e+02 5.081529485358335660e+04
9.290000000000000000e+02 5.122082062309074536e+04
9.300000000000000000e+02 5.162870497826948122e+04
9.310000000000000000e+02 5.203895562952473119e+04
9.320000000000000000e+02 5.245158028305525659e+04
9.330000000000000000e+02 5.286658664075570414e+04
9.340000000000000000e+02 5.328398240011937014e+04
9.350000000000000000e+02 5.370377525414126285e+04
9.360000000000000000e+02 5.412597289122160873e+04
9.370000000000000000e+02 5.455058299506985350e+04
9.380000000000000000e+02 5.497761324460894684e+04
9.390000000000000000e+02 5.540707131388006383e+04
9.400000000000000000e+02 5.583896487194785004e+04
9.410000000000000000e+02 5.627330158280592877e+04
9.420000000000000000e+02 5.671008910528292472e+04
9.430000000000000000e+02 5.714933509294881515e+04
9.440000000000000000e+02 5.759104719402182673e+04
9.450000000000000000e+02 5.803523305127563071e+04
9.460000000000000000e+02 5.848190030194698920e+04
9.470000000000000000e+02 5.893105657764385251e+04
9.480000000000000000e+02 5.938270950425386400e+04
9.490000000000000000e+02 5.983686670185325056e+04
9.500000000000000000e+02 6.029353578461619327e+04
9.510000000000000000e+02 6.075272436072454730e+04
9.520000000000000000e+02 6.121444003227812937e+04
9.530000000000000000e+02 6.167869039520522347e+04
9.540000000000000000e+02 6.214548303917364683e+04
9.550000000000000000e+02 6.261482554750229610e+04
9.560000000000000000e+02 6.308672549707295548e+04
9.570000000000000000e+02 6.356119045824265777e+04
9.580000000000000000e+02 6.403822799475640932e+04
9.590000000000000000e+02 6.451784566366046784e+04
9.600000000000000000e+02 6.500005101521580218e+04
9.610000000000000000e+02 6.548485159281227243e+04
9.620000000000000000e+02 6.597225493288307916e+04
9.630000000000000000e+02 6.646226856481962022e+04
9.640000000000000000e+02 6.695490001088689314e+04
9.650000000000000000e+02 6.745015678613921045e+04
9.660000000000000000e+02 6.794804639833653346e+04
9.670000000000000000e+02 6.844857634786094422e+04
9.680000000000000000e+02 6.895175412763390341e+04
9.690000000000000000e+02 6.945758722303360992e+04
9.700000000000000000e+02 6.996608311181308818e+04
9.710000000000000000e+02 7.047724926401849370e+04
9.720000000000000000e+02 7.099109314190802979e+04
9.730000000000000000e+02 7.150762219987102435e+04
9.740000000000000000e+02 7.202684388434789435e+04
9.750000000000000000e+02 7.254876563375006663e+04
9.760000000000000000e+02 7.307339487838069908e+04
9.770000000000000000e+02 7.360073904035557644e+04
9.780000000000000000e+02 7.413080553352471907e+04
9.790000000000000000e+02 7.466360176339407917e+04
9.800000000000000000e+02 7.519913512704811001e+04
9.810000000000000000e+02 7.573741301307236427e+04
9.820000000000000000e+02 7.627844280147674726e+04
9.830000000000000000e+02 7.682223186361914850e+04
9.840000000000000000e+02 7.736878756212972803e+04
9.850000000000000000e+02 7.791811725083513011e+04
9.860000000000000000e+02 7.847022827468370087e+04
9.870000000000000000e+02 7.902512796967083705e+04
9.880000000000000000e+02 7.958282366276478569e+04
9.890000000000000000e+02 8.014332267183299700e+04
9.900000000000000000e+02 8.070663230556886992e+04
9.910000000000000000e+02 8.127275986341887619e+04
9.920000000000000000e+02 8.184171263551022275e+04
9.930000000000000000e+02 8.241349790257887798e+04
9.940000000000000000e+02 8.298812293589807814e+04
9.950000000000000000e+02 8.356559499720725580e+04
9.960000000000000000e+02 8.414592133864146308e+04
9.970000000000000000e+02 8.472910920266108587e+04
9.980000000000000000e+02 8.531516582198219839e+04
9.990000000000000000e+02 8.590409841950723785e+04
