# BB temperature (K); Intensity through filter (ph/s/m^2/mas^2)
1.000000000000000000e+01 0.000000000000000000e+00
1.100000000000000000e+01 0.000000000000000000e+00
1.200000000000000000e+01 0.000000000000000000e+00
1.300000000000000000e+01 0.000000000000000000e+00
1.400000000000000000e+01 0.000000000000000000e+00
1.500000000000000000e+01 0.000000000000000000e+00
1.600000000000000000e+01 0.000000000000000000e+00
1.700000000000000000e+01 0.000000000000000000e+00
1.800000000000000000e+01 0.000000000000000000e+00
1.900000000000000000e+01 0.000000000000000000e+00
2.000000000000000000e+01 0.000000000000000000e+00
2.100000000000000000e+01 2.616209140274545050e-131
2.200000000000000000e+01 2.810013828103351634e-125
2.300000000000000000e+01 9.089712315675806517e-120
2.400000000000000000e+01 1.032231428345014978e-114
2.500000000000000000e+01 4.686306314259638382e-110
2.600000000000000000e+01 9.504519407397387288e-106
2.700000000000000000e+01 9.471582025835614010e-102
2.800000000000000000e+01 5.031433201075422830e-98
2.900000000000000000e+01 1.526829373808388360e-94
3.000000000000000000e+01 2.805354364533958881e-91
3.100000000000000000e+01 3.276303708432697107e-88
3.200000000000000000e+01 2.533008190009537577e-85
3.300000000000000000e+01 1.341880717929408168e-82
3.400000000000000000e+01 5.018453428414037373e-80
3.500000000000000000e+01 1.360376647286194856e-77
3.600000000000000000e+01 2.737082769388654085e-75
3.700000000000000000e+01 4.176709593636009399e-73
3.800000000000000000e+01 4.930413951344721449e-71
3.900000000000000000e+01 4.584739269126660862e-69
4.000000000000000000e+01 3.414795472789178008e-67
4.100000000000000000e+01 2.068613080789692821e-65
4.200000000000000000e+01 1.033617545027455317e-63
4.300000000000000000e+01 4.315267757601071292e-62
4.400000000000000000e+01 1.523230145579708205e-60
4.500000000000000000e+01 4.595752477402900681e-59
4.600000000000000000e+01 1.197077202990010806e-57
4.700000000000000000e+01 2.716783914104761913e-56
4.800000000000000000e+01 5.417909683870082466e-55
4.900000000000000000e+01 9.568427243867196727e-54
5.000000000000000000e+01 1.507329235132525354e-52
5.100000000000000000e+01 2.132175713540798359e-51
5.200000000000000000e+01 2.724940507565030945e-50
5.300000000000000000e+01 3.164351472721316087e-49
5.400000000000000000e+01 3.356607978842485355e-48
5.500000000000000000e+01 3.268399057060799179e-47
5.600000000000000000e+01 2.934731321714059190e-46
5.700000000000000000e+01 2.440301134987009951e-45
5.800000000000000000e+01 1.886590058729736267e-44
5.900000000000000000e+01 1.361045436755434578e-43
6.000000000000000000e+01 9.194427419136231633e-43
6.100000000000000000e+01 5.834886255010498046e-42
6.200000000000000000e+01 3.489030541995211012e-41
6.300000000000000000e+01 1.971370454524127302e-40
6.400000000000000000e+01 1.055292877905835148e-39
6.500000000000000000e+01 5.365359583215646367e-39
6.600000000000000000e+01 2.596930660539928668e-38
6.700000000000000000e+01 1.199255948041708569e-37
6.800000000000000000e+01 5.294827437760268532e-37
6.900000000000000000e+01 2.239374069672948592e-36
7.000000000000000000e+01 9.089388728485933840e-36
7.100000000000000000e+01 3.546740115951158657e-35
7.200000000000000000e+01 1.332669434727638913e-34
7.300000000000000000e+01 4.829328176566967960e-34
7.400000000000000000e+01 1.690280449678741117e-33
7.500000000000000000e+01 5.721913321868364205e-33
7.600000000000000000e+01 1.875880978311700044e-32
7.700000000000000000e+01 5.963376444327888585e-32
7.800000000000000000e+01 1.840415346678590680e-31
7.900000000000000000e+01 5.520315696025488712e-31
8.000000000000000000e+01 1.611016035182758111e-30
8.100000000000000000e+01 4.578932887375232892e-30
8.200000000000000000e+01 1.268750693505988666e-29
8.300000000000000000e+01 3.430321883632519737e-29
8.400000000000000000e+01 9.057743573301648628e-29
8.500000000000000000e+01 2.337727472936997758e-28
8.600000000000000000e+01 5.902034961870807510e-28
8.700000000000000000e+01 1.458724191519090024e-27
8.800000000000000000e+01 3.532015664186601535e-27
8.900000000000000000e+01 8.383984870040639958e-27
9.000000000000000000e+01 1.952287834479101378e-26
9.100000000000000000e+01 4.462489149166605028e-26
9.200000000000000000e+01 1.001873774944124177e-25
9.300000000000000000e+01 2.210561610601164330e-25
9.400000000000000000e+01 4.796082085542985964e-25
9.500000000000000000e+01 1.023753575131775688e-24
9.600000000000000000e+01 2.151047370416556099e-24
9.700000000000000000e+01 4.451045335852814652e-24
9.800000000000000000e+01 9.074750791017708658e-24
9.900000000000000000e+01 1.823740280342672322e-23
1.000000000000000000e+02 3.614381777481541901e-23
1.010000000000000000e+02 7.066877468227458848e-23
1.020000000000000000e+02 1.363692062442658364e-22
1.030000000000000000e+02 2.598162370276222715e-22
1.040000000000000000e+02 4.889192311892286845e-22
1.050000000000000000e+02 9.090386812514897867e-22
1.060000000000000000e+02 1.670512715631438987e-21
1.070000000000000000e+02 3.035160310572041101e-21
1.080000000000000000e+02 5.453996993703653668e-21
1.090000000000000000e+02 9.695752631310424560e-21
1.100000000000000000e+02 1.705723762412362331e-20
1.110000000000000000e+02 2.970427806648446691e-20
1.120000000000000000e+02 5.121894721543572315e-20
1.130000000000000000e+02 8.746970670106367630e-20
1.140000000000000000e+02 1.479824133552705312e-19
1.150000000000000000e+02 2.480813777310753531e-19
1.160000000000000000e+02 4.122041885078550648e-19
1.170000000000000000e+02 6.789907538742264812e-19
1.180000000000000000e+02 1.109032411337745556e-18
1.190000000000000000e+02 1.796577741365265866e-18
1.200000000000000000e+02 2.887078471093498227e-18
1.210000000000000000e+02 4.603290739053564516e-18
1.220000000000000000e+02 7.283817910238767196e-18
1.230000000000000000e+02 1.143961766918669202e-17
1.240000000000000000e+02 1.783626776690097468e-17
1.250000000000000000e+02 2.761291698580443397e-17
1.260000000000000000e+02 4.245313851296390739e-17
1.270000000000000000e+02 6.482874315687890683e-17
1.280000000000000000e+02 9.834551023025789100e-17
1.290000000000000000e+02 1.482304167360533125e-16
1.300000000000000000e+02 2.220141448833548364e-16
1.310000000000000000e+02 3.304815192391218354e-16
1.320000000000000000e+02 4.889874647647021652e-16
1.330000000000000000e+02 7.192688571331387168e-16
1.340000000000000000e+02 1.051925492041179308e-15
1.350000000000000000e+02 1.529799135768947381e-15
1.360000000000000000e+02 2.212551737779813808e-15
1.370000000000000000e+02 3.182836740192910867e-15
1.380000000000000000e+02 4.554576390805328184e-15
1.390000000000000000e+02 6.484009680433031272e-15
1.400000000000000000e+02 9.184368097429234180e-15
1.410000000000000000e+02 1.294527972041483241e-14
1.420000000000000000e+02 1.815830827332044979e-14
1.430000000000000000e+02 2.535041717595972065e-14
1.440000000000000000e+02 3.522762683339185404e-14
1.450000000000000000e+02 4.873172739468981991e-14
1.460000000000000000e+02 6.711364402599365250e-14
1.470000000000000000e+02 9.202795717981940009e-14
1.480000000000000000e+02 1.256541917074827551e-13
1.490000000000000000e+02 1.708518476289428720e-13
1.500000000000000000e+02 2.313578009564038321e-13
1.510000000000000000e+02 3.120367125971428530e-13
1.520000000000000000e+02 4.191975140982712194e-13
1.530000000000000000e+02 5.609919688733786950e-13
1.540000000000000000e+02 7.479148270564492066e-13
1.550000000000000000e+02 9.934293058451558182e-13
1.560000000000000000e+02 1.314746655601450126e-12
1.570000000000000000e+02 1.733794553415231878e-12
1.580000000000000000e+02 2.278416158664606752e-12
1.590000000000000000e+02 2.983850050031919642e-12
1.600000000000000000e+02 3.894551146047464520e-12
1.610000000000000000e+02 5.066424324732180694e-12
1.620000000000000000e+02 6.569556066043726439e-12
1.630000000000000000e+02 8.491545341038237843e-12
1.640000000000000000e+02 1.094155349843773367e-11
1.650000000000000000e+02 1.405521442776606327e-11
1.660000000000000000e+02 1.800057122793446382e-11
1.670000000000000000e+02 2.298523444909846031e-11
1.680000000000000000e+02 2.926499022440677439e-11
1.690000000000000000e+02 3.715412484462738800e-11
1.700000000000000000e+02 4.703777619199602809e-11
1.710000000000000000e+02 5.938667264594517815e-11
1.720000000000000000e+02 7.477467738014454674e-11
1.730000000000000000e+02 9.389962124175352590e-11
1.740000000000000000e+02 1.176079815762311909e-10
1.750000000000000000e+02 1.469240484583161743e-10
1.760000000000000000e+02 1.830843149288158535e-10
1.770000000000000000e+02 2.275779352334373299e-10
1.780000000000000000e+02 2.821942160344342761e-10
1.790000000000000000e+02 3.490782415491359057e-10
1.800000000000000000e+02 4.307958861085844818e-10
1.810000000000000000e+02 5.304096383936752009e-10
1.820000000000000000e+02 6.515668523925723421e-10
1.830000000000000000e+02 7.986022528624252225e-10
1.840000000000000000e+02 9.766567598406937587e-10
1.850000000000000000e+02 1.191814959751440510e-09
1.860000000000000000e+02 1.451263842254768779e-09
1.870000000000000000e+02 1.763475744713159161e-09
1.880000000000000000e+02 2.138418802677080897e-09
1.890000000000000000e+02 2.587798597968407674e-09
1.900000000000000000e+02 3.125335128777582878e-09
1.910000000000000000e+02 3.767079701875114731e-09
1.920000000000000000e+02 4.531776868932006591e-09
1.930000000000000000e+02 5.441277100588590661e-09
1.940000000000000000e+02 6.521006517029260458e-09
1.950000000000000000e+02 7.800500676318190791e-09
1.960000000000000000e+02 9.314010165719444874e-09
1.970000000000000000e+02 1.110118655093968580e-08
1.980000000000000000e+02 1.320785811815671468e-08
1.990000000000000000e+02 1.568690579847776916e-08
2.000000000000000000e+02 1.859925069894143264e-08
2.010000000000000000e+02 2.201496578334809454e-08
2.020000000000000000e+02 2.601452545526842263e-08
2.030000000000000000e+02 3.069020809990808437e-08
2.040000000000000000e+02 3.614766804663541777e-08
2.050000000000000000e+02 4.250769492561765409e-08
2.060000000000000000e+02 4.990818001602455684e-08
2.070000000000000000e+02 5.850631092566359227e-08
2.080000000000000000e+02 6.848101780888066263e-08
2.090000000000000000e+02 8.003569632739185134e-08
2.100000000000000000e+02 9.340123469383747540e-08
2.110000000000000000e+02 1.088393744168244430e-07
2.120000000000000000e+02 1.266464367956962668e-07
2.130000000000000000e+02 1.471574497999968235e-07
2.140000000000000000e+02 1.707507127194134898e-07
2.150000000000000000e+02 1.978528388917915574e-07
2.160000000000000000e+02 2.289443199165687482e-07
2.170000000000000000e+02 2.645656580456929988e-07
2.180000000000000000e+02 3.053241169207645039e-07
2.190000000000000000e+02 3.519011445008372296e-07
2.200000000000000000e+02 4.050605259070243741e-07
2.210000000000000000e+02 4.656573280048130503e-07
2.220000000000000000e+02 5.346477018597032481e-07
2.230000000000000000e+02 6.130996137434075485e-07
2.240000000000000000e+02 7.022045801431170347e-07
2.250000000000000000e+02 8.032904872420255910e-07
2.260000000000000000e+02 9.178355806019740592e-07
2.270000000000000000e+02 1.047483716295158517e-06
2.280000000000000000e+02 1.194060970507686572e-06
2.290000000000000000e+02 1.359593710679392129e-06
2.300000000000000000e+02 1.546328237557747228e-06
2.310000000000000000e+02 1.756752114134475794e-06
2.320000000000000000e+02 1.993617304307221333e-06
2.330000000000000000e+02 2.259965251270321895e-06
2.340000000000000000e+02 2.559154033093434518e-06
2.350000000000000000e+02 2.894887740699046138e-06
2.360000000000000000e+02 3.271248231503932784e-06
2.370000000000000000e+02 3.692729420349436051e-06
2.380000000000000000e+02 4.164274278014689417e-06
2.390000000000000000e+02 4.691314716588540409e-06
2.400000000000000000e+02 5.279814550272919404e-06
2.410000000000000000e+02 5.936315729805216638e-06
2.420000000000000000e+02 6.667988058621558736e-06
2.430000000000000000e+02 7.482682609138477466e-06
2.440000000000000000e+02 8.388989068108201902e-06
2.450000000000000000e+02 9.396297250903402264e-06
2.460000000000000000e+02 1.051486303581062553e-05
2.470000000000000000e+02 1.175587898095738435e-05
2.480000000000000000e+02 1.313154989836541587e-05
2.490000000000000000e+02 1.465517367180973956e-05
2.500000000000000000e+02 1.634122761766859449e-05
2.510000000000000000e+02 1.820546070077011110e-05
2.520000000000000000e+02 2.026499193037477746e-05
2.530000000000000000e+02 2.253841527487472266e-05
2.540000000000000000e+02 2.504591144753667489e-05
2.550000000000000000e+02 2.780936692966240589e-05
2.560000000000000000e+02 3.085250061187962297e-05
2.570000000000000000e+02 3.420099844890594186e-05
2.580000000000000000e+02 3.788265653803851496e-05
2.590000000000000000e+02 4.192753304680722862e-05
2.600000000000000000e+02 4.636810943068182898e-05
2.610000000000000000e+02 5.123946139743470584e-05
2.620000000000000000e+02 5.657944009072142841e-05
2.630000000000000000e+02 6.242886398164415509e-05
2.640000000000000000e+02 6.883172197349478783e-05
2.650000000000000000e+02 7.583538824152784286e-05
2.660000000000000000e+02 8.349084934647492157e-05
2.670000000000000000e+02 9.185294417757325738e-05
2.680000000000000000e+02 1.009806172981243317e-04
2.690000000000000000e+02 1.109371862840198922e-04
2.700000000000000000e+02 1.217906236632481856e-04
2.710000000000000000e+02 1.336138540821196806e-04
2.720000000000000000e+02 1.464850673418094742e-04
2.730000000000000000e+02 1.604880479667857615e-04
2.740000000000000000e+02 1.757125219847771125e-04
2.750000000000000000e+02 1.922545216160906182e-04
2.760000000000000000e+02 2.102167685883376354e-04
2.770000000000000000e+02 2.297090768109125625e-04
2.780000000000000000e+02 2.508487751619052262e-04
2.790000000000000000e+02 2.737611511584853836e-04
2.800000000000000000e+02 2.985799163001536340e-04
2.810000000000000000e+02 3.254476938926079534e-04
2.820000000000000000e+02 3.545165301782948536e-04
2.830000000000000000e+02 3.859484296179793196e-04
2.840000000000000000e+02 4.199159151858839790e-04
2.850000000000000000e+02 4.566026145590656548e-04
2.860000000000000000e+02 4.962038730997127191e-04
2.870000000000000000e+02 5.389273945469575224e-04
2.880000000000000000e+02 5.849939103525467242e-04
2.890000000000000000e+02 6.346378786123084122e-04
2.900000000000000000e+02 6.881082135627947195e-04
2.910000000000000000e+02 7.456690466296783280e-04
2.920000000000000000e+02 8.076005200315066867e-04
2.930000000000000000e+02 8.741996139591905451e-04
2.940000000000000000e+02 9.457810083681031160e-04
2.950000000000000000e+02 1.022677980435934093e-03
2.960000000000000000e+02 1.105243338755384748e-03
2.970000000000000000e+02 1.193850395346427676e-03
2.980000000000000000e+02 1.288893976588167695e-03
2.990000000000000000e+02 1.390791474185311839e-03
3.000000000000000000e+02 1.499983937298849518e-03
3.010000000000000000e+02 1.616937206984727033e-03
3.020000000000000000e+02 1.742143094098158986e-03
3.030000000000000000e+02 1.876120601834561571e-03
3.040000000000000000e+02 2.019417194091058243e-03
3.050000000000000000e+02 2.172610110844995241e-03
3.060000000000000000e+02 2.336307731757936070e-03
3.070000000000000000e+02 2.511150989225116072e-03
3.080000000000000000e+02 2.697814832101361540e-03
3.090000000000000000e+02 2.897009741345027336e-03
3.100000000000000000e+02 3.109483298831393783e-03
3.110000000000000000e+02 3.336021810596447815e-03
3.120000000000000000e+02 3.577451985780803062e-03
3.130000000000000000e+02 3.834642672551737044e-03
3.140000000000000000e+02 4.108506652289111230e-03
3.150000000000000000e+02 4.400002493327823984e-03
3.160000000000000000e+02 4.710136465556106003e-03
3.170000000000000000e+02 5.039964517174601831e-03
3.180000000000000000e+02 5.390594314926452392e-03
3.190000000000000000e+02 5.763187349113059986e-03
3.200000000000000000e+02 6.158961104714110769e-03
3.210000000000000000e+02 6.579191299933530128e-03
3.220000000000000000e+02 7.025214193495579913e-03
3.230000000000000000e+02 7.498428962017143588e-03
3.240000000000000000e+02 8.000300148783145646e-03
3.250000000000000000e+02 8.532360185252729073e-03
3.260000000000000000e+02 9.096211986623138970e-03
3.270000000000000000e+02 9.693531622777468507e-03
3.280000000000000000e+02 1.032607106594038600e-02
3.290000000000000000e+02 1.099566101636371279e-02
3.300000000000000000e+02 1.170421380736012124e-02
3.310000000000000000e+02 1.245372639099944986e-02
3.320000000000000000e+02 1.324628340577721844e-02
3.330000000000000000e+02 1.408406032755946807e-02
3.340000000000000000e+02 1.496932670510188641e-02
3.350000000000000000e+02 1.590444948143365095e-02
3.360000000000000000e+02 1.689189640238950366e-02
3.370000000000000000e+02 1.793423951356414026e-02
3.380000000000000000e+02 1.903415874695419535e-02
3.390000000000000000e+02 2.019444559854289070e-02
3.400000000000000000e+02 2.141800689807176264e-02
3.410000000000000000e+02 2.270786867223196365e-02
3.420000000000000000e+02 2.406718010249564790e-02
3.430000000000000000e+02 2.549921757879473894e-02
3.440000000000000000e+02 2.700738885024069405e-02
3.450000000000000000e+02 2.859523727406402399e-02
3.460000000000000000e+02 3.026644616393733139e-02
3.470000000000000000e+02 3.202484323882968942e-02
3.480000000000000000e+02 3.387440517352306724e-02
3.490000000000000000e+02 3.581926225190430746e-02
3.500000000000000000e+02 3.786370312412814382e-02
3.510000000000000000e+02 4.001217966872760989e-02
3.520000000000000000e+02 4.226931196072852143e-02
3.530000000000000000e+02 4.463989334680517479e-02
3.540000000000000000e+02 4.712889562849250508e-02
3.550000000000000000e+02 4.974147435444928322e-02
3.560000000000000000e+02 5.248297422274385282e-02
3.570000000000000000e+02 5.535893459411184853e-02
3.580000000000000000e+02 5.837509511711123922e-02
3.590000000000000000e+02 6.153740146607607903e-02
3.600000000000000000e+02 6.485201119274557058e-02
3.610000000000000000e+02 6.832529969241984968e-02
3.620000000000000000e+02 7.196386628546788677e-02
3.630000000000000000e+02 7.577454041498613013e-02
3.640000000000000000e+02 7.976438796137984288e-02
3.650000000000000000e+02 8.394071767461151745e-02
3.660000000000000000e+02 8.831108772483194091e-02
3.670000000000000000e+02 9.288331237208151403e-02
3.680000000000000000e+02 9.766546875572035269e-02
3.690000000000000000e+02 1.026659038042150307e-01
3.700000000000000000e+02 1.078932412658814705e-01
3.710000000000000000e+02 1.133563888611504450e-01
3.720000000000000000e+02 1.190645455568940386e-01
3.730000000000000000e+02 1.250272089633169270e-01
3.740000000000000000e+02 1.312541828538881239e-01
3.750000000000000000e+02 1.377555848087516077e-01
3.760000000000000000e+02 1.445418539820275683e-01
3.770000000000000000e+02 1.516237589933779883e-01
3.780000000000000000e+02 1.590124059441791471e-01
3.790000000000000000e+02 1.667192465586107841e-01
3.800000000000000000e+02 1.747560864499361488e-01
3.810000000000000000e+02 1.831350935122125212e-01
3.820000000000000000e+02 1.918688064376402047e-01
3.830000000000000000e+02 2.009701433597193831e-01
3.840000000000000000e+02 2.104524106223523150e-01
3.850000000000000000e+02 2.203293116749908409e-01
3.860000000000000000e+02 2.306149560938964282e-01
3.870000000000000000e+02 2.413238687295399532e-01
3.880000000000000000e+02 2.524709989801382504e-01
3.890000000000000000e+02 2.640717301912838821e-01
3.900000000000000000e+02 2.761418891815912158e-01
3.910000000000000000e+02 2.886977558942431243e-01
3.920000000000000000e+02 3.017560731742904290e-01
3.930000000000000000e+02 3.153340566715150950e-01
3.940000000000000000e+02 3.294494048686358312e-01
3.950000000000000000e+02 3.441203092345945791e-01
3.960000000000000000e+02 3.593654645026292949e-01
3.970000000000000000e+02 3.752040790728011221e-01
3.980000000000000000e+02 3.916558855386015336e-01
3.990000000000000000e+02 4.087411513372434801e-01
4.000000000000000000e+02 4.264806895231846307e-01
4.010000000000000000e+02 4.448958696644084165e-01
4.020000000000000000e+02 4.640086288609511778e-01
4.030000000000000000e+02 4.838414828851166360e-01
4.040000000000000000e+02 5.044175374428003789e-01
4.050000000000000000e+02 5.257604995552899174e-01
4.060000000000000000e+02 5.478946890608923370e-01
4.070000000000000000e+02 5.708450502356868794e-01
4.080000000000000000e+02 5.946371635326752614e-01
4.090000000000000000e+02 6.192972574385640083e-01
4.100000000000000000e+02 6.448522204473796648e-01
4.110000000000000000e+02 6.713296131500731123e-01
4.120000000000000000e+02 6.987576804392567897e-01
4.130000000000000000e+02 7.271653638281543319e-01
4.140000000000000000e+02 7.565823138828345895e-01
4.150000000000000000e+02 7.870389027667488158e-01
4.160000000000000000e+02 8.185662368965764824e-01
4.170000000000000000e+02 8.511961697083175737e-01
4.180000000000000000e+02 8.849613145325850860e-01
4.190000000000000000e+02 9.198950575779683003e-01
4.200000000000000000e+02 9.560315710213436180e-01
4.210000000000000000e+02 9.934058262039540121e-01
4.220000000000000000e+02 1.032053606932055834e+00
4.230000000000000000e+02 1.072011522880909951e+00
4.240000000000000000e+02 1.113317023100828029e+00
4.250000000000000000e+02 1.156008409624009303e+00
4.260000000000000000e+02 1.200124851170819351e+00
4.270000000000000000e+02 1.245706396954164186e+00
4.280000000000000000e+02 1.292793990580579200e+00
4.290000000000000000e+02 1.341429484046610332e+00
4.300000000000000000e+02 1.391655651829051710e+00
4.310000000000000000e+02 1.443516205067570946e+00
4.320000000000000000e+02 1.497055805838216180e+00
4.330000000000000000e+02 1.552320081516296968e+00
4.340000000000000000e+02 1.609355639227063373e+00
4.350000000000000000e+02 1.668210080382632743e+00
4.360000000000000000e+02 1.728932015303539904e+00
4.370000000000000000e+02 1.791571077923296285e+00
4.380000000000000000e+02 1.856177940574295970e+00
4.390000000000000000e+02 1.922804328853398248e+00
4.400000000000000000e+02 1.991503036565486884e+00
4.410000000000000000e+02 2.062327940743273302e+00
4.420000000000000000e+02 2.135334016741608387e+00
4.430000000000000000e+02 2.210577353404531653e+00
4.440000000000000000e+02 2.288115168303267666e+00
4.450000000000000000e+02 2.368005823043347835e+00
4.460000000000000000e+02 2.450308838639058351e+00
4.470000000000000000e+02 2.535084910953321558e+00
4.480000000000000000e+02 2.622395926201180671e+00
4.490000000000000000e+02 2.712304976514963606e+00
4.500000000000000000e+02 2.804876375569254510e+00
4.510000000000000000e+02 2.900175674263715031e+00
4.520000000000000000e+02 2.998269676461839506e+00
4.530000000000000000e+02 3.099226454783673645e+00
4.540000000000000000e+02 3.203115366450523194e+00
4.550000000000000000e+02 3.310007069179674577e+00
4.560000000000000000e+02 3.419973537127107832e+00
4.570000000000000000e+02 3.533088076876194084e+00
4.580000000000000000e+02 3.649425343470353855e+00
4.590000000000000000e+02 3.769061356487611203e+00
4.600000000000000000e+02 3.892073516154998192e+00
4.610000000000000000e+02 4.018540619500766908e+00
4.620000000000000000e+02 4.148542876542267166e+00
4.630000000000000000e+02 4.282161926507471961e+00
4.640000000000000000e+02 4.419480854087995070e+00
4.650000000000000000e+02 4.560584205721525564e+00
4.660000000000000000e+02 4.705558005901544050e+00
4.670000000000000000e+02 4.854489773512191242e+00
4.680000000000000000e+02 5.007468538186180318e+00
4.690000000000000000e+02 5.164584856683565484e+00
4.700000000000000000e+02 5.325930829289283075e+00
4.710000000000000000e+02 5.491600116227240314e+00
4.720000000000000000e+02 5.661687954088824526e+00
4.730000000000000000e+02 5.836291172273726069e+00
4.740000000000000000e+02 6.015508209440768361e+00
4.750000000000000000e+02 6.199439129966727080e+00
4.760000000000000000e+02 6.388185640410845245e+00
4.770000000000000000e+02 6.581851105982941874e+00
4.780000000000000000e+02 6.780540567012881326e+00
4.790000000000000000e+02 6.984360755419271705e+00
4.800000000000000000e+02 7.193420111175143461e+00
4.810000000000000000e+02 7.407828798768527179e+00
4.820000000000000000e+02 7.627698723655606194e+00
4.830000000000000000e+02 7.853143548704436760e+00
4.840000000000000000e+02 8.084278710626865205e+00
4.850000000000000000e+02 8.321221436396626814e+00
4.860000000000000000e+02 8.564090759651353579e+00
4.870000000000000000e+02 8.813007537076339659e+00
4.880000000000000000e+02 9.068094464767909813e+00
4.890000000000000000e+02 9.329476094574213008e+00
4.900000000000000000e+02 9.597278850411274931e+00
4.910000000000000000e+02 9.871631044552140466e+00
4.920000000000000000e+02 1.015266289388696030e+01
4.930000000000000000e+02 1.044050653615196289e+01
4.940000000000000000e+02 1.073529604612495270e+01
4.950000000000000000e+02 1.103716745178544478e+01
4.960000000000000000e+02 1.134625875043716903e+01
4.970000000000000000e+02 1.166270992479082835e+01
4.980000000000000000e+02 1.198666295900507706e+01
4.990000000000000000e+02 1.231826185468353074e+01
5.000000000000000000e+02 1.265765264682575797e+01
5.010000000000000000e+02 1.300498341973017702e+01
5.020000000000000000e+02 1.336040432284673685e+01
5.030000000000000000e+02 1.372406758657738379e+01
5.040000000000000000e+02 1.409612753802220020e+01
5.050000000000000000e+02 1.447674061666922007e+01
5.060000000000000000e+02 1.486606539002579908e+01
5.070000000000000000e+02 1.526426256918971625e+01
5.080000000000000000e+02 1.567149502435771780e+01
5.090000000000000000e+02 1.608792780026981362e+01
5.100000000000000000e+02 1.651372813158702613e+01
5.110000000000000000e+02 1.694906545820097676e+01
5.120000000000000000e+02 1.739411144047298663e+01
5.130000000000000000e+02 1.784903997440108370e+01
5.140000000000000000e+02 1.831402720671271567e+01
5.150000000000000000e+02 1.878925154988150936e+01
5.160000000000000000e+02 1.927489369706588462e+01
5.170000000000000000e+02 1.977113663696800572e+01
5.180000000000000000e+02 2.027816566861083203e+01
5.190000000000000000e+02 2.079616841603167288e+01
5.200000000000000000e+02 2.132533484289039905e+01
5.210000000000000000e+02 2.186585726699027177e+01
5.220000000000000000e+02 2.241793037470989702e+01
5.230000000000000000e+02 2.298175123534430497e+01
5.240000000000000000e+02 2.355751931535346344e+01
5.250000000000000000e+02 2.414543649251646684e+01
5.260000000000000000e+02 2.474570706998976632e+01
5.270000000000000000e+02 2.535853779026744448e+01
5.280000000000000000e+02 2.598413784904231960e+01
5.290000000000000000e+02 2.662271890896564486e+01
5.300000000000000000e+02 2.727449511330423704e+01
5.310000000000000000e+02 2.793968309949309159e+01
5.320000000000000000e+02 2.861850201258198823e+01
5.330000000000000000e+02 2.931117351857449549e+01
5.340000000000000000e+02 3.001792181765775780e+01
5.350000000000000000e+02 3.073897365732144848e+01
5.360000000000000000e+02 3.147455834536457431e+01
5.370000000000000000e+02 3.222490776278838354e+01
5.380000000000000000e+02 3.299025637657397425e+01
5.390000000000000000e+02 3.377084125234303258e+01
5.400000000000000000e+02 3.456690206690056044e+01
5.410000000000000000e+02 3.537868112065770987e+01
5.420000000000000000e+02 3.620642334993362255e+01
5.430000000000000000e+02 3.705037633913484285e+01
5.440000000000000000e+02 3.791079033281078381e+01
5.450000000000000000e+02 3.878791824758409490e+01
5.460000000000000000e+02 3.968201568395447509e+01
5.470000000000000000e+02 4.059334093797469478e+01
5.480000000000000000e+02 4.152215501279746945e+01
5.490000000000000000e+02 4.246872163009196299e+01
5.500000000000000000e+02 4.343330724132884058e+01
5.510000000000000000e+02 4.441618103893222980e+01
5.520000000000000000e+02 4.541761496729800740e+01
5.530000000000000000e+02 4.643788373367652866e+01
5.540000000000000000e+02 4.747726481891950812e+01
5.550000000000000000e+02 4.853603848808880628e+01
5.560000000000000000e+02 4.961448780092733557e+01
5.570000000000000000e+02 5.071289862218986855e+01
5.580000000000000000e+02 5.183155963183320836e+01
5.590000000000000000e+02 5.297076233506489018e+01
5.600000000000000000e+02 5.413080107224870829e+01
5.610000000000000000e+02 5.531197302866687693e+01
5.620000000000000000e+02 5.651457824413736120e+01
5.630000000000000000e+02 5.773891962248543308e+01
5.640000000000000000e+02 5.898530294086879877e+01
5.650000000000000000e+02 6.025403685895522443e+01
5.660000000000000000e+02 6.154543292795172249e+01
5.670000000000000000e+02 6.285980559948468027e+01
5.680000000000000000e+02 6.419747223432983674e+01
5.690000000000000000e+02 6.555875311099148917e+01
5.700000000000000000e+02 6.694397143412983553e+01
5.710000000000000000e+02 6.835345334283644547e+01
5.720000000000000000e+02 6.978752791875601247e+01
5.730000000000000000e+02 7.124652719405455059e+01
5.740000000000000000e+02 7.273078615923323298e+01
5.750000000000000000e+02 7.424064277078639407e+01
5.760000000000000000e+02 7.577643795870443455e+01
5.770000000000000000e+02 7.733851563381958272e+01
5.780000000000000000e+02 7.892722269499500953e+01
5.790000000000000000e+02 8.054290903615607533e+01
5.800000000000000000e+02 8.218592755316319654e+01
5.810000000000000000e+02 8.385663415052619030e+01
5.820000000000000000e+02 8.555538774795930124e+01
5.830000000000000000e+02 8.728255028677607186e+01
5.840000000000000000e+02 8.903848673612456821e+01
5.850000000000000000e+02 9.082356509906138342e+01
5.860000000000000000e+02 9.263815641846464644e+01
5.870000000000000000e+02 9.448263478278570915e+01
5.880000000000000000e+02 9.635737733163846030e+01
5.890000000000000000e+02 9.826276426122691987e+01
5.900000000000000000e+02 1.001991788296096928e+02
5.910000000000000000e+02 1.021670073618016801e+02
5.920000000000000000e+02 1.041666392547126208e+02
5.930000000000000000e+02 1.061984669819220812e+02
5.940000000000000000e+02 1.082628860982903376e+02
5.950000000000000000e+02 1.103602952444058616e+02
5.960000000000000000e+02 1.124910961508680032e+02
5.970000000000000000e+02 1.146556936424054101e+02
5.980000000000000000e+02 1.168544956418301695e+02
5.990000000000000000e+02 1.190879131738267205e+02
6.000000000000000000e+02 1.213563603685759489e+02
6.010000000000000000e+02 1.236602544652148623e+02
6.020000000000000000e+02 1.260000158151302827e+02
6.030000000000000000e+02 1.283760678850881050e+02
6.040000000000000000e+02 1.307888372601969138e+02
6.050000000000000000e+02 1.332387536467066127e+02
6.060000000000000000e+02 1.357262498746415815e+02
6.070000000000000000e+02 1.382517619002686047e+02
6.080000000000000000e+02 1.408157288083997969e+02
6.090000000000000000e+02 1.434185928145300011e+02
6.100000000000000000e+02 1.460607992668092834e+02
6.110000000000000000e+02 1.487427966478502697e+02
6.120000000000000000e+02 1.514650365763707214e+02
6.130000000000000000e+02 1.542279738086708392e+02
6.140000000000000000e+02 1.570320662399465448e+02
6.150000000000000000e+02 1.598777749054372634e+02
6.160000000000000000e+02 1.627655639814105371e+02
6.170000000000000000e+02 1.656959007859815074e+02
6.180000000000000000e+02 1.686692557797688607e+02
6.190000000000000000e+02 1.716861025663865803e+02
6.200000000000000000e+02 1.747469178927729274e+02
6.210000000000000000e+02 1.778521816493554581e+02
6.220000000000000000e+02 1.810023768700536664e+02
6.230000000000000000e+02 1.841979897321182875e+02
6.240000000000000000e+02 1.874395095558087405e+02
6.250000000000000000e+02 1.907274288039082819e+02
6.260000000000000000e+02 1.940622430810776962e+02
6.270000000000000000e+02 1.974444511330473802e+02
6.280000000000000000e+02 2.008745548456482766e+02
6.290000000000000000e+02 2.043530592436827646e+02
6.300000000000000000e+02 2.078804724896349683e+02
6.310000000000000000e+02 2.114573058822212204e+02
6.320000000000000000e+02 2.150840738547815079e+02
6.330000000000000000e+02 2.187612939735118402e+02
6.340000000000000000e+02 2.224894869355381957e+02
6.350000000000000000e+02 2.262691765668323853e+02
6.360000000000000000e+02 2.301008898199708881e+02
6.370000000000000000e+02 2.339851567717361718e+02
6.380000000000000000e+02 2.379225106205620364e+02
6.390000000000000000e+02 2.419134876838227513e+02
6.400000000000000000e+02 2.459586273949672091e+02
6.410000000000000000e+02 2.500584723004977832e+02
6.420000000000000000e+02 2.542135680567951965e+02
6.430000000000000000e+02 2.584244634267899983e+02
6.440000000000000000e+02 2.626917102764808760e+02
6.450000000000000000e+02 2.670158635713000308e+02
6.460000000000000000e+02 2.713974813723277748e+02
6.470000000000000000e+02 2.758371248323547320e+02
6.480000000000000000e+02 2.803353581917947963e+02
6.490000000000000000e+02 2.848927487744473410e+02
6.500000000000000000e+02 2.895098669831102711e+02
6.510000000000000000e+02 2.941872862950453964e+02
6.520000000000000000e+02 2.989255832572950453e+02
6.530000000000000000e+02 3.037253374818520797e+02
6.540000000000000000e+02 3.085871316406834808e+02
6.550000000000000000e+02 3.135115514606077340e+02
6.560000000000000000e+02 3.184991857180292527e+02
6.570000000000000000e+02 3.235506262335246106e+02
6.580000000000000000e+02 3.286664678662907022e+02
6.590000000000000000e+02 3.338473085084455647e+02
6.600000000000000000e+02 3.390937490791902746e+02
6.610000000000000000e+02 3.444063935188281107e+02
6.620000000000000000e+02 3.497858487826443934e+02
6.630000000000000000e+02 3.552327248346464899e+02
6.640000000000000000e+02 3.607476346411653481e+02
6.650000000000000000e+02 3.663311941643183332e+02
6.660000000000000000e+02 3.719840223553366627e+02
6.670000000000000000e+02 3.777067411477561905e+02
6.680000000000000000e+02 3.834999754504700604e+02
6.690000000000000000e+02 3.893643531406523266e+02
6.700000000000000000e+02 3.953005050565436136e+02
6.710000000000000000e+02 4.013090649901046163e+02
6.720000000000000000e+02 4.073906696795403946e+02
6.730000000000000000e+02 4.135459588016903467e+02
6.740000000000000000e+02 4.197755749642907972e+02
6.750000000000000000e+02 4.260801636981064462e+02
6.760000000000000000e+02 4.324603734489350018e+02
6.770000000000000000e+02 4.389168555694836868e+02
6.780000000000000000e+02 4.454502643111206339e+02
6.790000000000000000e+02 4.520612568154975861e+02
6.800000000000000000e+02 4.587504931060524882e+02
6.810000000000000000e+02 4.655186360793852032e+02
6.820000000000000000e+02 4.723663514965118111e+02
6.830000000000000000e+02 4.792943079739969789e+02
6.840000000000000000e+02 4.863031769749658793e+02
6.850000000000000000e+02 4.933936327999956575e+02
6.860000000000000000e+02 5.005663525778893472e+02
6.870000000000000000e+02 5.078220162563303575e+02
6.880000000000000000e+02 5.151613065924213970e+02
6.890000000000000000e+02 5.225849091431069837e+02
6.900000000000000000e+02 5.300935122554811869e+02
6.910000000000000000e+02 5.376878070569806596e+02
6.920000000000000000e+02 5.453684874454671672e+02
6.930000000000000000e+02 5.531362500791950652e+02
6.940000000000000000e+02 5.609917943666707743e+02
6.950000000000000000e+02 5.689358224563994781e+02
6.960000000000000000e+02 5.769690392265266610e+02
6.970000000000000000e+02 5.850921522743668675e+02
6.980000000000000000e+02 5.933058719058320776e+02
6.990000000000000000e+02 6.016109111247470764e+02
7.000000000000000000e+02 6.100079856220655756e+02
7.010000000000000000e+02 6.184978137649807195e+02
7.020000000000000000e+02 6.270811165859320226e+02
7.030000000000000000e+02 6.357586177715112399e+02
7.040000000000000000e+02 6.445310436512692149e+02
7.050000000000000000e+02 6.533991231864195015e+02
7.060000000000000000e+02 6.623635879584470558e+02
7.070000000000000000e+02 6.714251721576169984e+02
7.080000000000000000e+02 6.805846125713890160e+02
7.090000000000000000e+02 6.898426485727335375e+02
7.100000000000000000e+02 6.992000221083562792e+02
7.110000000000000000e+02 7.086574776868269510e+02
7.120000000000000000e+02 7.182157623666187192e+02
7.130000000000000000e+02 7.278756257440528543e+02
7.140000000000000000e+02 7.376378199411560672e+02
7.150000000000000000e+02 7.475030995934273506e+02
7.160000000000000000e+02 7.574722218375177363e+02
7.170000000000000000e+02 7.675459462988206951e+02
7.180000000000000000e+02 7.777250350789792037e+02
7.190000000000000000e+02 7.880102527433076602e+02
7.200000000000000000e+02 7.984023663081278528e+02
7.210000000000000000e+02 8.089021452280242102e+02
7.220000000000000000e+02 8.195103613830161748e+02
7.230000000000000000e+02 8.302277890656507680e+02
7.240000000000000000e+02 8.410552049680148912e+02
7.250000000000000000e+02 8.519933881686687300e+02
7.260000000000000000e+02 8.630431201195031008e+02
7.270000000000000000e+02 8.742051846325177848e+02
7.280000000000000000e+02 8.854803678665292637e+02
7.290000000000000000e+02 8.968694583137968266e+02
7.300000000000000000e+02 9.083732467865821718e+02
7.310000000000000000e+02 9.199925264036339740e+02
7.320000000000000000e+02 9.317280925765996926e+02
7.330000000000000000e+02 9.435807429963713275e+02
7.340000000000000000e+02 9.555512776193570517e+02
7.350000000000000000e+02 9.676404986536900878e+02
7.360000000000000000e+02 9.798492105453672139e+02
7.370000000000000000e+02 9.921782199643193962e+02
7.380000000000000000e+02 1.004628335790424899e+03
7.390000000000000000e+02 1.017200369099449858e+03
7.400000000000000000e+02 1.029895133148932928e+03
7.410000000000000000e+02 1.042713443364003524e+03
7.420000000000000000e+02 1.055656117323141643e+03
7.430000000000000000e+02 1.068723974743876852e+03
7.440000000000000000e+02 1.081917837468431571e+03
7.450000000000000000e+02 1.095238529449300813e+03
7.460000000000000000e+02 1.108686876734781436e+03
7.470000000000000000e+02 1.122263707454442965e+03
7.480000000000000000e+02 1.135969851804542259e+03
7.490000000000000000e+02 1.149806142033388824e+03
7.500000000000000000e+02 1.163773412426655341e+03
7.510000000000000000e+02 1.177872499292633620e+03
7.520000000000000000e+02 1.192104240947447806e+03
7.530000000000000000e+02 1.206469477700208017e+03
7.540000000000000000e+02 1.220969051838125552e+03
7.550000000000000000e+02 1.235603807611574211e+03
7.560000000000000000e+02 1.250374591219105469e+03
7.570000000000000000e+02 1.265282250792422246e+03
7.580000000000000000e+02 1.280327636381305183e+03
7.590000000000000000e+02 1.295511599938492964e+03
7.600000000000000000e+02 1.310834995304526274e+03
7.610000000000000000e+02 1.326298678192546731e+03
7.620000000000000000e+02 1.341903506173053529e+03
7.630000000000000000e+02 1.357650338658624605e+03
7.640000000000000000e+02 1.373540036888595523e+03
7.650000000000000000e+02 1.389573463913704245e+03
7.660000000000000000e+02 1.405751484580696115e+03
7.670000000000000000e+02 1.422074965516894963e+03
7.680000000000000000e+02 1.438544775114739650e+03
7.690000000000000000e+02 1.455161783516284004e+03
7.700000000000000000e+02 1.471926862597670834e+03
7.710000000000000000e+02 1.488840885953562974e+03
7.720000000000000000e+02 1.505904728881555229e+03
7.730000000000000000e+02 1.523119268366549250e+03
7.740000000000000000e+02 1.540485383065099768e+03
7.750000000000000000e+02 1.558003953289735364e+03
7.760000000000000000e+02 1.575675860993251717e+03
7.770000000000000000e+02 1.593501989752975305e+03
7.780000000000000000e+02 1.611483224755005267e+03
7.790000000000000000e+02 1.629620452778429808e+03
7.800000000000000000e+02 1.647914562179517134e+03
7.810000000000000000e+02 1.666366442875889334e+03
7.820000000000000000e+02 1.684976986330666250e+03
7.830000000000000000e+02 1.703747085536596160e+03
7.840000000000000000e+02 1.722677635000159626e+03
7.850000000000000000e+02 1.741769530725663117e+03
7.860000000000000000e+02 1.761023670199306707e+03
7.870000000000000000e+02 1.780440952373234040e+03
7.880000000000000000e+02 1.800022277649573880e+03
7.890000000000000000e+02 1.819768547864459833e+03
7.900000000000000000e+02 1.839680666272034841e+03
7.910000000000000000e+02 1.859759537528443843e+03
7.920000000000000000e+02 1.880006067675814620e+03
7.930000000000000000e+02 1.900421164126226586e+03
7.940000000000000000e+02 1.921005735645662071e+03
7.950000000000000000e+02 1.941760692337955334e+03
7.960000000000000000e+02 1.962686945628728608e+03
7.970000000000000000e+02 1.983785408249317925e+03
7.980000000000000000e+02 2.005056994220692332e+03
7.990000000000000000e+02 2.026502618837367208e+03
8.000000000000000000e+02 2.048123198651307575e+03
8.010000000000000000e+02 2.069919651455828898e+03
8.020000000000000000e+02 2.091892896269495395e+03
8.030000000000000000e+02 2.114043853320006747e+03
8.040000000000000000e+02 2.136373444028087761e+03
8.050000000000000000e+02 2.158882590991375764e+03
8.060000000000000000e+02 2.181572217968303903e+03
8.070000000000000000e+02 2.204443249861983531e+03
8.080000000000000000e+02 2.227496612704088875e+03
8.090000000000000000e+02 2.250733233638737602e+03
8.100000000000000000e+02 2.274154040906384125e+03
8.110000000000000000e+02 2.297759963827696083e+03
8.120000000000000000e+02 2.321551932787455371e+03
8.130000000000000000e+02 2.345530879218445989e+03
8.140000000000000000e+02 2.369697735585354621e+03
8.150000000000000000e+02 2.394053435368676219e+03
8.160000000000000000e+02 2.418598913048620943e+03
8.170000000000000000e+02 2.443335104089030665e+03
8.180000000000000000e+02 2.468262944921307280e+03
8.190000000000000000e+02 2.493383372928340577e+03
8.200000000000000000e+02 2.518697326428445649e+03
8.210000000000000000e+02 2.544205744659322136e+03
8.220000000000000000e+02 2.569909567762004372e+03
8.230000000000000000e+02 2.595809736764840636e+03
8.240000000000000000e+02 2.621907193567468312e+03
8.250000000000000000e+02 2.648202880924815418e+03
8.260000000000000000e+02 2.674697742431101688e+03
8.270000000000000000e+02 2.701392722503866025e+03
8.280000000000000000e+02 2.728288766367994867e+03
8.290000000000000000e+02 2.755386820039777376e+03
8.300000000000000000e+02 2.782687830310967911e+03
8.310000000000000000e+02 2.810192744732873962e+03
8.320000000000000000e+02 2.837902511600442722e+03
8.330000000000000000e+02 2.865818079936386766e+03
8.340000000000000000e+02 2.893940399475315189e+03
8.350000000000000000e+02 2.922270420647885203e+03
8.360000000000000000e+02 2.950809094564974657e+03
8.370000000000000000e+02 2.979557373001872293e+03
8.380000000000000000e+02 3.008516208382490277e+03
8.390000000000000000e+02 3.037686553763599477e+03
8.400000000000000000e+02 3.067069362819080652e+03
8.410000000000000000e+02 3.096665589824204289e+03
8.420000000000000000e+02 3.126476189639929999e+03
8.430000000000000000e+02 3.156502117697225458e+03
8.440000000000000000e+02 3.186744329981422652e+03
8.450000000000000000e+02 3.217203783016580928e+03
8.460000000000000000e+02 3.247881433849887799e+03
8.470000000000000000e+02 3.278778240036079751e+03
8.480000000000000000e+02 3.309895159621894436e+03
8.490000000000000000e+02 3.341233151130542865e+03
8.500000000000000000e+02 3.372793173546211619e+03
8.510000000000000000e+02 3.404576186298596440e+03
8.520000000000000000e+02 3.436583149247459914e+03
8.530000000000000000e+02 3.468815022667215089e+03
8.540000000000000000e+02 3.501272767231554099e+03
8.550000000000000000e+02 3.533957343998079978e+03
8.560000000000000000e+02 3.566869714392995775e+03
8.570000000000000000e+02 3.600010840195809578e+03
8.580000000000000000e+02 3.633381683524070468e+03
8.590000000000000000e+02 3.666983206818145845e+03
8.600000000000000000e+02 3.700816372826021507e+03
8.610000000000000000e+02 3.734882144588143092e+03
8.620000000000000000e+02 3.769181485422278456e+03
8.630000000000000000e+02 3.803715358908429607e+03
8.640000000000000000e+02 3.838484728873766016e+03
8.650000000000000000e+02 3.873490559377600675e+03
8.660000000000000000e+02 3.908733814696395257e+03
8.670000000000000000e+02 3.944215459308805748e+03
8.680000000000000000e+02 3.979936457880762646e+03
8.690000000000000000e+02 4.015897775250582981e+03
8.700000000000000000e+02 4.052100376414130551e+03
8.710000000000000000e+02 4.088545226509998884e+03
8.720000000000000000e+02 4.125233290804745593e+03
8.730000000000000000e+02 4.162165534678154472e+03
8.740000000000000000e+02 4.199342923608543970e+03
8.750000000000000000e+02 4.236766423158105681e+03
8.760000000000000000e+02 4.274436998958294680e+03
8.770000000000000000e+02 4.312355616695248500e+03
8.780000000000000000e+02 4.350523242095249771e+03
8.790000000000000000e+02 4.388940840910232509e+03
8.800000000000000000e+02 4.427609378903325705e+03
8.810000000000000000e+02 4.466529821834437826e+03
8.820000000000000000e+02 4.505703135445885891e+03
8.830000000000000000e+02 4.545130285448071845e+03
8.840000000000000000e+02 4.584812237505179837e+03
8.850000000000000000e+02 4.624749957220944452e+03
8.860000000000000000e+02 4.664944410124440765e+03
8.870000000000000000e+02 4.705396561655936239e+03
8.880000000000000000e+02 4.746107377152760819e+03
8.890000000000000000e+02 4.787077821835246141e+03
8.900000000000000000e+02 4.828308860792700216e+03
8.910000000000000000e+02 4.869801458969421219e+03
8.920000000000000000e+02 4.911556581150764032e+03
8.930000000000000000e+02 4.953575191949251348e+03
8.940000000000000000e+02 4.995858255790719340e+03
8.950000000000000000e+02 5.038406736900532451e+03
8.960000000000000000e+02 5.081221599289817277e+03
8.970000000000000000e+02 5.124303806741764674e+03
8.980000000000000000e+02 5.167654322797970053e+03
8.990000000000000000e+02 5.211274110744816426e+03
9.000000000000000000e+02 5.255164133599915658e+03
9.010000000000000000e+02 5.299325354098586104e+03
9.020000000000000000e+02 5.343758734680388443e+03
9.030000000000000000e+02 5.388465237475702452e+03
9.040000000000000000e+02 5.433445824292354700e+03
9.050000000000000000e+02 5.478701456602299004e+03
9.060000000000000000e+02 5.524233095528343256e+03
9.070000000000000000e+02 5.570041701830912643e+03
9.080000000000000000e+02 5.616128235894892896e+03
9.090000000000000000e+02 5.662493657716491725e+03
9.100000000000000000e+02 5.709138926890167568e+03
9.110000000000000000e+02 5.756065002595606529e+03
9.120000000000000000e+02 5.803272843584745715e+03
9.130000000000000000e+02 5.850763408168848400e+03
9.140000000000000000e+02 5.898537654205639228e+03
9.150000000000000000e+02 5.946596539086469420e+03
9.160000000000000000e+02 5.994941019723560203e+03
9.170000000000000000e+02 6.043572052537275340e+03
9.180000000000000000e+02 6.092490593443456419e+03
9.190000000000000000e+02 6.141697597840809976e+03
9.200000000000000000e+02 6.191194020598348288e+03
9.210000000000000000e+02 6.240980816042871993e+03
9.220000000000000000e+02 6.291058937946512742e+03
9.230000000000000000e+02 6.341429339514335879e+03
9.240000000000000000e+02 6.392092973371986773e+03
9.250000000000000000e+02 6.443050791553381714e+03
9.260000000000000000e+02 6.494303745488477944e+03
9.270000000000000000e+02 6.545852785991070959e+03
9.280000000000000000e+02 6.597698863246660949e+03
9.290000000000000000e+02 6.649842926800367422e+03
9.300000000000000000e+02 6.702285925544895690e+03
9.310000000000000000e+02 6.755028807708560635e+03
9.320000000000000000e+02 6.808072520843374150e+03
9.330000000000000000e+02 6.861418011813161684e+03
9.340000000000000000e+02 6.915066226781760633e+03
9.350000000000000000e+02 6.969018111201257852e+03
9.360000000000000000e+02 7.023274609800280814e+03
9.370000000000000000e+02 7.077836666572353352e+03
9.380000000000000000e+02 7.132705224764308696e+03
9.390000000000000000e+02 7.187881226864735254e+03
9.400000000000000000e+02 7.243365614592495149e+03
9.410000000000000000e+02 7.299159328885320065e+03
9.420000000000000000e+02 7.355263309888399817e+03
9.430000000000000000e+02 7.411678496943093705e+03
9.440000000000000000e+02 7.468405828575658234e+03
9.450000000000000000e+02 7.525446242486048504e+03
9.460000000000000000e+02 7.582800675536753261e+03
9.470000000000000000e+02 7.640470063741719059e+03
9.480000000000000000e+02 7.698455342255299911e+03
9.490000000000000000e+02 7.756757445361282407e+03
9.500000000000000000e+02 7.815377306461959051e+03
9.510000000000000000e+02 7.874315858067254339e+03
9.520000000000000000e+02 7.933574031783914506e+03
9.530000000000000000e+02 7.993152758304763665e+03
9.540000000000000000e+02 8.053052967397982684e+03
9.550000000000000000e+02 8.113275587896482648e+03
9.560000000000000000e+02 8.173821547687303791e+03
9.570000000000000000e+02 8.234691773701109923e+03
9.580000000000000000e+02 8.295887191901687402e+03
9.590000000000000000e+02 8.357408727275547790e+03
9.600000000000000000e+02 8.419257303821565074e+03
9.610000000000000000e+02 8.481433844540666541e+03
9.620000000000000000e+02 8.543939271425600964e+03
9.630000000000000000e+02 8.606774505450730430e+03
9.640000000000000000e+02 8.669940466561922221e+03
9.650000000000000000e+02 8.733438073666462515e+03
9.660000000000000000e+02 8.797268244623033752e+03
9.670000000000000000e+02 8.861431896231772043e+03
9.680000000000000000e+02 8.925929944224346400e+03
9.690000000000000000e+02 8.990763303254127095e+03
9.700000000000000000e+02 9.055932886886390406e+03
9.710000000000000000e+02 9.121439607588588842e+03
9.720000000000000000e+02 9.187284376720685032e+03
9.730000000000000000e+02 9.253468104525521994e+03
9.740000000000000000e+02 9.319991700119278903e+03
9.750000000000000000e+02 9.386856071481946856e+03
9.760000000000000000e+02 9.454062125447917424e+03
9.770000000000000000e+02 9.521610767696571202e+03
9.780000000000000000e+02 9.589502902742953665e+03
9.790000000000000000e+02 9.657739433928503786e+03
9.800000000000000000e+02 9.726321263411839027e+03
9.810000000000000000e+02 9.795249292159598554e+03
9.820000000000000000e+02 9.864524419937341008e+03
9.830000000000000000e+02 9.934147545300496859e+03
9.840000000000000000e+02 1.000411956558539896e+04
9.850000000000000000e+02 1.007444137690032767e+04
9.860000000000000000e+02 1.014511387411666146e+04
9.870000000000000000e+02 1.021613795086005484e+04
9.880000000000000000e+02 1.028751449950167626e+04
9.890000000000000000e+02 1.035924441114950969e+04
9.900000000000000000e+02 1.043132857563972357e+04
9.910000000000000000e+02 1.050376788152806694e+04
9.920000000000000000e+02 1.057656321608134567e+04
9.930000000000000000e+02 1.064971546526896236e+04
9.940000000000000000e+02 1.072322551375448165e+04
9.950000000000000000e+02 1.079709424488728837e+04
9.960000000000000000e+02 1.087132254069428018e+04
9.970000000000000000e+02 1.094591128187161848e+04
9.980000000000000000e+02 1.102086134777654661e+04
9.990000000000000000e+02 1.109617361641925891e+04
