# BB temperature (K); Intensity through filter (ph/s/m^2/mas^2)
1.000000000000000000e+01 0.000000000000000000e+00
1.100000000000000000e+01 0.000000000000000000e+00
1.200000000000000000e+01 0.000000000000000000e+00
1.300000000000000000e+01 0.000000000000000000e+00
1.400000000000000000e+01 0.000000000000000000e+00
1.500000000000000000e+01 0.000000000000000000e+00
1.600000000000000000e+01 0.000000000000000000e+00
1.700000000000000000e+01 0.000000000000000000e+00
1.800000000000000000e+01 0.000000000000000000e+00
1.900000000000000000e+01 0.000000000000000000e+00
2.000000000000000000e+01 0.000000000000000000e+00
2.100000000000000000e+01 2.053295046734351862e-07
2.200000000000000000e+01 6.502618353287098626e-07
2.300000000000000000e+01 1.867232564594103888e-06
2.400000000000000000e+01 4.921092224148427221e-06
2.500000000000000000e+01 1.202583722622608522e-05
2.600000000000000000e+01 2.748636346680472978e-05
2.700000000000000000e+01 5.919297398501658633e-05
2.800000000000000000e+01 1.208706516494373459e-04
2.900000000000000000e+01 2.353091732767304543e-04
3.000000000000000000e+01 4.388124054214813385e-04
3.100000000000000000e+01 7.871031333834087448e-04
3.200000000000000000e+01 1.362902560215997977e-03
3.300000000000000000e+01 2.285371697260341495e-03
3.400000000000000000e+01 3.721557087131729686e-03
3.500000000000000000e+01 5.899928470760686106e-03
3.600000000000000000e+01 9.126034540667880141e-03
3.700000000000000000e+01 1.380023842922404979e-02
3.800000000000000000e+01 2.043743055396125483e-02
3.900000000000000000e+01 2.968855599274502349e-02
4.000000000000000000e+01 4.236373925219708708e-02
4.100000000000000000e+01 5.945674305094812706e-02
4.200000000000000000e+01 8.217046084096929492e-02
4.300000000000000000e+01 1.119431158947476884e-01
4.400000000000000000e+01 1.504748230074604565e-01
4.500000000000000000e+01 1.997541618619537718e-01
4.600000000000000000e+01 2.620844131867244298e-01
4.700000000000000000e+01 3.401091190542032683e-01
4.800000000000000000e+01 4.368366459045456285e-01
4.900000000000000000e+01 5.556634519390579730e-01
5.000000000000000000e+01 7.003957881872858726e-01
5.100000000000000000e+01 8.752695936241350338e-01
5.200000000000000000e+01 1.084968378080005680e+00
5.300000000000000000e+01 1.334638921327030658e+00
5.400000000000000000e+01 1.629904651731724163e+00
5.500000000000000000e+01 1.976876602455528875e+00
5.600000000000000000e+01 2.382161876701918590e+00
5.700000000000000000e+01 2.852869585416413667e+00
5.800000000000000000e+01 3.396614250724458106e+00
5.900000000000000000e+01 4.021516695928704088e+00
6.000000000000000000e+01 4.736202467865481935e+00
6.100000000000000000e+01 5.549797859708348824e+00
6.200000000000000000e+01 6.471923621846515040e+00
6.300000000000000000e+01 7.512686465261577240e+00
6.400000000000000000e+01 8.682668475932615593e+00
6.500000000000000000e+01 9.992914570314249900e+00
6.600000000000000000e+01 1.145491813098357703e+01
6.700000000000000000e+01 1.308060496829399710e+01
6.800000000000000000e+01 1.488231575847637700e+01
6.900000000000000000e+01 1.687278711127392938e+01
7.000000000000000000e+01 1.906513142107191783e+01
7.100000000000000000e+01 2.147281565477755905e+01
7.200000000000000000e+01 2.410963922760419464e+01
7.300000000000000000e+01 2.698971111459873029e+01
7.400000000000000000e+01 3.012742634139696918e+01
7.500000000000000000e+01 3.353744199246120417e+01
7.600000000000000000e+01 3.723465286910415273e+01
7.700000000000000000e+01 4.123416692307482379e+01
7.800000000000000000e+01 4.555128058450844009e+01
7.900000000000000000e+01 5.020145409574141127e+01
8.000000000000000000e+01 5.520028695497458671e+01
8.100000000000000000e+01 6.056349356612710011e+01
8.200000000000000000e+01 6.630687918354632870e+01
8.300000000000000000e+01 7.244631623260050901e+01
8.400000000000000000e+01 7.899772107964415113e+01
8.500000000000000000e+01 8.597703131746797567e+01
8.600000000000000000e+01 9.340018362517059813e+01
8.700000000000000000e+01 1.012830922544581398e+02
8.800000000000000000e+01 1.096416281877188652e+02
8.900000000000000000e+01 1.184915990068614349e+02
9.000000000000000000e+01 1.278487295058614421e+02
9.100000000000000000e+01 1.377286430742474295e+02
9.200000000000000000e+01 1.481468438733826929e+02
9.300000000000000000e+01 1.591186998223657554e+02
9.400000000000000000e+01 1.706594264056827797e+02
9.500000000000000000e+01 1.827840713103963424e+02
9.600000000000000000e+01 1.955074998966389614e+02
9.700000000000000000e+01 2.088443815014975655e+02
9.800000000000000000e+01 2.228091765730048905e+02
9.900000000000000000e+01 2.374161246278970339e+02
1.000000000000000000e+02 2.526792330240334365e+02
1.010000000000000000e+02 2.686122665358979020e+02
1.020000000000000000e+02 2.852287377193885618e+02
1.030000000000000000e+02 3.025418980501551687e+02
1.040000000000000000e+02 3.205647298180278426e+02
1.050000000000000000e+02 3.393099387586019020e+02
1.060000000000000000e+02 3.587899474017724515e+02
1.070000000000000000e+02 3.790168891159394775e+02
1.080000000000000000e+02 4.000026028257234998e+02
1.090000000000000000e+02 4.217586283803142351e+02
1.100000000000000000e+02 4.442962025490211886e+02
1.110000000000000000e+02 4.676262556201857592e+02
1.120000000000000000e+02 4.917594085793389240e+02
1.130000000000000000e+02 5.167059708423328175e+02
1.140000000000000000e+02 5.424759385191348429e+02
1.150000000000000000e+02 5.690789931840245117e+02
1.160000000000000000e+02 5.965245011280869676e+02
1.170000000000000000e+02 6.248215130701174758e+02
1.180000000000000000e+02 6.539787643023582859e+02
1.190000000000000000e+02 6.840046752478430108e+02
1.200000000000000000e+02 7.149073524065528318e+02
1.210000000000000000e+02 7.466945896680452961e+02
1.220000000000000000e+02 7.793738699687339704e+02
1.230000000000000000e+02 8.129523672725350707e+02
1.240000000000000000e+02 8.474369488541741475e+02
1.250000000000000000e+02 8.828341778650459446e+02
1.260000000000000000e+02 9.191503161621325262e+02
1.270000000000000000e+02 9.563913273811258478e+02
1.280000000000000000e+02 9.945628802355386142e+02
1.290000000000000000e+02 1.033670352024244494e+03
1.300000000000000000e+02 1.073718832330539271e+03
1.310000000000000000e+02 1.114713126896477888e+03
1.320000000000000000e+02 1.156657761656892490e+03
1.330000000000000000e+02 1.199556986918150415e+03
1.340000000000000000e+02 1.243414781667360785e+03
1.350000000000000000e+02 1.288234857998367033e+03
1.360000000000000000e+02 1.334020665641499590e+03
1.370000000000000000e+02 1.380775396584676400e+03
1.380000000000000000e+02 1.428501989774043977e+03
1.390000000000000000e+02 1.477203135882939932e+03
1.400000000000000000e+02 1.526881282138546567e+03
1.410000000000000000e+02 1.577538637196148557e+03
1.420000000000000000e+02 1.629177176051478227e+03
1.430000000000000000e+02 1.681798644982133055e+03
1.440000000000000000e+02 1.735404566509600727e+03
1.450000000000000000e+02 1.789996244373883655e+03
1.460000000000000000e+02 1.845574768513232357e+03
1.470000000000000000e+02 1.902141020041938646e+03
1.480000000000000000e+02 1.959695676219584811e+03
1.490000000000000000e+02 2.018239215405594678e+03
1.500000000000000000e+02 2.077771921993326032e+03
1.510000000000000000e+02 2.138293891318339774e+03
1.520000000000000000e+02 2.199805034535875166e+03
1.530000000000000000e+02 2.262305083462926177e+03
1.540000000000000000e+02 2.325793595380616807e+03
1.550000000000000000e+02 2.390269957792988407e+03
1.560000000000000000e+02 2.455733393138534666e+03
1.570000000000000000e+02 2.522182963451201886e+03
1.580000000000000000e+02 2.589617574967805467e+03
1.590000000000000000e+02 2.658035982679115023e+03
1.600000000000000000e+02 2.727436794822112461e+03
1.610000000000000000e+02 2.797818477311170227e+03
1.620000000000000000e+02 2.869179358106133805e+03
1.630000000000000000e+02 2.941517631515523590e+03
1.640000000000000000e+02 3.014831362433251343e+03
1.650000000000000000e+02 3.089118490507488787e+03
1.660000000000000000e+02 3.164376834240465996e+03
1.670000000000000000e+02 3.240604095018182306e+03
1.680000000000000000e+02 3.317797861069175724e+03
1.690000000000000000e+02 3.395955611351643256e+03
1.700000000000000000e+02 3.475074719368341448e+03
1.710000000000000000e+02 3.555152456908876957e+03
1.720000000000000000e+02 3.636185997719063380e+03
1.730000000000000000e+02 3.718172421097193819e+03
1.740000000000000000e+02 3.801108715417156418e+03
1.750000000000000000e+02 3.884991781578451537e+03
1.760000000000000000e+02 3.969818436383241988e+03
1.770000000000000000e+02 4.055585415840668247e+03
1.780000000000000000e+02 4.142289378398757435e+03
1.790000000000000000e+02 4.229926908104315771e+03
1.800000000000000000e+02 4.318494517691250621e+03
1.810000000000000000e+02 4.407988651597906028e+03
1.820000000000000000e+02 4.498405688913943777e+03
1.830000000000000000e+02 4.589741946257446216e+03
1.840000000000000000e+02 4.681993680582977504e+03
1.850000000000000000e+02 4.775157091921275423e+03
1.860000000000000000e+02 4.869228326051420481e+03
1.870000000000000000e+02 4.964203477106294486e+03
1.880000000000000000e+02 5.060078590112168968e+03
1.890000000000000000e+02 5.156849663463351135e+03
1.900000000000000000e+02 5.254512651332777750e+03
1.910000000000000000e+02 5.353063466019492807e+03
1.920000000000000000e+02 5.452497980234028546e+03
1.930000000000000000e+02 5.552812029322582021e+03
1.940000000000000000e+02 5.654001413431066794e+03
1.950000000000000000e+02 5.756061899610016553e+03
1.960000000000000000e+02 5.858989223861331993e+03
1.970000000000000000e+02 5.962779093127969645e+03
1.980000000000000000e+02 6.067427187227541253e+03
1.990000000000000000e+02 6.172929160730896001e+03
2.000000000000000000e+02 6.279280644786735138e+03
2.010000000000000000e+02 6.386477248893275828e+03
2.020000000000000000e+02 6.494514562618033779e+03
2.030000000000000000e+02 6.603388157266760572e+03
2.040000000000000000e+02 6.713093587502545233e+03
2.050000000000000000e+02 6.823626392916171426e+03
2.060000000000000000e+02 6.934982099548704355e+03
2.070000000000000000e+02 7.047156221367352373e+03
2.080000000000000000e+02 7.160144261695620116e+03
2.090000000000000000e+02 7.273941714598753606e+03
2.100000000000000000e+02 7.388544066225472307e+03
2.110000000000000000e+02 7.503946796106978582e+03
2.120000000000000000e+02 7.620145378414226798e+03
2.130000000000000000e+02 7.737135283174390679e+03
2.140000000000000000e+02 7.854911977447524805e+03
2.150000000000000000e+02 7.973470926464317927e+03
2.160000000000000000e+02 8.092807594725892159e+03
2.170000000000000000e+02 8.212917447066560271e+03
2.180000000000000000e+02 8.333795949680446938e+03
2.190000000000000000e+02 8.455438571112821592e+03
2.200000000000000000e+02 8.577840783217099670e+03
2.210000000000000000e+02 8.700998062078284420e+03
2.220000000000000000e+02 8.824905888903740561e+03
2.230000000000000000e+02 8.949559750882150183e+03
2.240000000000000000e+02 9.074955142011411226e+03
2.250000000000000000e+02 9.201087563896326174e+03
2.260000000000000000e+02 9.327952526516861326e+03
2.270000000000000000e+02 9.455545548967718787e+03
2.280000000000000000e+02 9.583862160170043353e+03
2.290000000000000000e+02 9.712897899555924596e+03
2.300000000000000000e+02 9.842648317726492678e+03
2.310000000000000000e+02 9.973108977084302751e+03
2.320000000000000000e+02 1.010427545244067187e+04
2.330000000000000000e+02 1.023614333159870694e+04
2.340000000000000000e+02 1.036870821591266395e+04
2.350000000000000000e+02 1.050196572082429884e+04
2.360000000000000000e+02 1.063591147637685754e+04
2.370000000000000000e+02 1.077054112770733627e+04
2.380000000000000000e+02 1.090585033551760534e+04
2.390000000000000000e+02 1.104183477652504007e+04
2.400000000000000000e+02 1.117849014389319746e+04
2.410000000000000000e+02 1.131581214764314973e+04
2.420000000000000000e+02 1.145379651504600224e+04
2.430000000000000000e+02 1.159243899099719602e+04
2.440000000000000000e+02 1.173173533837306968e+04
2.450000000000000000e+02 1.187168133837022469e+04
2.460000000000000000e+02 1.201227279082823770e+04
2.470000000000000000e+02 1.215350551453617845e+04
2.480000000000000000e+02 1.229537534752339889e+04
2.490000000000000000e+02 1.243787814733515916e+04
2.500000000000000000e+02 1.258100979129343250e+04
2.510000000000000000e+02 1.272476617674342560e+04
2.520000000000000000e+02 1.286914322128624190e+04
2.530000000000000000e+02 1.301413686299807159e+04
2.540000000000000000e+02 1.315974306063636686e+04
2.550000000000000000e+02 1.330595779383341869e+04
2.560000000000000000e+02 1.345277706327767555e+04
2.570000000000000000e+02 1.360019689088325504e+04
2.580000000000000000e+02 1.374821331994799402e+04
2.590000000000000000e+02 1.389682241530038664e+04
2.600000000000000000e+02 1.404602026343581201e+04
2.610000000000000000e+02 1.419580297264235378e+04
2.620000000000000000e+02 1.434616667311658421e+04
2.630000000000000000e+02 1.449710751706962947e+04
2.640000000000000000e+02 1.464862167882381800e+04
2.650000000000000000e+02 1.480070535490026668e+04
2.660000000000000000e+02 1.495335476409766306e+04
2.670000000000000000e+02 1.510656614756257295e+04
2.680000000000000000e+02 1.526033576885154071e+04
2.690000000000000000e+02 1.541465991398527149e+04
2.700000000000000000e+02 1.556953489149516827e+04
2.710000000000000000e+02 1.572495703246246558e+04
2.720000000000000000e+02 1.588092269055026554e+04
2.730000000000000000e+02 1.603742824202867814e+04
2.740000000000000000e+02 1.619447008579330395e+04
2.750000000000000000e+02 1.635204464337737227e+04
2.760000000000000000e+02 1.651014835895766737e+04
2.770000000000000000e+02 1.666877769935450851e+04
2.780000000000000000e+02 1.682792915402603103e+04
2.790000000000000000e+02 1.698759923505691768e+04
2.800000000000000000e+02 1.714778447714179492e+04
2.810000000000000000e+02 1.730848143756360514e+04
2.820000000000000000e+02 1.746968669616693660e+04
2.830000000000000000e+02 1.763139685532667863e+04
2.840000000000000000e+02 1.779360853991213662e+04
2.850000000000000000e+02 1.795631839724672318e+04
2.860000000000000000e+02 1.811952309706344749e+04
2.870000000000000000e+02 1.828321933145643561e+04
2.880000000000000000e+02 1.844740381482844168e+04
2.890000000000000000e+02 1.861207328383475397e+04
2.900000000000000000e+02 1.877722449732345194e+04
2.910000000000000000e+02 1.894285423627229466e+04
2.920000000000000000e+02 1.910895930372227667e+04
2.930000000000000000e+02 1.927553652470808447e+04
2.940000000000000000e+02 1.944258274618550422e+04
2.950000000000000000e+02 1.961009483695596282e+04
2.960000000000000000e+02 1.977806968758837684e+04
2.970000000000000000e+02 1.994650421033824750e+04
2.980000000000000000e+02 2.011539533906436918e+04
2.990000000000000000e+02 2.028474002914305674e+04
3.000000000000000000e+02 2.045453525738015014e+04
3.010000000000000000e+02 2.062477802192077797e+04
3.020000000000000000e+02 2.079546534215710199e+04
3.030000000000000000e+02 2.096659425863408978e+04
3.040000000000000000e+02 2.113816183295336305e+04
3.050000000000000000e+02 2.131016514767533590e+04
3.060000000000000000e+02 2.148260130621961798e+04
3.070000000000000000e+02 2.165546743276383495e+04
3.080000000000000000e+02 2.182876067214097202e+04
3.090000000000000000e+02 2.200247818973524772e+04
3.100000000000000000e+02 2.217661717137665619e+04
3.110000000000000000e+02 2.235117482323422519e+04
3.120000000000000000e+02 2.252614837170816463e+04
3.130000000000000000e+02 2.270153506332077450e+04
3.140000000000000000e+02 2.287733216460640324e+04
3.150000000000000000e+02 2.305353696200036575e+04
3.160000000000000000e+02 2.323014676172699183e+04
3.170000000000000000e+02 2.340715888968680156e+04
3.180000000000000000e+02 2.358457069134290941e+04
3.190000000000000000e+02 2.376237953160667530e+04
3.200000000000000000e+02 2.394058279472271533e+04
3.210000000000000000e+02 2.411917788415330142e+04
3.220000000000000000e+02 2.429816222246215693e+04
3.230000000000000000e+02 2.447753325119780129e+04
3.240000000000000000e+02 2.465728843077639976e+04
3.250000000000000000e+02 2.483742524036422765e+04
3.260000000000000000e+02 2.501794117775976338e+04
3.270000000000000000e+02 2.519883375927543602e+04
3.280000000000000000e+02 2.538010051961916906e+04
3.290000000000000000e+02 2.556173901177561856e+04
3.300000000000000000e+02 2.574374680688725130e+04
3.310000000000000000e+02 2.592612149413532097e+04
3.320000000000000000e+02 2.610886068062063714e+04
3.330000000000000000e+02 2.629196199124428676e+04
3.340000000000000000e+02 2.647542306858839584e+04
3.350000000000000000e+02 2.665924157279674182e+04
3.360000000000000000e+02 2.684341518145553346e+04
3.370000000000000000e+02 2.702794158947408505e+04
3.380000000000000000e+02 2.721281850896574906e+04
3.390000000000000000e+02 2.739804366912883779e+04
3.400000000000000000e+02 2.758361481612770149e+04
3.410000000000000000e+02 2.776952971297405020e+04
3.420000000000000000e+02 2.795578613940837749e+04
3.430000000000000000e+02 2.814238189178163884e+04
3.440000000000000000e+02 2.832931478293718828e+04
3.450000000000000000e+02 2.851658264209296613e+04
3.460000000000000000e+02 2.870418331472393766e+04
3.470000000000000000e+02 2.889211466244491385e+04
3.480000000000000000e+02 2.908037456289359761e+04
3.490000000000000000e+02 2.926896090961410300e+04
3.500000000000000000e+02 2.945787161194069267e+04
3.510000000000000000e+02 2.964710459488201377e+04
3.520000000000000000e+02 2.983665779900569760e+04
3.530000000000000000e+02 3.002652918032332309e+04
3.540000000000000000e+02 3.021671671017588233e+04
3.550000000000000000e+02 3.040721837511965350e+04
3.560000000000000000e+02 3.059803217681252863e+04
3.570000000000000000e+02 3.078915613190082513e+04
3.580000000000000000e+02 3.098058827190656666e+04
3.590000000000000000e+02 3.117232664311528424e+04
3.600000000000000000e+02 3.136436930646429028e+04
3.610000000000000000e+02 3.155671433743153102e+04
3.620000000000000000e+02 3.174935982592485016e+04
3.630000000000000000e+02 3.194230387617194356e+04
3.640000000000000000e+02 3.213554460661074336e+04
3.650000000000000000e+02 3.232908014978039137e+04
3.660000000000000000e+02 3.252290865221281638e+04
3.670000000000000000e+02 3.271702827432482081e+04
3.680000000000000000e+02 3.291143719031079672e+04
3.690000000000000000e+02 3.310613358803599112e+04
3.700000000000000000e+02 3.330111566893036797e+04
3.710000000000000000e+02 3.349638164788318682e+04
3.720000000000000000e+02 3.369192975313789793e+04
3.730000000000000000e+02 3.388775822618798702e+04
3.740000000000000000e+02 3.408386532167322730e+04
3.750000000000000000e+02 3.428024930727655010e+04
3.760000000000000000e+02 3.447690846362173761e+04
3.770000000000000000e+02 3.467384108417136304e+04
3.780000000000000000e+02 3.487104547512585123e+04
3.790000000000000000e+02 3.506851995532272122e+04
3.800000000000000000e+02 3.526626285613678192e+04
3.810000000000000000e+02 3.546427252138077893e+04
3.820000000000000000e+02 3.566254730720679072e+04
3.830000000000000000e+02 3.586108558200821426e+04
3.840000000000000000e+02 3.605988572632241994e+04
3.850000000000000000e+02 3.625894613273402501e+04
3.860000000000000000e+02 3.645826520577890187e+04
3.870000000000000000e+02 3.665784136184871022e+04
3.880000000000000000e+02 3.685767302909614955e+04
3.890000000000000000e+02 3.705775864734091010e+04
3.900000000000000000e+02 3.725809666797616228e+04
3.910000000000000000e+02 3.745868555387581728e+04
3.920000000000000000e+02 3.765952377930230432e+04
3.930000000000000000e+02 3.786060982981518464e+04
3.940000000000000000e+02 3.806194220218023838e+04
3.950000000000000000e+02 3.826351940427929367e+04
3.960000000000000000e+02 3.846533995502070320e+04
3.970000000000000000e+02 3.866740238425046846e+04
3.980000000000000000e+02 3.886970523266396049e+04
3.990000000000000000e+02 3.907224705171839742e+04
4.000000000000000000e+02 3.927502640354586765e+04
4.010000000000000000e+02 3.947804186086701520e+04
4.020000000000000000e+02 3.968129200690545986e+04
4.030000000000000000e+02 3.988477543530270486e+04
4.040000000000000000e+02 4.008849075003387406e+04
4.050000000000000000e+02 4.029243656532388559e+04
4.060000000000000000e+02 4.049661150556446228e+04
4.070000000000000000e+02 4.070101420523154957e+04
4.080000000000000000e+02 4.090564330880366470e+04
4.090000000000000000e+02 4.111049747068058787e+04
4.100000000000000000e+02 4.131557535510280286e+04
4.110000000000000000e+02 4.152087563607165066e+04
4.120000000000000000e+02 4.172639699726995605e+04
4.130000000000000000e+02 4.193213813198333082e+04
4.140000000000000000e+02 4.213809774302214646e+04
4.150000000000000000e+02 4.234427454264408880e+04
4.160000000000000000e+02 4.255066725247723662e+04
4.170000000000000000e+02 4.275727460344391147e+04
4.180000000000000000e+02 4.296409533568505867e+04
4.190000000000000000e+02 4.317112819848517393e+04
4.200000000000000000e+02 4.337837195019788487e+04
4.210000000000000000e+02 4.358582535817224561e+04
4.220000000000000000e+02 4.379348719867934415e+04
4.230000000000000000e+02 4.400135625683980470e+04
4.240000000000000000e+02 4.420943132655168301e+04
4.250000000000000000e+02 4.441771121041900187e+04
4.260000000000000000e+02 4.462619471968094877e+04
4.270000000000000000e+02 4.483488067414145189e+04
4.280000000000000000e+02 4.504376790209958563e+04
4.290000000000000000e+02 4.525285524028033979e+04
4.300000000000000000e+02 4.546214153376607283e+04
4.310000000000000000e+02 4.567162563592850347e+04
4.320000000000000000e+02 4.588130640836121893e+04
4.330000000000000000e+02 4.609118272081281611e+04
4.340000000000000000e+02 4.630125345112050854e+04
4.350000000000000000e+02 4.651151748514443170e+04
4.360000000000000000e+02 4.672197371670228313e+04
4.370000000000000000e+02 4.693262104750471917e+04
4.380000000000000000e+02 4.714345838709113741e+04
4.390000000000000000e+02 4.735448465276602656e+04
4.400000000000000000e+02 4.756569876953601488e+04
4.410000000000000000e+02 4.777709967004711507e+04
4.420000000000000000e+02 4.798868629452284949e+04
4.430000000000000000e+02 4.820045759070265922e+04
4.440000000000000000e+02 4.841241251378092420e+04
4.450000000000000000e+02 4.862455002634649281e+04
4.460000000000000000e+02 4.883686909832266974e+04
4.470000000000000000e+02 4.904936870690785872e+04
4.480000000000000000e+02 4.926204783651644539e+04
4.490000000000000000e+02 4.947490547872050229e+04
4.500000000000000000e+02 4.968794063219171221e+04
4.510000000000000000e+02 4.990115230264396087e+04
4.520000000000000000e+02 5.011453950277630793e+04
4.530000000000000000e+02 5.032810125221656199e+04
4.540000000000000000e+02 5.054183657746519020e+04
4.550000000000000000e+02 5.075574451183982455e+04
4.560000000000000000e+02 5.096982409542020469e+04
4.570000000000000000e+02 5.118407437499357184e+04
4.580000000000000000e+02 5.139849440400053572e+04
4.590000000000000000e+02 5.161308324248147255e+04
4.600000000000000000e+02 5.182783995702323591e+04
4.610000000000000000e+02 5.204276362070650794e+04
4.620000000000000000e+02 5.225785331305341242e+04
4.630000000000000000e+02 5.247310811997577548e+04
4.640000000000000000e+02 5.268852713372361904e+04
4.650000000000000000e+02 5.290410945283432375e+04
4.660000000000000000e+02 5.311985418208202464e+04
4.670000000000000000e+02 5.333576043242756714e+04
4.680000000000000000e+02 5.355182732096883410e+04
4.690000000000000000e+02 5.376805397089158942e+04
4.700000000000000000e+02 5.398443951142056176e+04
4.710000000000000000e+02 5.420098307777122682e+04
4.720000000000000000e+02 5.441768381110169867e+04
4.730000000000000000e+02 5.463454085846527596e+04
4.740000000000000000e+02 5.485155337276327919e+04
4.750000000000000000e+02 5.506872051269833173e+04
4.760000000000000000e+02 5.528604144272801932e+04
4.770000000000000000e+02 5.550351533301901509e+04
4.780000000000000000e+02 5.572114135940146662e+04
4.790000000000000000e+02 5.593891870332400140e+04
4.800000000000000000e+02 5.615684655180883419e+04
4.810000000000000000e+02 5.637492409740750736e+04
4.820000000000000000e+02 5.659315053815692954e+04
4.830000000000000000e+02 5.681152507753571263e+04
4.840000000000000000e+02 5.703004692442103260e+04
4.850000000000000000e+02 5.724871529304577416e+04
4.860000000000000000e+02 5.746752940295603184e+04
4.870000000000000000e+02 5.768648847896904772e+04
4.880000000000000000e+02 5.790559175113149104e+04
4.890000000000000000e+02 5.812483845467802894e+04
4.900000000000000000e+02 5.834422782999036281e+04
4.910000000000000000e+02 5.856375912255657022e+04
4.920000000000000000e+02 5.878343158293075976e+04
4.930000000000000000e+02 5.900324446669314784e+04
4.940000000000000000e+02 5.922319703441047750e+04
4.950000000000000000e+02 5.944328855159666273e+04
4.960000000000000000e+02 5.966351828867393488e+04
4.970000000000000000e+02 5.988388552093425096e+04
4.980000000000000000e+02 6.010438952850101487e+04
4.990000000000000000e+02 6.032502959629112593e+04
5.000000000000000000e+02 6.054580501397748594e+04
5.010000000000000000e+02 6.076671507595158619e+04
5.020000000000000000e+02 6.098775908128668380e+04
5.030000000000000000e+02 6.120893633370113093e+04
5.040000000000000000e+02 6.143024614152200229e+04
5.050000000000000000e+02 6.165168781764926098e+04
5.060000000000000000e+02 6.187326067951985897e+04
5.070000000000000000e+02 6.209496404907253600e+04
5.080000000000000000e+02 6.231679725271268399e+04
5.090000000000000000e+02 6.253875962127756793e+04
5.100000000000000000e+02 6.276085049000188155e+04
5.110000000000000000e+02 6.298306919848356483e+04
5.120000000000000000e+02 6.320541509064995626e+04
5.130000000000000000e+02 6.342788751472417789e+04
5.140000000000000000e+02 6.365048582319187699e+04
5.150000000000000000e+02 6.387320937276817131e+04
5.160000000000000000e+02 6.409605752436503099e+04
5.170000000000000000e+02 6.431902964305871137e+04
5.180000000000000000e+02 6.454212509805770242e+04
5.190000000000000000e+02 6.476534326267079450e+04
5.200000000000000000e+02 6.498868351427552261e+04
5.210000000000000000e+02 6.521214523428673419e+04
5.220000000000000000e+02 6.543572780812565179e+04
5.230000000000000000e+02 6.565943062518899387e+04
5.240000000000000000e+02 6.588325307881849585e+04
5.250000000000000000e+02 6.610719456627054024e+04
5.260000000000000000e+02 6.633125448868634703e+04
5.270000000000000000e+02 6.655543225106195314e+04
5.280000000000000000e+02 6.677972726221900666e+04
5.290000000000000000e+02 6.700413893477529928e+04
5.300000000000000000e+02 6.722866668511588068e+04
5.310000000000000000e+02 6.745330993336430402e+04
5.320000000000000000e+02 6.767806810335410410e+04
5.330000000000000000e+02 6.790294062260062492e+04
5.340000000000000000e+02 6.812792692227289081e+04
5.350000000000000000e+02 6.835302643716589955e+04
5.360000000000000000e+02 6.857823860567311931e+04
5.370000000000000000e+02 6.880356286975913099e+04
5.380000000000000000e+02 6.902899867493264901e+04
5.390000000000000000e+02 6.925454547021957114e+04
5.400000000000000000e+02 6.948020270813646493e+04
5.410000000000000000e+02 6.970596984466419963e+04
5.420000000000000000e+02 6.993184633922172361e+04
5.430000000000000000e+02 7.015783165464013291e+04
5.440000000000000000e+02 7.038392525713710347e+04
5.450000000000000000e+02 7.061012661629125068e+04
5.460000000000000000e+02 7.083643520501691091e+04
5.470000000000000000e+02 7.106285049953911221e+04
5.480000000000000000e+02 7.128937197936861776e+04
5.490000000000000000e+02 7.151599912727747869e+04
5.500000000000000000e+02 7.174273142927448498e+04
5.510000000000000000e+02 7.196956837458092195e+04
5.520000000000000000e+02 7.219650945560669061e+04
5.530000000000000000e+02 7.242355416792634060e+04
5.540000000000000000e+02 7.265070201025556889e+04
5.550000000000000000e+02 7.287795248442779121e+04
5.560000000000000000e+02 7.310530509537097532e+04
5.570000000000000000e+02 7.333275935108444537e+04
5.580000000000000000e+02 7.356031476261635544e+04
5.590000000000000000e+02 7.378797084404081397e+04
5.600000000000000000e+02 7.401572711243554659e+04
5.610000000000000000e+02 7.424358308785966074e+04
5.620000000000000000e+02 7.447153829333155591e+04
5.630000000000000000e+02 7.469959225480706664e+04
5.640000000000000000e+02 7.492774450115780928e+04
5.650000000000000000e+02 7.515599456414960150e+04
5.660000000000000000e+02 7.538434197842111462e+04
5.670000000000000000e+02 7.561278628146291885e+04
5.680000000000000000e+02 7.584132701359620842e+04
5.690000000000000000e+02 7.606996371795234154e+04
5.700000000000000000e+02 7.629869594045191479e+04
5.710000000000000000e+02 7.652752322978453594e+04
5.720000000000000000e+02 7.675644513738840760e+04
5.730000000000000000e+02 7.698546121743034746e+04
5.740000000000000000e+02 7.721457102678572119e+04
5.750000000000000000e+02 7.744377412501872459e+04
5.760000000000000000e+02 7.767307007436281128e+04
5.770000000000000000e+02 7.790245843970119313e+04
5.780000000000000000e+02 7.813193878854754439e+04
5.790000000000000000e+02 7.836151069102696783e+04
5.800000000000000000e+02 7.859117371985693171e+04
5.810000000000000000e+02 7.882092745032854145e+04
5.820000000000000000e+02 7.905077146028778225e+04
5.830000000000000000e+02 7.928070533011719817e+04
5.840000000000000000e+02 7.951072864271736762e+04
5.850000000000000000e+02 7.974084098348875705e+04
5.860000000000000000e+02 7.997104194031382212e+04
5.870000000000000000e+02 8.020133110353893426e+04
5.880000000000000000e+02 8.043170806595672911e+04
5.890000000000000000e+02 8.066217242278845515e+04
5.900000000000000000e+02 8.089272377166664228e+04
5.910000000000000000e+02 8.112336171261762502e+04
5.920000000000000000e+02 8.135408584804445854e+04
5.930000000000000000e+02 8.158489578271000937e+04
5.940000000000000000e+02 8.181579112371984229e+04
5.950000000000000000e+02 8.204677148050558753e+04
5.960000000000000000e+02 8.227783646480843890e+04
5.970000000000000000e+02 8.250898569066249183e+04
5.980000000000000000e+02 8.274021877437847434e+04
5.990000000000000000e+02 8.297153533452763804e+04
6.000000000000000000e+02 8.320293499192556192e+04
6.010000000000000000e+02 8.343441736961626157e+04
6.020000000000000000e+02 8.366598209285640041e+04
6.030000000000000000e+02 8.389762878909955907e+04
6.040000000000000000e+02 8.412935708798075211e+04
6.050000000000000000e+02 8.436116662130085751e+04
6.060000000000000000e+02 8.459305702301156998e+04
6.070000000000000000e+02 8.482502792919994681e+04
6.080000000000000000e+02 8.505707897807357949e+04
6.090000000000000000e+02 8.528920980994544516e+04
6.100000000000000000e+02 8.552142006721935468e+04
6.110000000000000000e+02 8.575370939437500783e+04
6.120000000000000000e+02 8.598607743795361603e+04
6.130000000000000000e+02 8.621852384654333582e+04
6.140000000000000000e+02 8.645104827076497895e+04
6.150000000000000000e+02 8.668365036325772235e+04
6.160000000000000000e+02 8.691632977866521105e+04
6.170000000000000000e+02 8.714908617362125369e+04
6.180000000000000000e+02 8.738191920673621644e+04
6.190000000000000000e+02 8.761482853858308226e+04
6.200000000000000000e+02 8.784781383168388857e+04
6.210000000000000000e+02 8.808087475049613568e+04
6.220000000000000000e+02 8.831401096139938454e+04
6.230000000000000000e+02 8.854722213268185442e+04
6.240000000000000000e+02 8.878050793452726793e+04
6.250000000000000000e+02 8.901386803900171071e+04
6.260000000000000000e+02 8.924730212004069472e+04
6.270000000000000000e+02 8.948080985343601787e+04
6.280000000000000000e+02 8.971439091682320577e+04
6.290000000000000000e+02 8.994804498966873507e+04
6.300000000000000000e+02 9.018177175325734424e+04
6.310000000000000000e+02 9.041557089067964989e+04
6.320000000000000000e+02 9.064944208681966120e+04
6.330000000000000000e+02 9.088338502834249812e+04
6.340000000000000000e+02 9.111739940368218231e+04
6.350000000000000000e+02 9.135148490302958817e+04
6.360000000000000000e+02 9.158564121832030651e+04
6.370000000000000000e+02 9.181986804322281387e+04
6.380000000000000000e+02 9.205416507312664180e+04
6.390000000000000000e+02 9.228853200513063348e+04
6.400000000000000000e+02 9.252296853803125850e+04
6.410000000000000000e+02 9.275747437231113145e+04
6.420000000000000000e+02 9.299204921012760315e+04
6.430000000000000000e+02 9.322669275530116283e+04
6.440000000000000000e+02 9.346140471330449509e+04
6.450000000000000000e+02 9.369618479125101294e+04
6.460000000000000000e+02 9.393103269788385660e+04
6.470000000000000000e+02 9.416594814356497955e+04
6.480000000000000000e+02 9.440093084026407450e+04
6.490000000000000000e+02 9.463598050154777593e+04
6.500000000000000000e+02 9.487109684256890614e+04
6.510000000000000000e+02 9.510627958005586697e+04
6.520000000000000000e+02 9.534152843230200233e+04
6.530000000000000000e+02 9.557684311915496073e+04
6.540000000000000000e+02 9.581222336200656719e+04
6.550000000000000000e+02 9.604766888378217118e+04
6.560000000000000000e+02 9.628317940893062041e+04
6.570000000000000000e+02 9.651875466341394349e+04
6.580000000000000000e+02 9.675439437469723634e+04
6.590000000000000000e+02 9.699009827173872327e+04
6.600000000000000000e+02 9.722586608497980342e+04
6.610000000000000000e+02 9.746169754633505363e+04
6.620000000000000000e+02 9.769759238918262417e+04
6.630000000000000000e+02 9.793355034835432889e+04
6.640000000000000000e+02 9.816957116012615734e+04
6.650000000000000000e+02 9.840565456220861233e+04
6.660000000000000000e+02 9.864180029373720754e+04
6.670000000000000000e+02 9.887800809526315425e+04
6.680000000000000000e+02 9.911427770874382986e+04
6.690000000000000000e+02 9.935060887753377028e+04
6.700000000000000000e+02 9.958700134637509473e+04
6.710000000000000000e+02 9.982345486138873093e+04
6.720000000000000000e+02 1.000599691700650874e+05
6.730000000000000000e+02 1.002965440212552494e+05
6.740000000000000000e+02 1.005331791651618842e+05
6.750000000000000000e+02 1.007698743533304805e+05
6.760000000000000000e+02 1.010066293386405596e+05
6.770000000000000000e+02 1.012434438752968417e+05
6.780000000000000000e+02 1.014803177188207628e+05
6.790000000000000000e+02 1.017172506260416849e+05
6.800000000000000000e+02 1.019542423550886015e+05
6.810000000000000000e+02 1.021912926653814211e+05
6.820000000000000000e+02 1.024284013176227309e+05
6.830000000000000000e+02 1.026655680737894145e+05
6.840000000000000000e+02 1.029027926971244160e+05
6.850000000000000000e+02 1.031400749521284743e+05
6.860000000000000000e+02 1.033774146045519738e+05
6.870000000000000000e+02 1.036148114213869267e+05
6.880000000000000000e+02 1.038522651708588674e+05
6.890000000000000000e+02 1.040897756224189652e+05
6.900000000000000000e+02 1.043273425467361085e+05
6.910000000000000000e+02 1.045649657156889734e+05
6.920000000000000000e+02 1.048026449023582827e+05
6.930000000000000000e+02 1.050403798810191656e+05
6.940000000000000000e+02 1.052781704271333583e+05
6.950000000000000000e+02 1.055160163173417095e+05
6.960000000000000000e+02 1.057539173294564825e+05
6.970000000000000000e+02 1.059918732424540067e+05
6.980000000000000000e+02 1.062298838364671392e+05
6.990000000000000000e+02 1.064679488927779166e+05
7.000000000000000000e+02 1.067060681938102352e+05
7.010000000000000000e+02 1.069442415231224877e+05
7.020000000000000000e+02 1.071824686654004618e+05
7.030000000000000000e+02 1.074207494064500788e+05
7.040000000000000000e+02 1.076590835331903218e+05
7.050000000000000000e+02 1.078974708336462063e+05
7.060000000000000000e+02 1.081359110969416652e+05
7.070000000000000000e+02 1.083744041132926650e+05
7.080000000000000000e+02 1.086129496740002505e+05
7.090000000000000000e+02 1.088515475714438508e+05
7.100000000000000000e+02 1.090901975990741485e+05
7.110000000000000000e+02 1.093288995514067065e+05
7.120000000000000000e+02 1.095676532240149245e+05
7.130000000000000000e+02 1.098064584135236510e+05
7.140000000000000000e+02 1.100453149176023435e+05
7.150000000000000000e+02 1.102842225349587388e+05
7.160000000000000000e+02 1.105231810653321591e+05
7.170000000000000000e+02 1.107621903094870941e+05
7.180000000000000000e+02 1.110012500692069152e+05
7.190000000000000000e+02 1.112403601472872688e+05
7.200000000000000000e+02 1.114795203475299641e+05
7.210000000000000000e+02 1.117187304747365997e+05
7.220000000000000000e+02 1.119579903347023501e+05
7.230000000000000000e+02 1.121972997342097951e+05
7.240000000000000000e+02 1.124366584810227650e+05
7.250000000000000000e+02 1.126760663838801993e+05
7.260000000000000000e+02 1.129155232524902531e+05
7.270000000000000000e+02 1.131550288975241128e+05
7.280000000000000000e+02 1.133945831306100590e+05
7.290000000000000000e+02 1.136341857643277035e+05
7.300000000000000000e+02 1.138738366122018779e+05
7.310000000000000000e+02 1.141135354886970454e+05
7.320000000000000000e+02 1.143532822092112765e+05
7.330000000000000000e+02 1.145930765900706756e+05
7.340000000000000000e+02 1.148329184485236183e+05
7.350000000000000000e+02 1.150728076027349452e+05
7.360000000000000000e+02 1.153127438717806508e+05
7.370000000000000000e+02 1.155527270756418875e+05
7.380000000000000000e+02 1.157927570351998438e+05
7.390000000000000000e+02 1.160328335722298798e+05
7.400000000000000000e+02 1.162729565093962883e+05
7.410000000000000000e+02 1.165131256702467508e+05
7.420000000000000000e+02 1.167533408792070404e+05
7.430000000000000000e+02 1.169936019615755504e+05
7.440000000000000000e+02 1.172339087435180700e+05
7.450000000000000000e+02 1.174742610520625312e+05
7.460000000000000000e+02 1.177146587150937266e+05
7.470000000000000000e+02 1.179551015613480413e+05
7.480000000000000000e+02 1.181955894204084616e+05
7.490000000000000000e+02 1.184361221226992348e+05
7.500000000000000000e+02 1.186766994994810375e+05
7.510000000000000000e+02 1.189173213828456646e+05
7.520000000000000000e+02 1.191579876057111833e+05
7.530000000000000000e+02 1.193986980018168979e+05
7.540000000000000000e+02 1.196394524057184026e+05
7.550000000000000000e+02 1.198802506527826336e+05
7.560000000000000000e+02 1.201210925791830814e+05
7.570000000000000000e+02 1.203619780218948290e+05
7.580000000000000000e+02 1.206029068186899094e+05
7.590000000000000000e+02 1.208438788081323437e+05
7.600000000000000000e+02 1.210848938295735134e+05
7.610000000000000000e+02 1.213259517231474456e+05
7.620000000000000000e+02 1.215670523297660984e+05
7.630000000000000000e+02 1.218081954911147623e+05
7.640000000000000000e+02 1.220493810496473889e+05
7.650000000000000000e+02 1.222906088485821383e+05
7.660000000000000000e+02 1.225318787318966788e+05
7.670000000000000000e+02 1.227731905443237192e+05
7.680000000000000000e+02 1.230145441313466727e+05
7.690000000000000000e+02 1.232559393391949561e+05
7.700000000000000000e+02 1.234973760148397996e+05
7.710000000000000000e+02 1.237388540059897059e+05
7.720000000000000000e+02 1.239803731610861723e+05
7.730000000000000000e+02 1.242219333292993251e+05
7.740000000000000000e+02 1.244635343605236412e+05
7.750000000000000000e+02 1.247051761053736554e+05
7.760000000000000000e+02 1.249468584151797695e+05
7.770000000000000000e+02 1.251885811419839883e+05
7.780000000000000000e+02 1.254303441385357582e+05
7.790000000000000000e+02 1.256721472582878632e+05
7.800000000000000000e+02 1.259139903553922341e+05
7.810000000000000000e+02 1.261558732846958301e+05
7.820000000000000000e+02 1.263977959017367539e+05
7.830000000000000000e+02 1.266397580627399293e+05
7.840000000000000000e+02 1.268817596246133617e+05
7.850000000000000000e+02 1.271238004449440050e+05
7.860000000000000000e+02 1.273658803819937748e+05
7.870000000000000000e+02 1.276079992946958373e+05
7.880000000000000000e+02 1.278501570426503749e+05
7.890000000000000000e+02 1.280923534861210210e+05
7.900000000000000000e+02 1.283345884860308579e+05
7.910000000000000000e+02 1.285768619039585901e+05
7.920000000000000000e+02 1.288191736021347606e+05
7.930000000000000000e+02 1.290615234434380691e+05
7.940000000000000000e+02 1.293039112913915451e+05
7.950000000000000000e+02 1.295463370101587789e+05
7.960000000000000000e+02 1.297888004645403271e+05
7.970000000000000000e+02 1.300313015199700312e+05
7.980000000000000000e+02 1.302738400425113214e+05
7.990000000000000000e+02 1.305164158988536219e+05
8.000000000000000000e+02 1.307590289563087717e+05
8.010000000000000000e+02 1.310016790828074591e+05
8.020000000000000000e+02 1.312443661468955688e+05
8.030000000000000000e+02 1.314870900177309522e+05
8.040000000000000000e+02 1.317298505650795123e+05
8.050000000000000000e+02 1.319726476593120315e+05
8.060000000000000000e+02 1.322154811714006646e+05
8.070000000000000000e+02 1.324583509729154175e+05
8.080000000000000000e+02 1.327012569360208290e+05
8.090000000000000000e+02 1.329441989334725658e+05
8.100000000000000000e+02 1.331871768386140466e+05
8.110000000000000000e+02 1.334301905253731529e+05
8.120000000000000000e+02 1.336732398682588246e+05
8.130000000000000000e+02 1.339163247423578287e+05
8.140000000000000000e+02 1.341594450233315583e+05
8.150000000000000000e+02 1.344026005874125112e+05
8.160000000000000000e+02 1.346457913114015537e+05
8.170000000000000000e+02 1.348890170726641663e+05
8.180000000000000000e+02 1.351322777491275629e+05
8.190000000000000000e+02 1.353755732192775467e+05
8.200000000000000000e+02 1.356189033621552808e+05
8.210000000000000000e+02 1.358622680573540856e+05
8.220000000000000000e+02 1.361056671850165585e+05
8.230000000000000000e+02 1.363491006258313428e+05
8.240000000000000000e+02 1.365925682610299846e+05
8.250000000000000000e+02 1.368360699723841390e+05
8.260000000000000000e+02 1.370796056422023103e+05
8.270000000000000000e+02 1.373231751533270872e+05
8.280000000000000000e+02 1.375667783891318250e+05
8.290000000000000000e+02 1.378104152335181716e+05
8.300000000000000000e+02 1.380540855709125462e+05
8.310000000000000000e+02 1.382977892862636945e+05
8.320000000000000000e+02 1.385415262650396617e+05
8.330000000000000000e+02 1.387852963932246494e+05
8.340000000000000000e+02 1.390290995573164837e+05
8.350000000000000000e+02 1.392729356443237048e+05
8.360000000000000000e+02 1.395168045417625690e+05
8.370000000000000000e+02 1.397607061376543716e+05
8.380000000000000000e+02 1.400046403205227398e+05
8.390000000000000000e+02 1.402486069793905772e+05
8.400000000000000000e+02 1.404926060037775605e+05
8.410000000000000000e+02 1.407366372836974042e+05
8.420000000000000000e+02 1.409807007096550078e+05
8.430000000000000000e+02 1.412247961726438079e+05
8.440000000000000000e+02 1.414689235641431005e+05
8.450000000000000000e+02 1.417130827761153632e+05
8.460000000000000000e+02 1.419572737010036653e+05
8.470000000000000000e+02 1.422014962317290483e+05
8.480000000000000000e+02 1.424457502616876445e+05
8.490000000000000000e+02 1.426900356847484654e+05
8.500000000000000000e+02 1.429343523952506657e+05
8.510000000000000000e+02 1.431787002880008367e+05
8.520000000000000000e+02 1.434230792582705617e+05
8.530000000000000000e+02 1.436674892017940583e+05
8.540000000000000000e+02 1.439119300147654139e+05
8.550000000000000000e+02 1.441564015938361699e+05
8.560000000000000000e+02 1.444009038361129060e+05
8.570000000000000000e+02 1.446454366391546209e+05
8.580000000000000000e+02 1.448899999009704334e+05
8.590000000000000000e+02 1.451345935200171371e+05
8.600000000000000000e+02 1.453792173951966688e+05
8.610000000000000000e+02 1.456238714258537511e+05
8.620000000000000000e+02 1.458685555117735930e+05
8.630000000000000000e+02 1.461132695531794452e+05
8.640000000000000000e+02 1.463580134507300390e+05
8.650000000000000000e+02 1.466027871055177529e+05
8.660000000000000000e+02 1.468475904190658184e+05
8.670000000000000000e+02 1.470924232933261083e+05
8.680000000000000000e+02 1.473372856306769536e+05
8.690000000000000000e+02 1.475821773339208448e+05
8.700000000000000000e+02 1.478270983062819869e+05
8.710000000000000000e+02 1.480720484514042910e+05
8.720000000000000000e+02 1.483170276733489300e+05
8.730000000000000000e+02 1.485620358765922429e+05
8.740000000000000000e+02 1.488070729660234356e+05
8.750000000000000000e+02 1.490521388469423982e+05
8.760000000000000000e+02 1.492972334250575805e+05
8.770000000000000000e+02 1.495423566064837505e+05
8.780000000000000000e+02 1.497875082977399288e+05
8.790000000000000000e+02 1.500326884057470597e+05
8.800000000000000000e+02 1.502778968378259742e+05
8.810000000000000000e+02 1.505231335016954981e+05
8.820000000000000000e+02 1.507683983054699493e+05
8.830000000000000000e+02 1.510136911576573038e+05
8.840000000000000000e+02 1.512590119671570428e+05
8.850000000000000000e+02 1.515043606432581146e+05
8.860000000000000000e+02 1.517497370956368977e+05
8.870000000000000000e+02 1.519951412343550182e+05
8.880000000000000000e+02 1.522405729698575160e+05
8.890000000000000000e+02 1.524860322129707201e+05
8.900000000000000000e+02 1.527315188749003573e+05
8.910000000000000000e+02 1.529770328672293399e+05
8.920000000000000000e+02 1.532225741019159614e+05
8.930000000000000000e+02 1.534681424912919756e+05
8.940000000000000000e+02 1.537137379480605014e+05
8.950000000000000000e+02 1.539593603852940723e+05
8.960000000000000000e+02 1.542050097164330073e+05
8.970000000000000000e+02 1.544506858552829945e+05
8.980000000000000000e+02 1.546963887160136946e+05
8.990000000000000000e+02 1.549421182131564128e+05
9.000000000000000000e+02 1.551878742616025847e+05
9.010000000000000000e+02 1.554336567766015942e+05
9.020000000000000000e+02 1.556794656737591431e+05
9.030000000000000000e+02 1.559253008690353308e+05
9.040000000000000000e+02 1.561711622787427041e+05
9.050000000000000000e+02 1.564170498195447144e+05
9.060000000000000000e+02 1.566629634084535064e+05
9.070000000000000000e+02 1.569089029628284625e+05
9.080000000000000000e+02 1.571548684003743401e+05
9.090000000000000000e+02 1.574008596391392639e+05
9.100000000000000000e+02 1.576468765975133283e+05
9.110000000000000000e+02 1.578929191942264442e+05
9.120000000000000000e+02 1.581389873483468546e+05
9.130000000000000000e+02 1.583850809792793298e+05
9.140000000000000000e+02 1.586312000067635381e+05
9.150000000000000000e+02 1.588773443508721539e+05
9.160000000000000000e+02 1.591235139320091112e+05
9.170000000000000000e+02 1.593697086709081777e+05
9.180000000000000000e+02 1.596159284886310052e+05
9.190000000000000000e+02 1.598621733065656736e+05
9.200000000000000000e+02 1.601084430464248289e+05
9.210000000000000000e+02 1.603547376302442572e+05
9.220000000000000000e+02 1.606010569803808175e+05
9.230000000000000000e+02 1.608474010195113078e+05
9.240000000000000000e+02 1.610937696706306888e+05
9.250000000000000000e+02 1.613401628570501925e+05
9.260000000000000000e+02 1.615865805023960420e+05
9.270000000000000000e+02 1.618330225306076463e+05
9.280000000000000000e+02 1.620794888659362041e+05
9.290000000000000000e+02 1.623259794329429860e+05
9.300000000000000000e+02 1.625724941564978799e+05
9.310000000000000000e+02 1.628190329617776442e+05
9.320000000000000000e+02 1.630655957742644532e+05
9.330000000000000000e+02 1.633121825197445869e+05
9.340000000000000000e+02 1.635587931243064231e+05
9.350000000000000000e+02 1.638054275143394480e+05
9.360000000000000000e+02 1.640520856165322184e+05
9.370000000000000000e+02 1.642987673578713730e+05
9.380000000000000000e+02 1.645454726656397979e+05
9.390000000000000000e+02 1.647922014674151724e+05
9.400000000000000000e+02 1.650389536910685129e+05
9.410000000000000000e+02 1.652857292647629802e+05
9.420000000000000000e+02 1.655325281169518712e+05
9.430000000000000000e+02 1.657793501763776876e+05
9.440000000000000000e+02 1.660261953720705060e+05
9.450000000000000000e+02 1.662730636333463772e+05
9.460000000000000000e+02 1.665199548898062203e+05
9.470000000000000000e+02 1.667668690713340184e+05
9.480000000000000000e+02 1.670138061080958578e+05
9.490000000000000000e+02 1.672607659305381821e+05
9.500000000000000000e+02 1.675077484693865117e+05
9.510000000000000000e+02 1.677547536556441046e+05
9.520000000000000000e+02 1.680017814205905306e+05
9.530000000000000000e+02 1.682488316957803327e+05
9.540000000000000000e+02 1.684959044130416005e+05
9.550000000000000000e+02 1.687429995044747193e+05
9.560000000000000000e+02 1.689901169024509727e+05
9.570000000000000000e+02 1.692372565396111750e+05
9.580000000000000000e+02 1.694844183488643612e+05
9.590000000000000000e+02 1.697316022633866814e+05
9.600000000000000000e+02 1.699788082166195672e+05
9.610000000000000000e+02 1.702260361422690621e+05
9.620000000000000000e+02 1.704732859743040171e+05
9.630000000000000000e+02 1.707205576469551015e+05
9.640000000000000000e+02 1.709678510947133473e+05
9.650000000000000000e+02 1.712151662523290142e+05
9.660000000000000000e+02 1.714625030548102222e+05
9.670000000000000000e+02 1.717098614374217577e+05
9.680000000000000000e+02 1.719572413356836769e+05
9.690000000000000000e+02 1.722046426853703742e+05
9.700000000000000000e+02 1.724520654225089529e+05
9.710000000000000000e+02 1.726995094833782932e+05
9.720000000000000000e+02 1.729469748045075394e+05
9.730000000000000000e+02 1.731944613226753718e+05
9.740000000000000000e+02 1.734419689749082900e+05
9.750000000000000000e+02 1.736894976984795940e+05
9.760000000000000000e+02 1.739370474309082492e+05
9.770000000000000000e+02 1.741846181099576643e+05
9.780000000000000000e+02 1.744322096736344974e+05
9.790000000000000000e+02 1.746798220601874928e+05
9.800000000000000000e+02 1.749274552081061120e+05
9.810000000000000000e+02 1.751751090561199235e+05
9.820000000000000000e+02 1.754227835431966814e+05
9.830000000000000000e+02 1.756704786085418600e+05
9.840000000000000000e+02 1.759181941915971984e+05
9.850000000000000000e+02 1.761659302320393908e+05
9.860000000000000000e+02 1.764136866697794467e+05
9.870000000000000000e+02 1.766614634449610603e+05
9.880000000000000000e+02 1.769092604979598545e+05
9.890000000000000000e+02 1.771570777693820419e+05
9.900000000000000000e+02 1.774049152000634349e+05
9.910000000000000000e+02 1.776527727310684277e+05
9.920000000000000000e+02 1.779006503036886279e+05
9.930000000000000000e+02 1.781485478594420711e+05
9.940000000000000000e+02 1.783964653400720563e+05
9.950000000000000000e+02 1.786444026875459240e+05
9.960000000000000000e+02 1.788923598440541537e+05
9.970000000000000000e+02 1.791403367520092288e+05
9.980000000000000000e+02 1.793883333540446183e+05
9.990000000000000000e+02 1.796363495930137869e+05
