# BB temperature (K); Intensity through filter (ph/s/m^2/mas^2)
1.000000000000000000e+01 0.000000000000000000e+00
1.100000000000000000e+01 0.000000000000000000e+00
1.200000000000000000e+01 0.000000000000000000e+00
1.300000000000000000e+01 0.000000000000000000e+00
1.400000000000000000e+01 0.000000000000000000e+00
1.500000000000000000e+01 0.000000000000000000e+00
1.600000000000000000e+01 0.000000000000000000e+00
1.700000000000000000e+01 0.000000000000000000e+00
1.800000000000000000e+01 0.000000000000000000e+00
1.900000000000000000e+01 0.000000000000000000e+00
2.000000000000000000e+01 0.000000000000000000e+00
2.100000000000000000e+01 5.178475270199809728e-107
2.200000000000000000e+01 4.542456794172379855e-102
2.300000000000000000e+01 1.491971746546785166e-97
2.400000000000000000e+01 2.079550089738303941e-93
2.500000000000000000e+01 1.367368293031835647e-89
2.600000000000000000e+01 4.641616161838111596e-86
2.700000000000000000e+01 8.786933993871426468e-83
2.800000000000000000e+01 9.910873520770947118e-80
2.900000000000000000e+01 7.047757682579301801e-77
3.000000000000000000e+01 3.315573698543084116e-74
3.100000000000000000e+01 1.074869663534655899e-71
3.200000000000000000e+01 2.485726767535608022e-69
3.300000000000000000e+01 4.223079883790275271e-67
3.400000000000000000e+01 5.406003465530490542e-65
3.500000000000000000e+01 5.330740515493345293e-63
3.600000000000000000e+01 4.129145113378580737e-61
3.700000000000000000e+01 2.556928777192645182e-59
3.800000000000000000e+01 1.286090603642214405e-57
3.900000000000000000e+01 5.331140160113709559e-56
4.000000000000000000e+01 1.845587572726925206e-54
4.100000000000000000e+01 5.401469182933244888e-53
4.200000000000000000e+01 1.351512123719755446e-51
4.300000000000000000e+01 2.921032842055238841e-50
4.400000000000000000e+01 5.505315003862121366e-49
4.500000000000000000e+01 9.127492381399991649e-48
4.600000000000000000e+01 1.341961652579999442e-46
4.700000000000000000e+01 1.762669431225558039e-45
4.800000000000000000e+01 2.082654701395772720e-44
4.900000000000000000e+01 2.227538007204288430e-43
5.000000000000000000e+01 2.169363886836413161e-42
5.100000000000000000e+01 1.934137494749514656e-41
5.200000000000000000e+01 1.586590592686141159e-40
5.300000000000000000e+01 1.203044298121085133e-39
5.400000000000000000e+01 8.468557935400189183e-39
5.500000000000000000e+01 5.556328009463435491e-38
5.600000000000000000e+01 3.410633654386060581e-37
5.700000000000000000e+01 1.965432507612120608e-36
5.800000000000000000e+01 1.066748829388343401e-35
5.900000000000000000e+01 5.469638919650842663e-35
6.000000000000000000e+01 2.656886116037113704e-34
6.100000000000000000e+01 1.225888929603912086e-33
6.200000000000000000e+01 5.385999121220182508e-33
6.300000000000000000e+01 2.258520842749236046e-32
6.400000000000000000e+01 9.058745891412806505e-32
6.500000000000000000e+01 3.482444155088800374e-31
6.600000000000000000e+01 1.285597663796319613e-30
6.700000000000000000e+01 4.565771948027075302e-30
6.800000000000000000e+01 1.562605081705391542e-29
6.900000000000000000e+01 5.161849043731332419e-29
7.000000000000000000e+01 1.648307052939025968e-28
7.100000000000000000e+01 5.095263637078547603e-28
7.200000000000000000e+01 1.526777343988035489e-27
7.300000000000000000e+01 4.440359769721327603e-27
7.400000000000000000e+01 1.254923291455372103e-26
7.500000000000000000e+01 3.450389788761864752e-26
7.600000000000000000e+01 9.239331152932455234e-26
7.700000000000000000e+01 2.412011932207910367e-25
7.800000000000000000e+01 6.144794072041277299e-25
7.900000000000000000e+01 1.529062685644198529e-24
8.000000000000000000e+01 3.719756035733376328e-24
8.100000000000000000e+01 8.853953081633973220e-24
8.200000000000000000e+01 2.063660901723084881e-23
8.300000000000000000e+01 4.713527312470968888e-23
8.400000000000000000e+01 1.055778776868006365e-22
8.500000000000000000e+01 2.320689343271223646e-22
8.600000000000000000e+01 5.009131445731050615e-22
8.700000000000000000e+01 1.062381074391815478e-21
8.800000000000000000e+01 2.215284717287950938e-21
8.900000000000000000e+01 4.544199203126266473e-21
9.000000000000000000e+01 9.174872866435003617e-21
9.100000000000000000e+01 1.824246739944165393e-20
9.200000000000000000e+01 3.573749312376831966e-20
9.300000000000000000e+01 6.901261075749574352e-20
9.400000000000000000e+01 1.314300893986562212e-19
9.500000000000000000e+01 2.469522087631005180e-19
9.600000000000000000e+01 4.579991791308914574e-19
9.700000000000000000e+01 8.387346533245593052e-19
9.800000000000000000e+01 1.517259648095487151e-18
9.900000000000000000e+01 2.712259592867074596e-18
1.000000000000000000e+02 4.792838689167520909e-18
1.010000000000000000e+02 8.375151709287417147e-18
1.020000000000000000e+02 1.447681999987609890e-17
1.030000000000000000e+02 2.476116579488578163e-17
1.040000000000000000e+02 4.191968188345575752e-17
1.050000000000000000e+02 7.026521896206546278e-17
1.060000000000000000e+02 1.166433981386978179e-16
1.070000000000000000e+02 1.918202778175422788e-16
1.080000000000000000e+02 3.125765482606089103e-16
1.090000000000000000e+02 5.048409653219680160e-16
1.100000000000000000e+02 8.083398018240413335e-16
1.110000000000000000e+02 1.283440102604463709e-15
1.120000000000000000e+02 2.021142823795545699e-15
1.130000000000000000e+02 3.157564353291093758e-15
1.140000000000000000e+02 4.894766583817728917e-15
1.150000000000000000e+02 7.530502324091752066e-15
1.160000000000000000e+02 1.150039337218645903e-14
1.170000000000000000e+02 1.743732869362080759e-14
1.180000000000000000e+02 2.625455625221578118e-14
1.190000000000000000e+02 3.926116621104747281e-14
1.200000000000000000e+02 5.832157908429701758e-14
1.210000000000000000e+02 8.607445216150823839e-14
1.220000000000000000e+02 1.262313401522011766e-13
1.230000000000000000e+02 1.839817870651474932e-13
1.240000000000000000e+02 2.665396492967042175e-13
1.250000000000000000e+02 3.838757992957445404e-13
1.260000000000000000e+02 5.496954758507596861e-13
1.270000000000000000e+02 7.827350856588617020e-13
1.280000000000000000e+02 1.108474009809963326e-12
1.290000000000000000e+02 1.561382873037693732e-12
1.300000000000000000e+02 2.187861920040372298e-12
1.310000000000000000e+02 3.050062949778588345e-12
1.320000000000000000e+02 4.230837266498797280e-12
1.330000000000000000e+02 5.840112175450635200e-12
1.340000000000000000e+02 8.023071860767608266e-12
1.350000000000000000e+02 1.097060757421588251e-11
1.360000000000000000e+02 1.493260988845892534e-11
1.370000000000000000e+02 2.023480574199143225e-11
1.380000000000000000e+02 2.729999905953849738e-11
1.390000000000000000e+02 3.667476038720648472e-11
1.400000000000000000e+02 4.906283339889519408e-11
1.410000000000000000e+02 6.536679019016023881e-11
1.420000000000000000e+02 8.673977965165897170e-11
1.430000000000000000e+02 1.146495814531586945e-10
1.440000000000000000e+02 1.509576107743612448e-10
1.450000000000000000e+02 1.980160254391401361e-10
1.460000000000000000e+02 2.587866782310136062e-10
1.470000000000000000e+02 3.369863448083629778e-10
1.480000000000000000e+02 4.372634550481578171e-10
1.490000000000000000e+02 5.654124775097727651e-10
1.500000000000000000e+02 7.286331692453596663e-10
1.510000000000000000e+02 9.358431242512941258e-10
1.520000000000000000e+02 1.198053453065086200e-09
1.530000000000000000e+02 1.528819024826498659e-09
1.540000000000000000e+02 1.944776524962418401e-09
1.550000000000000000e+02 2.466285652008211337e-09
1.560000000000000000e+02 3.118191123595459634e-09
1.570000000000000000e+02 3.930725814233405199e-09
1.580000000000000000e+02 4.940578338464797411e-09
1.590000000000000000e+02 6.192151757010797100e-09
1.600000000000000000e+02 7.739043857891431021e-09
1.610000000000000000e+02 9.645783689084201726e-09
1.620000000000000000e+02 1.198986373660744022e-08
1.630000000000000000e+02 1.486411239726809149e-08
1.640000000000000000e+02 1.837945723676077214e-08
1.650000000000000000e+02 2.266813600223901768e-08
1.660000000000000000e+02 2.788741952763767911e-08
1.670000000000000000e+02 3.422391858651485147e-08
1.680000000000000000e+02 4.189855547046407273e-08
1.690000000000000000e+02 5.117229066354040803e-08
1.700000000000000000e+02 6.235270550977120629e-08
1.710000000000000000e+02 7.580155329959102632e-08
1.720000000000000000e+02 9.194340380254380985e-08
1.730000000000000000e+02 1.112755200210825202e-07
1.740000000000000000e+02 1.343791209095104683e-07
1.750000000000000000e+02 1.619322000712343141e-07
1.760000000000000000e+02 1.947240880969875410e-07
1.770000000000000000e+02 2.336719653191089509e-07
1.780000000000000000e+02 2.798395524168697656e-07
1.790000000000000000e+02 3.344582286015411165e-07
1.800000000000000000e+02 3.989508511252563989e-07
1.810000000000000000e+02 4.749585756839598134e-07
1.820000000000000000e+02 5.643710050121778026e-07
1.830000000000000000e+02 6.693600226871580527e-07
1.840000000000000000e+02 7.924177009638352628e-07
1.850000000000000000e+02 9.363987054421432656e-07
1.860000000000000000e+02 1.104567655616420883e-06
1.870000000000000000e+02 1.300651938964730325e-06
1.880000000000000000e+02 1.528900517294928146e-06
1.890000000000000000e+02 1.794149307664277684e-06
1.900000000000000000e+02 2.101893766419112947e-06
1.910000000000000000e+02 2.458369353847503625e-06
1.920000000000000000e+02 2.870640608686175055e-06
1.930000000000000000e+02 3.346699616355523399e-06
1.940000000000000000e+02 3.895574712393541018e-06
1.950000000000000000e+02 4.527450323197250852e-06
1.960000000000000000e+02 5.253798909932130702e-06
1.970000000000000000e+02 6.087526048405434220e-06
1.980000000000000000e+02 7.043129747882904765e-06
1.990000000000000000e+02 8.136875185321113636e-06
2.000000000000000000e+02 9.386986108344345237e-06
2.010000000000000000e+02 1.081385424056631093e-05
2.020000000000000000e+02 1.244026810658701020e-05
2.030000000000000000e+02 1.429166278122234984e-05
2.040000000000000000e+02 1.639639215828097351e-05
2.050000000000000000e+02 1.878602542851427068e-05
2.060000000000000000e+02 2.149566955425077783e-05
2.070000000000000000e+02 2.456431962969602938e-05
2.080000000000000000e+02 2.803523912093774015e-05
2.090000000000000000e+02 3.195637208834013700e-05
2.100000000000000000e+02 3.638078960622799805e-05
2.110000000000000000e+02 4.136717271053245889e-05
2.120000000000000000e+02 4.698033432436638261e-05
2.130000000000000000e+02 5.329178273428224460e-05
2.140000000000000000e+02 6.038032931619618073e-05
2.150000000000000000e+02 6.833274333957852550e-05
2.160000000000000000e+02 7.724445681146196985e-05
2.170000000000000000e+02 8.722032245801785615e-05
2.180000000000000000e+02 9.837542808083363146e-05
2.190000000000000000e+02 1.108359706674884359e-04
2.200000000000000000e+02 1.247401937814802573e-04
2.210000000000000000e+02 1.402393919048947773e-04
2.220000000000000000e+02 1.574989855583092818e-04
2.230000000000000000e+02 1.766996711761720370e-04
2.240000000000000000e+02 1.980386498721529347e-04
2.250000000000000000e+02 2.217309393875836233e-04
2.260000000000000000e+02 2.480107736769525330e-04
2.270000000000000000e+02 2.771330947473195187e-04
2.280000000000000000e+02 3.093751415333201912e-04
2.290000000000000000e+02 3.450381407559529939e-04
2.300000000000000000e+02 3.844491048814079525e-04
2.310000000000000000e+02 4.279627424656239684e-04
2.320000000000000000e+02 4.759634863408391658e-04
2.330000000000000000e+02 5.288676452719577505e-04
2.340000000000000000e+02 5.871256848828403010e-04
2.350000000000000000e+02 6.512246438254902601e-04
2.360000000000000000e+02 7.216906913382534466e-04
2.370000000000000000e+02 7.990918325124374971e-04
2.380000000000000000e+02 8.840407677598877828e-04
2.390000000000000000e+02 9.771979131468497629e-04
2.400000000000000000e+02 1.079274588431636175e-03
2.410000000000000000e+02 1.191036379814982551e-03
2.420000000000000000e+02 1.313306684582257180e-03
2.430000000000000000e+02 1.446970444985659979e-03
2.440000000000000000e+02 1.592978078881960094e-03
2.450000000000000000e+02 1.752349614806892296e-03
2.460000000000000000e+02 1.926179039330884772e-03
2.470000000000000000e+02 2.115638864702000521e-03
2.480000000000000000e+02 2.321984924940619782e-03
2.490000000000000000e+02 2.546561408706266016e-03
2.500000000000000000e+02 2.790806137409734041e-03
2.510000000000000000e+02 3.056256097193169562e-03
2.520000000000000000e+02 3.344553233546692077e-03
2.530000000000000000e+02 3.657450517472225250e-03
2.540000000000000000e+02 3.996818292243367599e-03
2.550000000000000000e+02 4.364650909943828053e-03
2.560000000000000000e+02 4.763073667096381220e-03
2.570000000000000000e+02 5.194350048818699439e-03
2.580000000000000000e+02 5.660889291062122866e-03
2.590000000000000000e+02 6.165254270603676839e-03
2.600000000000000000e+02 6.710169732570749924e-03
2.610000000000000000e+02 7.298530865381021304e-03
2.620000000000000000e+02 7.933412233077865097e-03
2.630000000000000000e+02 8.618077075132866971e-03
2.640000000000000000e+02 9.355986983872299767e-03
2.650000000000000000e+02 1.015081196976329488e-02
2.660000000000000000e+02 1.100644092486759498e-02
2.670000000000000000e+02 1.192699249483634809e-02
2.680000000000000000e+02 1.291682636987770069e-02
2.690000000000000000e+02 1.398055500518072605e-02
2.700000000000000000e+02 1.512305578132296102e-02
2.710000000000000000e+02 1.634948361522607641e-02
2.720000000000000000e+02 1.766528403225310628e-02
2.730000000000000000e+02 1.907620671006256957e-02
2.740000000000000000e+02 2.058831950484847975e-02
2.750000000000000000e+02 2.220802297060148200e-02
2.760000000000000000e+02 2.394206538202418508e-02
2.770000000000000000e+02 2.579755827172388813e-02
2.780000000000000000e+02 2.778199249228777493e-02
2.790000000000000000e+02 2.990325481381923486e-02
2.800000000000000000e+02 3.216964506747947011e-02
2.810000000000000000e+02 3.458989384553568663e-02
2.820000000000000000e+02 3.717318076836565593e-02
2.830000000000000000e+02 3.992915332880936363e-02
2.840000000000000000e+02 4.286794632418973461e-02
2.850000000000000000e+02 4.600020188624853734e-02
2.860000000000000000e+02 4.933709011915860670e-02
2.870000000000000000e+02 5.289033035567980434e-02
2.880000000000000000e+02 5.667221304142529281e-02
2.890000000000000000e+02 6.069562225709383696e-02
2.900000000000000000e+02 6.497405888840619703e-02
2.910000000000000000e+02 6.952166445335625222e-02
2.920000000000000000e+02 7.435324559625371144e-02
2.930000000000000000e+02 7.948429925789060602e-02
2.940000000000000000e+02 8.493103853101476031e-02
2.950000000000000000e+02 9.071041921013137110e-02
2.960000000000000000e+02 9.684016704449041613e-02
2.970000000000000000e+02 1.033388057029385743e-01
2.980000000000000000e+02 1.102256854591347202e-01
2.990000000000000000e+02 1.175210126054366533e-01
3.000000000000000000e+02 1.252458796035684774e-01
3.010000000000000000e+02 1.334222959799733765e-01
3.020000000000000000e+02 1.420732199735436907e-01
3.030000000000000000e+02 1.512225909432016180e-01
3.040000000000000000e+02 1.608953625425756373e-01
3.050000000000000000e+02 1.711175366687855415e-01
3.060000000000000000e+02 1.819161981921099125e-01
3.070000000000000000e+02 1.933195504730605419e-01
3.080000000000000000e+02 2.053569516731388322e-01
3.090000000000000000e+02 2.180589518652881753e-01
3.100000000000000000e+02 2.314573309497923170e-01
3.110000000000000000e+02 2.455851373810989946e-01
3.120000000000000000e+02 2.604767277107721823e-01
3.130000000000000000e+02 2.761678069514939549e-01
3.140000000000000000e+02 2.926954697667519256e-01
3.150000000000000000e+02 3.100982424905549539e-01
3.160000000000000000e+02 3.284161259812239386e-01
3.170000000000000000e+02 3.476906393130049233e-01
3.180000000000000000e+02 3.679648643089434845e-01
3.190000000000000000e+02 3.892834909181531189e-01
3.200000000000000000e+02 4.116928634402962084e-01
3.210000000000000000e+02 4.352410275997776745e-01
3.220000000000000000e+02 4.599777784718327434e-01
3.230000000000000000e+02 4.859547092623665021e-01
3.240000000000000000e+02 5.132252609430764112e-01
3.250000000000000000e+02 5.418447727430579786e-01
3.260000000000000000e+02 5.718705334977635113e-01
3.270000000000000000e+02 6.033618338558524030e-01
3.280000000000000000e+02 6.363800193441271347e-01
3.290000000000000000e+02 6.709885442904208741e-01
3.300000000000000000e+02 7.072530266039553926e-01
3.310000000000000000e+02 7.452413034123506197e-01
3.320000000000000000e+02 7.850234875541250990e-01
3.330000000000000000e+02 8.266720249251824360e-01
3.340000000000000000e+02 8.702617526774325540e-01
3.350000000000000000e+02 9.158699582673568429e-01
3.360000000000000000e+02 9.635764393519841153e-01
3.370000000000000000e+02 1.013463564529385019e+00
3.380000000000000000e+02 1.065616334920468367e+00
3.390000000000000000e+02 1.120122446588504905e+00
3.400000000000000000e+02 1.177072353792467219e+00
3.410000000000000000e+02 1.236559333069925604e+00
3.420000000000000000e+02 1.298679548144907381e+00
3.430000000000000000e+02 1.363532115655780697e+00
3.440000000000000000e+02 1.431219171697887704e+00
3.450000000000000000e+02 1.501845939175310729e+00
3.460000000000000000e+02 1.575520795955829723e+00
3.470000000000000000e+02 1.652355343822787148e+00
3.480000000000000000e+02 1.732464478217247583e+00
3.490000000000000000e+02 1.815966458763514257e+00
3.500000000000000000e+02 1.902982980570740335e+00
3.510000000000000000e+02 1.993639246303043011e+00
3.520000000000000000e+02 2.088064039010216089e+00
3.530000000000000000e+02 2.186389795710814266e+00
3.540000000000000000e+02 2.288752681719079085e+00
3.550000000000000000e+02 2.395292665706854507e+00
3.560000000000000000e+02 2.506153595491340536e+00
3.570000000000000000e+02 2.621483274539231800e+00
3.580000000000000000e+02 2.741433539177498435e+00
3.590000000000000000e+02 2.866160336500743977e+00
3.600000000000000000e+02 2.995823802964823201e+00
3.610000000000000000e+02 3.130588343656095063e+00
3.620000000000000000e+02 3.270622712225401241e+00
3.630000000000000000e+02 3.416100091475608558e+00
3.640000000000000000e+02 3.567198174591257320e+00
3.650000000000000000e+02 3.724099246998608947e+00
3.660000000000000000e+02 3.886990268844108698e+00
3.670000000000000000e+02 4.056062958079057701e+00
3.680000000000000000e+02 4.231513874137978526e+00
3.690000000000000000e+02 4.413544502197980890e+00
3.700000000000000000e+02 4.602361338006149438e+00
3.710000000000000000e+02 4.798175973261762373e+00
3.720000000000000000e+02 5.001205181539893019e+00
3.730000000000000000e+02 5.211671004742782998e+00
3.740000000000000000e+02 5.429800840065086120e+00
3.750000000000000000e+02 5.655827527458926696e+00
3.760000000000000000e+02 5.889989437584492116e+00
3.770000000000000000e+02 6.132530560231657546e+00
3.780000000000000000e+02 6.383700593198007311e+00
3.790000000000000000e+02 6.643755031608366224e+00
3.800000000000000000e+02 6.912955257660809316e+00
3.810000000000000000e+02 7.191568630783940819e+00
3.820000000000000000e+02 7.479868578190069783e+00
3.830000000000000000e+02 7.778134685808717919e+00
3.840000000000000000e+02 8.086652789584800161e+00
3.850000000000000000e+02 8.405715067125578699e+00
3.860000000000000000e+02 8.735620129680478740e+00
3.870000000000000000e+02 9.076673114437562973e+00
3.880000000000000000e+02 9.429185777120490997e+00
3.890000000000000000e+02 9.793476584869507562e+00
3.900000000000000000e+02 1.016987080939005672e+01
3.910000000000000000e+02 1.055870062035235790e+01
3.920000000000000000e+02 1.096030517902524792e+01
3.930000000000000000e+02 1.137503073212754856e+01
3.940000000000000000e+02 1.180323070587995637e+01
3.950000000000000000e+02 1.224526580024062206e+01
3.960000000000000000e+02 1.270150408330724900e+01
3.970000000000000000e+02 1.317232108586863504e+01
3.980000000000000000e+02 1.365809989608849051e+01
3.990000000000000000e+02 1.415923125430427021e+01
4.000000000000000000e+02 1.467611364792368533e+01
4.010000000000000000e+02 1.520915340640162583e+01
4.020000000000000000e+02 1.575876479628005633e+01
4.030000000000000000e+02 1.632537011627349344e+01
4.040000000000000000e+02 1.690939979238261159e+01
4.050000000000000000e+02 1.751129247301854264e+01
4.060000000000000000e+02 1.813149512412034170e+01
4.070000000000000000e+02 1.877046312424820940e+01
4.080000000000000000e+02 1.942866035963488258e+01
4.090000000000000000e+02 2.010655931917784756e+01
4.100000000000000000e+02 2.080464118935473294e+01
4.110000000000000000e+02 2.152339594904458053e+01
4.120000000000000000e+02 2.226332246423747208e+01
4.130000000000000000e+02 2.302492858261509667e+01
4.140000000000000000e+02 2.380873122798493213e+01
4.150000000000000000e+02 2.461525649455063203e+01
4.160000000000000000e+02 2.544503974100141619e+01
4.170000000000000000e+02 2.629862568440312032e+01
4.180000000000000000e+02 2.717656849387370954e+01
4.190000000000000000e+02 2.807943188402628465e+01
4.200000000000000000e+02 2.900778920816226503e+01
4.210000000000000000e+02 2.996222355119793690e+01
4.220000000000000000e+02 3.094332782230737777e+01
4.230000000000000000e+02 3.195170484726492077e+01
4.240000000000000000e+02 3.298796746047032968e+01
4.250000000000000000e+02 3.405273859664018232e+01
4.260000000000000000e+02 3.514665138214868989e+01
4.270000000000000000e+02 3.627034922600168443e+01
4.280000000000000000e+02 3.742448591042712280e+01
4.290000000000000000e+02 3.860972568106613778e+01
4.300000000000000000e+02 3.982674333674834344e+01
4.310000000000000000e+02 4.107622431883532954e+01
4.320000000000000000e+02 4.235886480011644295e+01
4.330000000000000000e+02 4.367537177324121700e+01
4.340000000000000000e+02 4.502646313867245453e+01
4.350000000000000000e+02 4.641286779214492952e+01
4.360000000000000000e+02 4.783532571161376268e+01
4.370000000000000000e+02 4.929458804367766334e+01
4.380000000000000000e+02 5.079141718946168993e+01
4.390000000000000000e+02 5.232658688994463603e+01
4.400000000000000000e+02 5.390088231071628400e+01
4.410000000000000000e+02 5.551510012614982514e+01
4.420000000000000000e+02 5.717004860297484470e+01
4.430000000000000000e+02 5.886654768323674602e+01
4.440000000000000000e+02 6.060542906662838192e+01
4.450000000000000000e+02 6.238753629217973895e+01
4.460000000000000000e+02 6.421372481929192588e+01
4.470000000000000000e+02 6.608486210810207240e+01
4.480000000000000000e+02 6.800182769916497705e+01
4.490000000000000000e+02 6.996551329243911255e+01
4.500000000000000000e+02 7.197682282556301914e+01
4.510000000000000000e+02 7.403667255140956627e+01
4.520000000000000000e+02 7.614599111490539940e+01
4.530000000000000000e+02 7.830571962910262585e+01
4.540000000000000000e+02 8.051681175049080252e+01
4.550000000000000000e+02 8.278023375353654956e+01
4.560000000000000000e+02 8.509696460443936417e+01
4.570000000000000000e+02 8.746799603409120039e+01
4.580000000000000000e+02 8.989433261022874433e+01
4.590000000000000000e+02 9.237699180876659000e+01
4.600000000000000000e+02 9.491700408430048697e+01
4.610000000000000000e+02 9.751541293976919178e+01
4.620000000000000000e+02 1.001732749952646344e+02
4.630000000000000000e+02 1.028916600559791306e+02
4.640000000000000000e+02 1.056716511792802464e+02
4.650000000000000000e+02 1.085143447409019615e+02
4.660000000000000000e+02 1.114208505002430627e+02
4.670000000000000000e+02 1.143922916647626096e+02
4.680000000000000000e+02 1.174298049534627921e+02
4.690000000000000000e+02 1.205345406594504425e+02
4.700000000000000000e+02 1.237076627115669964e+02
4.710000000000000000e+02 1.269503487350793876e+02
4.720000000000000000e+02 1.302637901114215992e+02
4.730000000000000000e+02 1.336491920369798549e+02
4.740000000000000000e+02 1.371077735809119815e+02
4.750000000000000000e+02 1.406407677419939546e+02
4.760000000000000000e+02 1.442494215044843600e+02
4.770000000000000000e+02 1.479349958930009166e+02
4.780000000000000000e+02 1.516987660264000510e+02
4.790000000000000000e+02 1.555420211706530154e+02
4.800000000000000000e+02 1.594660647907120108e+02
4.810000000000000000e+02 1.634722146013581892e+02
4.820000000000000000e+02 1.675618026170266148e+02
4.830000000000000000e+02 1.717361752006004849e+02
4.840000000000000000e+02 1.759966931111693782e+02
4.850000000000000000e+02 1.803447315507448820e+02
4.860000000000000000e+02 1.847816802099286519e+02
4.870000000000000000e+02 1.893089433125268215e+02
4.880000000000000000e+02 1.939279396591054478e+02
4.890000000000000000e+02 1.986401026694828147e+02
4.900000000000000000e+02 2.034468804241523685e+02
4.910000000000000000e+02 2.083497357046328204e+02
4.920000000000000000e+02 2.133501460327403834e+02
4.930000000000000000e+02 2.184496037087789659e+02
4.940000000000000000e+02 2.236496158486446006e+02
4.950000000000000000e+02 2.289517044198398139e+02
4.960000000000000000e+02 2.343574062763950110e+02
4.970000000000000000e+02 2.398682731926926976e+02
4.980000000000000000e+02 2.454858718961920090e+02
4.990000000000000000e+02 2.512117840990502486e+02
5.000000000000000000e+02 2.570476065286385392e+02
5.010000000000000000e+02 2.629949509569493102e+02
5.020000000000000000e+02 2.690554442288933501e+02
5.030000000000000000e+02 2.752307282894835225e+02
5.040000000000000000e+02 2.815224602099037838e+02
5.050000000000000000e+02 2.879323122124617953e+02
5.060000000000000000e+02 2.944619716944231413e+02
5.070000000000000000e+02 3.011131412507261302e+02
5.080000000000000000e+02 3.078875386955749605e+02
5.090000000000000000e+02 3.147868970829125033e+02
5.100000000000000000e+02 3.218129647257691204e+02
5.110000000000000000e+02 3.289675052144888241e+02
5.120000000000000000e+02 3.362522974338315862e+02
5.130000000000000000e+02 3.436691355789514546e+02
5.140000000000000000e+02 3.512198291702511597e+02
5.150000000000000000e+02 3.589062030671115622e+02
5.160000000000000000e+02 3.667300974804990119e+02
5.170000000000000000e+02 3.746933679844478320e+02
5.180000000000000000e+02 3.827978855264215099e+02
5.190000000000000000e+02 3.910455364365514015e+02
5.200000000000000000e+02 3.994382224357544828e+02
5.210000000000000000e+02 4.079778606427319119e+02
5.220000000000000000e+02 4.166663835798488549e+02
5.230000000000000000e+02 4.255057391778977376e+02
5.240000000000000000e+02 4.344978907797461716e+02
5.250000000000000000e+02 4.436448171428714886e+02
5.260000000000000000e+02 4.529485124407835883e+02
5.270000000000000000e+02 4.624109862633393959e+02
5.280000000000000000e+02 4.720342636159488166e+02
5.290000000000000000e+02 4.818203849176782114e+02
5.300000000000000000e+02 4.917714059982498611e+02
5.310000000000000000e+02 5.018893980939437824e+02
5.320000000000000000e+02 5.121764478424028084e+02
5.330000000000000000e+02 5.226346572763441145e+02
5.340000000000000000e+02 5.332661438161812839e+02
5.350000000000000000e+02 5.440730402615592993e+02
5.360000000000000000e+02 5.550574947818072360e+02
5.370000000000000000e+02 5.662216709053101340e+02
5.380000000000000000e+02 5.775677475078056204e+02
5.390000000000000000e+02 5.890979187996092605e+02
5.400000000000000000e+02 6.008143943117715935e+02
5.410000000000000000e+02 6.127193988811714007e+02
5.420000000000000000e+02 6.248151726345490715e+02
5.430000000000000000e+02 6.371039709714864330e+02
5.440000000000000000e+02 6.495880645463355449e+02
5.450000000000000000e+02 6.622697392491003257e+02
5.460000000000000000e+02 6.751512961852795343e+02
5.470000000000000000e+02 6.882350516546720200e+02
5.480000000000000000e+02 7.015233371291518552e+02
5.490000000000000000e+02 7.150184992294171025e+02
5.500000000000000000e+02 7.287228997007181306e+02
5.510000000000000000e+02 7.426389153875702505e+02
5.520000000000000000e+02 7.567689382074576088e+02
5.530000000000000000e+02 7.711153751235312939e+02
5.540000000000000000e+02 7.856806481163102944e+02
5.550000000000000000e+02 8.004671941543890625e+02
5.560000000000000000e+02 8.154774651641578203e+02
5.570000000000000000e+02 8.307139279985428857e+02
5.580000000000000000e+02 8.461790644047714522e+02
5.590000000000000000e+02 8.618753709911678698e+02
5.600000000000000000e+02 8.778053591929868844e+02
5.610000000000000000e+02 8.939715552372932734e+02
5.620000000000000000e+02 9.103765001068879883e+02
5.630000000000000000e+02 9.270227495032945626e+02
5.640000000000000000e+02 9.439128738088077171e+02
5.650000000000000000e+02 9.610494580476110968e+02
5.660000000000000000e+02 9.784351018459748275e+02
5.670000000000000000e+02 9.960724193915334581e+02
5.680000000000000000e+02 1.013964039391657252e+03
5.690000000000000000e+02 1.032112605030920804e+03
5.700000000000000000e+02 1.050520773927673417e+03
5.710000000000000000e+02 1.069191218089727727e+03
5.720000000000000000e+02 1.088126623869160085e+03
5.730000000000000000e+02 1.107329691916242609e+03
5.740000000000000000e+02 1.126803137132507800e+03
5.750000000000000000e+02 1.146549688622952090e+03
5.760000000000000000e+02 1.166572089647390840e+03
5.770000000000000000e+02 1.186873097570967275e+03
5.780000000000000000e+02 1.207455483813826504e+03
5.790000000000000000e+02 1.228322033799961901e+03
5.800000000000000000e+02 1.249475546905234751e+03
5.810000000000000000e+02 1.270918836404588774e+03
5.820000000000000000e+02 1.292654729418453144e+03
5.830000000000000000e+02 1.314686066858349477e+03
5.840000000000000000e+02 1.337015703371709606e+03
5.850000000000000000e+02 1.359646507285910502e+03
5.860000000000000000e+02 1.382581360551537045e+03
5.870000000000000000e+02 1.405823158684875125e+03
5.880000000000000000e+02 1.429374810709650546e+03
5.890000000000000000e+02 1.453239239098015105e+03
5.900000000000000000e+02 1.477419379710794146e+03
5.910000000000000000e+02 1.501918181736996758e+03
5.920000000000000000e+02 1.526738607632603362e+03
5.930000000000000000e+02 1.551883633058633905e+03
5.940000000000000000e+02 1.577356246818508453e+03
5.950000000000000000e+02 1.603159450794705663e+03
5.960000000000000000e+02 1.629296259884730716e+03
5.970000000000000000e+02 1.655769701936395904e+03
5.980000000000000000e+02 1.682582817682427958e+03
5.990000000000000000e+02 1.709738660674406674e+03
6.000000000000000000e+02 1.737240297216045292e+03
6.010000000000000000e+02 1.765090806295816265e+03
6.020000000000000000e+02 1.793293279518940381e+03
6.030000000000000000e+02 1.821850821038737195e+03
6.040000000000000000e+02 1.850766547487352454e+03
6.050000000000000000e+02 1.880043587905865479e+03
6.060000000000000000e+02 1.909685083673790587e+03
6.070000000000000000e+02 1.939694188437977118e+03
6.080000000000000000e+02 1.970074068040917609e+03
6.090000000000000000e+02 2.000827900448471382e+03
6.100000000000000000e+02 2.031958875677014476e+03
6.110000000000000000e+02 2.063470195720025004e+03
6.120000000000000000e+02 2.095365074474103039e+03
6.130000000000000000e+02 2.127646737664452758e+03
6.140000000000000000e+02 2.160318422769811605e+03
6.150000000000000000e+02 2.193383378946853554e+03
6.160000000000000000e+02 2.226844866954070312e+03
6.170000000000000000e+02 2.260706159075125925e+03
6.180000000000000000e+02 2.294970539041718439e+03
6.190000000000000000e+02 2.329641301955931340e+03
6.200000000000000000e+02 2.364721754212101587e+03
6.210000000000000000e+02 2.400215213418201984e+03
6.220000000000000000e+02 2.436125008316751519e+03
6.230000000000000000e+02 2.472454478705259589e+03
6.240000000000000000e+02 2.509206975356215480e+03
6.250000000000000000e+02 2.546385859936626275e+03
6.260000000000000000e+02 2.583994504927119124e+03
6.270000000000000000e+02 2.622036293540606948e+03
6.280000000000000000e+02 2.660514619640535329e+03
6.290000000000000000e+02 2.699432887658712389e+03
6.300000000000000000e+02 2.738794512512729398e+03
6.310000000000000000e+02 2.778602919522988941e+03
6.320000000000000000e+02 2.818861544329337903e+03
6.330000000000000000e+02 2.859573832807319832e+03
6.340000000000000000e+02 2.900743240984054864e+03
6.350000000000000000e+02 2.942373234953753581e+03
6.360000000000000000e+02 2.984467290792870244e+03
6.370000000000000000e+02 3.027028894474914523e+03
6.380000000000000000e+02 3.070061541784911242e+03
6.390000000000000000e+02 3.113568738233538170e+03
6.400000000000000000e+02 3.157553998970931389e+03
6.410000000000000000e+02 3.202020848700176430e+03
6.420000000000000000e+02 3.246972821590489275e+03
6.430000000000000000e+02 3.292413461190098133e+03
6.440000000000000000e+02 3.338346320338828264e+03
6.450000000000000000e+02 3.384774961080409412e+03
6.460000000000000000e+02 3.431702954574497198e+03
6.470000000000000000e+02 3.479133881008429853e+03
6.480000000000000000e+02 3.527071329508718918e+03
6.490000000000000000e+02 3.575518898052299392e+03
6.500000000000000000e+02 3.624480193377508385e+03
6.510000000000000000e+02 3.673958830894853236e+03
6.520000000000000000e+02 3.723958434597529958e+03
6.530000000000000000e+02 3.774482636971726606e+03
6.540000000000000000e+02 3.825535078906709714e+03
6.550000000000000000e+02 3.877119409604697466e+03
6.560000000000000000e+02 3.929239286490542781e+03
6.570000000000000000e+02 3.981898375121213576e+03
6.580000000000000000e+02 4.035100349095091133e+03
6.590000000000000000e+02 4.088848889961090663e+03
6.600000000000000000e+02 4.143147687127609970e+03
6.610000000000000000e+02 4.198000437771317593e+03
6.620000000000000000e+02 4.253410846745777235e+03
6.630000000000000000e+02 4.309382626489928953e+03
6.640000000000000000e+02 4.365919496936428004e+03
6.650000000000000000e+02 4.423025185419847730e+03
6.660000000000000000e+02 4.480703426584751469e+03
6.670000000000000000e+02 4.538957962293652599e+03
6.680000000000000000e+02 4.597792541534849988e+03
6.690000000000000000e+02 4.657210920330159752e+03
6.700000000000000000e+02 4.717216861642556978e+03
6.710000000000000000e+02 4.777814135283708310e+03
6.720000000000000000e+02 4.839006517821432681e+03
6.730000000000000000e+02 4.900797792487068364e+03
6.740000000000000000e+02 4.963191749082785464e+03
6.750000000000000000e+02 5.026192183888810177e+03
6.760000000000000000e+02 5.089802899570610862e+03
6.770000000000000000e+02 5.154027705086017704e+03
6.780000000000000000e+02 5.218870415592297832e+03
6.790000000000000000e+02 5.284334852353196766e+03
6.800000000000000000e+02 5.350424842645939862e+03
6.810000000000000000e+02 5.417144219668208279e+03
6.820000000000000000e+02 5.484496822445092221e+03
6.830000000000000000e+02 5.552486495736043253e+03
6.840000000000000000e+02 5.621117089941791164e+03
6.850000000000000000e+02 5.690392461011287196e+03
6.860000000000000000e+02 5.760316470348636358e+03
6.870000000000000000e+02 5.830892984720037930e+03
6.880000000000000000e+02 5.902125876160750522e+03
6.890000000000000000e+02 5.974019021882068955e+03
6.900000000000000000e+02 6.046576304178350256e+03
6.910000000000000000e+02 6.119801610334039651e+03
6.920000000000000000e+02 6.193698832530768414e+03
6.930000000000000000e+02 6.268271867754479899e+03
6.940000000000000000e+02 6.343524617702609248e+03
6.950000000000000000e+02 6.419460988691325838e+03
6.960000000000000000e+02 6.496084891562826670e+03
6.970000000000000000e+02 6.573400241592713428e+03
6.980000000000000000e+02 6.651410958397427748e+03
6.990000000000000000e+02 6.730120965841779253e+03
7.000000000000000000e+02 6.809534191946543615e+03
7.010000000000000000e+02 6.889654568796163403e+03
7.020000000000000000e+02 6.970486032446533500e+03
7.030000000000000000e+02 7.052032522832897484e+03
7.040000000000000000e+02 7.134297983677840421e+03
7.050000000000000000e+02 7.217286362399393511e+03
7.060000000000000000e+02 7.301001610019262444e+03
7.070000000000000000e+02 7.385447681071162151e+03
7.080000000000000000e+02 7.470628533509295266e+03
7.090000000000000000e+02 7.556548128616946997e+03
7.100000000000000000e+02 7.643210430915214602e+03
7.110000000000000000e+02 7.730619408071896942e+03
7.120000000000000000e+02 7.818779030810501354e+03
7.130000000000000000e+02 7.907693272819418780e+03
7.140000000000000000e+02 7.997366110661256243e+03
7.150000000000000000e+02 8.087801523682308471e+03
7.160000000000000000e+02 8.179003493922218695e+03
7.170000000000000000e+02 8.270976006023782247e+03
7.180000000000000000e+02 8.363723047142944779e+03
7.190000000000000000e+02 8.457248606858967833e+03
7.200000000000000000e+02 8.551556677084772673e+03
7.210000000000000000e+02 8.646651251977480570e+03
7.220000000000000000e+02 8.742536327849120426e+03
7.230000000000000000e+02 8.839215903077571056e+03
7.240000000000000000e+02 8.936693978017654445e+03
7.250000000000000000e+02 9.034974554912467283e+03
7.260000000000000000e+02 9.134061637804908969e+03
7.270000000000000000e+02 9.233959232449402407e+03
7.280000000000000000e+02 9.334671346223862201e+03
7.290000000000000000e+02 9.436201988041852019e+03
7.300000000000000000e+02 9.538555168264978420e+03
7.310000000000000000e+02 9.641734898615515704e+03
7.320000000000000000e+02 9.745745192089236298e+03
7.330000000000000000e+02 9.850590062868510358e+03
7.340000000000000000e+02 9.956273526235607278e+03
7.350000000000000000e+02 1.006279959848627004e+04
7.360000000000000000e+02 1.017017229684350605e+04
7.370000000000000000e+02 1.027839563937163621e+04
7.380000000000000000e+02 1.038747364489060965e+04
7.390000000000000000e+02 1.049741033289054758e+04
7.400000000000000000e+02 1.060820972344656366e+04
7.410000000000000000e+02 1.071987583713384447e+04
7.420000000000000000e+02 1.083241269494297921e+04
7.430000000000000000e+02 1.094582431819556950e+04
7.440000000000000000e+02 1.106011472846012293e+04
7.450000000000000000e+02 1.117528794746818858e+04
7.460000000000000000e+02 1.129134799703079261e+04
7.470000000000000000e+02 1.140829889895515225e+04
7.480000000000000000e+02 1.152614467496166799e+04
7.490000000000000000e+02 1.164488934660120140e+04
7.500000000000000000e+02 1.176453693517263673e+04
7.510000000000000000e+02 1.188509146164075901e+04
7.520000000000000000e+02 1.200655694655439220e+04
7.530000000000000000e+02 1.212893740996484848e+04
7.540000000000000000e+02 1.225223687134469219e+04
7.550000000000000000e+02 1.237645934950679293e+04
7.560000000000000000e+02 1.250160886252366981e+04
7.570000000000000000e+02 1.262768942764717212e+04
7.580000000000000000e+02 1.275470506122845109e+04
7.590000000000000000e+02 1.288265977863825174e+04
7.600000000000000000e+02 1.301155759418750858e+04
7.610000000000000000e+02 1.314140252104827960e+04
7.620000000000000000e+02 1.327219857117498032e+04
7.630000000000000000e+02 1.340394975522594905e+04
7.640000000000000000e+02 1.353666008248533217e+04
7.650000000000000000e+02 1.367033356078530778e+04
7.660000000000000000e+02 1.380497419642861132e+04
7.670000000000000000e+02 1.394058599411141768e+04
7.680000000000000000e+02 1.407717295684656347e+04
7.690000000000000000e+02 1.421473908588706399e+04
7.700000000000000000e+02 1.435328838064999036e+04
7.710000000000000000e+02 1.449282483864071037e+04
7.720000000000000000e+02 1.463335245537741866e+04
7.730000000000000000e+02 1.477487522431606340e+04
7.740000000000000000e+02 1.491739713677556028e+04
7.750000000000000000e+02 1.506092218186340324e+04
7.760000000000000000e+02 1.520545434640159692e+04
7.770000000000000000e+02 1.535099761485294221e+04
7.780000000000000000e+02 1.549755596924767087e+04
7.790000000000000000e+02 1.564513338911044775e+04
7.800000000000000000e+02 1.579373385138770936e+04
7.810000000000000000e+02 1.594336133037535001e+04
7.820000000000000000e+02 1.609401979764682437e+04
7.830000000000000000e+02 1.624571322198150847e+04
7.840000000000000000e+02 1.639844556929351893e+04
7.850000000000000000e+02 1.655222080256084155e+04
7.860000000000000000e+02 1.670704288175483089e+04
7.870000000000000000e+02 1.686291576377005913e+04
7.880000000000000000e+02 1.701984340235459968e+04
7.890000000000000000e+02 1.717782974804055993e+04
7.900000000000000000e+02 1.733687874807511253e+04
7.910000000000000000e+02 1.749699434635177749e+04
7.920000000000000000e+02 1.765818048334215564e+04
7.930000000000000000e+02 1.782044109602803292e+04
7.940000000000000000e+02 1.798378011783376132e+04
7.950000000000000000e+02 1.814820147855915275e+04
7.960000000000000000e+02 1.831370910431264201e+04
7.970000000000000000e+02 1.848030691744486103e+04
7.980000000000000000e+02 1.864799883648260220e+04
7.990000000000000000e+02 1.881678877606314927e+04
8.000000000000000000e+02 1.898668064686895377e+04
8.010000000000000000e+02 1.915767835556276259e+04
8.020000000000000000e+02 1.932978580472304748e+04
8.030000000000000000e+02 1.950300689277986748e+04
8.040000000000000000e+02 1.967734551395108429e+04
8.050000000000000000e+02 1.985280555817899221e+04
8.060000000000000000e+02 2.002939091106727938e+04
8.070000000000000000e+02 2.020710545381842167e+04
8.080000000000000000e+02 2.038595306317142968e+04
8.090000000000000000e+02 2.056593761133999942e+04
8.100000000000000000e+02 2.074706296595104141e+04
8.110000000000000000e+02 2.092933298998358077e+04
8.120000000000000000e+02 2.111275154170805763e+04
8.130000000000000000e+02 2.129732247462601663e+04
8.140000000000000000e+02 2.148304963741018219e+04
8.150000000000000000e+02 2.166993687384490840e+04
8.160000000000000000e+02 2.185798802276701826e+04
8.170000000000000000e+02 2.204720691800706845e+04
8.180000000000000000e+02 2.223759738833092342e+04
8.190000000000000000e+02 2.242916325738180603e+04
8.200000000000000000e+02 2.262190834362267560e+04
8.210000000000000000e+02 2.281583646027902068e+04
8.220000000000000000e+02 2.301095141528203749e+04
8.230000000000000000e+02 2.320725701121219026e+04
8.240000000000000000e+02 2.340475704524316097e+04
8.250000000000000000e+02 2.360345530908622459e+04
8.260000000000000000e+02 2.380335558893493362e+04
8.270000000000000000e+02 2.400446166541027924e+04
8.280000000000000000e+02 2.420677731350619433e+04
8.290000000000000000e+02 2.441030630253544950e+04
8.300000000000000000e+02 2.461505239607595649e+04
8.310000000000000000e+02 2.482101935191743542e+04
8.320000000000000000e+02 2.502821092200848943e+04
8.330000000000000000e+02 2.523663085240409418e+04
8.340000000000000000e+02 2.544628288321340733e+04
8.350000000000000000e+02 2.565717074854801467e+04
8.360000000000000000e+02 2.586929817647058371e+04
8.370000000000000000e+02 2.608266888894384829e+04
8.380000000000000000e+02 2.629728660178005521e+04
8.390000000000000000e+02 2.651315502459069830e+04
8.400000000000000000e+02 2.673027786073677999e+04
8.410000000000000000e+02 2.694865880727928743e+04
8.420000000000000000e+02 2.716830155493023631e+04
8.430000000000000000e+02 2.738920978800395824e+04
8.440000000000000000e+02 2.761138718436885392e+04
8.450000000000000000e+02 2.783483741539952462e+04
8.460000000000000000e+02 2.805956414592924193e+04
8.470000000000000000e+02 2.828557103420286512e+04
8.480000000000000000e+02 2.851286173183010760e+04
8.490000000000000000e+02 2.874143988373920001e+04
8.500000000000000000e+02 2.897130912813094255e+04
8.510000000000000000e+02 2.920247309643309927e+04
8.520000000000000000e+02 2.943493541325524711e+04
8.530000000000000000e+02 2.966869969634397785e+04
8.540000000000000000e+02 2.990376955653843470e+04
8.550000000000000000e+02 3.014014859772629279e+04
8.560000000000000000e+02 3.037784041680011796e+04
8.570000000000000000e+02 3.061684860361406754e+04
8.580000000000000000e+02 3.085717674094097310e+04
8.590000000000000000e+02 3.109882840442987072e+04
8.600000000000000000e+02 3.134180716256383312e+04
8.610000000000000000e+02 3.158611657661820209e+04
8.620000000000000000e+02 3.183176020061919553e+04
8.630000000000000000e+02 3.207874158130295473e+04
8.640000000000000000e+02 3.232706425807482447e+04
8.650000000000000000e+02 3.257673176296919701e+04
8.660000000000000000e+02 3.282774762060953071e+04
8.670000000000000000e+02 3.308011534816892527e+04
8.680000000000000000e+02 3.333383845533093699e+04
8.690000000000000000e+02 3.358892044425085624e+04
8.700000000000000000e+02 3.384536480951726116e+04
8.710000000000000000e+02 3.410317503811404458e+04
8.720000000000000000e+02 3.436235460938274628e+04
8.730000000000000000e+02 3.462290699498528556e+04
8.740000000000000000e+02 3.488483565886702127e+04
8.750000000000000000e+02 3.514814405722024821e+04
8.760000000000000000e+02 3.541283563844795572e+04
8.770000000000000000e+02 3.567891384312807349e+04
8.780000000000000000e+02 3.594638210397801595e+04
8.790000000000000000e+02 3.621524384581956110e+04
8.800000000000000000e+02 3.648550248554412974e+04
8.810000000000000000e+02 3.675716143207847199e+04
8.820000000000000000e+02 3.703022408635063766e+04
8.830000000000000000e+02 3.730469384125632496e+04
8.840000000000000000e+02 3.758057408162560750e+04
8.850000000000000000e+02 3.785786818419002520e+04
8.860000000000000000e+02 3.813657951755000977e+04
8.870000000000000000e+02 3.841671144214265223e+04
8.880000000000000000e+02 3.869826731020988518e+04
8.890000000000000000e+02 3.898125046576695604e+04
8.900000000000000000e+02 3.926566424457127141e+04
8.910000000000000000e+02 3.955151197409163433e+04
8.920000000000000000e+02 3.983879697347775073e+04
8.930000000000000000e+02 4.012752255353017244e+04
8.940000000000000000e+02 4.041769201667051675e+04
8.950000000000000000e+02 4.070930865691207873e+04
8.960000000000000000e+02 4.100237575983080023e+04
8.970000000000000000e+02 4.129689660253649345e+04
8.980000000000000000e+02 4.159287445364452287e+04
8.990000000000000000e+02 4.189031257324781473e+04
9.000000000000000000e+02 4.218921421288907732e+04
9.010000000000000000e+02 4.248958261553353805e+04
9.020000000000000000e+02 4.279142101554191322e+04
9.030000000000000000e+02 4.309473263864374894e+04
9.040000000000000000e+02 4.339952070191108214e+04
9.050000000000000000e+02 4.370578841373247269e+04
9.060000000000000000e+02 4.401353897378730471e+04
9.070000000000000000e+02 4.432277557302052446e+04
9.080000000000000000e+02 4.463350139361756737e+04
9.090000000000000000e+02 4.494571960897978715e+04
9.100000000000000000e+02 4.525943338370004494e+04
9.110000000000000000e+02 4.557464587353874231e+04
9.120000000000000000e+02 4.589136022540016711e+04
9.130000000000000000e+02 4.620957957730909402e+04
9.140000000000000000e+02 4.652930705838779977e+04
9.150000000000000000e+02 4.685054578883333306e+04
9.160000000000000000e+02 4.717329887989516283e+04
9.170000000000000000e+02 4.749756943385308114e+04
9.180000000000000000e+02 4.782336054399551358e+04
9.190000000000000000e+02 4.815067529459806974e+04
9.200000000000000000e+02 4.847951676090239926e+04
9.210000000000000000e+02 4.880988800909549900e+04
9.220000000000000000e+02 4.914179209628915851e+04
9.230000000000000000e+02 4.947523207049983466e+04
9.240000000000000000e+02 4.981021097062878835e+04
9.250000000000000000e+02 5.014673182644254848e+04
9.260000000000000000e+02 5.048479765855369624e+04
9.270000000000000000e+02 5.082441147840191115e+04
9.280000000000000000e+02 5.116557628823541745e+04
9.290000000000000000e+02 5.150829508109258313e+04
9.300000000000000000e+02 5.185257084078402113e+04
9.310000000000000000e+02 5.219840654187477776e+04
9.320000000000000000e+02 5.254580514966700139e+04
9.330000000000000000e+02 5.289476962018282211e+04
9.340000000000000000e+02 5.324530290014756611e+04
9.350000000000000000e+02 5.359740792697317374e+04
9.360000000000000000e+02 5.395108762874209060e+04
9.370000000000000000e+02 5.430634492419128219e+04
9.380000000000000000e+02 5.466318272269659792e+04
9.390000000000000000e+02 5.502160392425752798e+04
9.400000000000000000e+02 5.538161141948204749e+04
9.410000000000000000e+02 5.574320808957193367e+04
9.420000000000000000e+02 5.610639680630830117e+04
9.430000000000000000e+02 5.647118043203736306e+04
9.440000000000000000e+02 5.683756181965659198e+04
9.450000000000000000e+02 5.720554381260109949e+04
9.460000000000000000e+02 5.757512924483027746e+04
9.470000000000000000e+02 5.794632094081476680e+04
9.480000000000000000e+02 5.831912171552371001e+04
9.490000000000000000e+02 5.869353437441219285e+04
9.500000000000000000e+02 5.906956171340910805e+04
9.510000000000000000e+02 5.944720651890512090e+04
9.520000000000000000e+02 5.982647156774108589e+04
9.530000000000000000e+02 6.020735962719665258e+04
9.540000000000000000e+02 6.058987345497902425e+04
9.550000000000000000e+02 6.097401579921224038e+04
9.560000000000000000e+02 6.135978939842651744e+04
9.570000000000000000e+02 6.174719698154792422e+04
9.580000000000000000e+02 6.213624126788834110e+04
9.590000000000000000e+02 6.252692496713568107e+04
9.600000000000000000e+02 6.291925077934434375e+04
9.610000000000000000e+02 6.331322139492590213e+04
9.620000000000000000e+02 6.370883949464021134e+04
9.630000000000000000e+02 6.410610774958648835e+04
9.640000000000000000e+02 6.450502882119498099e+04
9.650000000000000000e+02 6.490560536121863697e+04
9.660000000000000000e+02 6.530784001172510034e+04
9.670000000000000000e+02 6.571173540508904262e+04
9.680000000000000000e+02 6.611729416398463945e+04
9.690000000000000000e+02 6.652451890137832379e+04
9.700000000000000000e+02 6.693341222052185913e+04
9.710000000000000000e+02 6.734397671494554379e+04
9.720000000000000000e+02 6.775621496845173533e+04
9.730000000000000000e+02 6.817012955510859319e+04
9.740000000000000000e+02 6.858572303924409789e+04
9.750000000000000000e+02 6.900299797544025932e+04
9.760000000000000000e+02 6.942195690852757252e+04
9.770000000000000000e+02 6.984260237357985170e+04
9.780000000000000000e+02 7.026493689590896247e+04
9.790000000000000000e+02 7.068896299106020888e+04
9.800000000000000000e+02 7.111468316480763315e+04
9.810000000000000000e+02 7.154209991314972285e+04
9.820000000000000000e+02 7.197121572230529273e+04
9.830000000000000000e+02 7.240203306870957022e+04
9.840000000000000000e+02 7.283455441901052836e+04
9.850000000000000000e+02 7.326878223006550979e+04
9.860000000000000000e+02 7.370471894893793797e+04
9.870000000000000000e+02 7.414236701289445045e+04
9.880000000000000000e+02 7.458172884940204676e+04
9.890000000000000000e+02 7.502280687612554175e+04
9.900000000000000000e+02 7.546560350092533918e+04
9.910000000000000000e+02 7.591012112185524893e+04
9.920000000000000000e+02 7.635636212716065347e+04
9.930000000000000000e+02 7.680432889527681982e+04
9.940000000000000000e+02 7.725402379482748802e+04
9.950000000000000000e+02 7.770544918462357600e+04
9.960000000000000000e+02 7.815860741366219008e+04
9.970000000000000000e+02 7.861350082112578093e+04
9.980000000000000000e+02 7.907013173638164881e+04
9.990000000000000000e+02 7.952850247898133239e+04
