# BB temperature (K); Intensity through filter (ph/s/m^2/mas^2)
1.000000000000000000e+01 0.000000000000000000e+00
1.100000000000000000e+01 0.000000000000000000e+00
1.200000000000000000e+01 0.000000000000000000e+00
1.300000000000000000e+01 0.000000000000000000e+00
1.400000000000000000e+01 0.000000000000000000e+00
1.500000000000000000e+01 0.000000000000000000e+00
1.600000000000000000e+01 0.000000000000000000e+00
1.700000000000000000e+01 0.000000000000000000e+00
1.800000000000000000e+01 0.000000000000000000e+00
1.900000000000000000e+01 0.000000000000000000e+00
2.000000000000000000e+01 0.000000000000000000e+00
2.100000000000000000e+01 1.370004365659743288e-83
2.200000000000000000e+01 1.031085494836368467e-79
2.300000000000000000e+01 3.578244791530105212e-76
2.400000000000000000e+01 6.307149651498487289e-73
2.500000000000000000e+01 6.124344387658914771e-70
2.600000000000000000e+01 3.509193838153747826e-67
2.700000000000000000e+01 1.258119025273330254e-64
2.800000000000000000e+01 2.967740348497943599e-62
2.900000000000000000e+01 4.810037608222000995e-60
3.000000000000000000e+01 5.561938889446028010e-58
3.100000000000000000e+01 4.741439212795156795e-56
3.200000000000000000e+01 3.066876695162150826e-54
3.300000000000000000e+01 1.543818612585576020e-52
3.400000000000000000e+01 6.185299994418052892e-51
3.500000000000000000e+01 2.012168705076514491e-49
3.600000000000000000e+01 5.410769344095224036e-48
3.700000000000000000e+01 1.222084378352701890e-46
3.800000000000000000e+01 2.352109378342205111e-45
3.900000000000000000e+01 3.908331490933436977e-44
4.000000000000000000e+01 5.673273105337826649e-43
4.100000000000000000e+01 7.271760931875766377e-42
4.200000000000000000e+01 8.310628145318971855e-41
4.300000000000000000e+01 8.543712833649776396e-40
4.400000000000000000e+01 7.964204254707502947e-39
4.500000000000000000e+01 6.780222940573119644e-38
4.600000000000000000e+01 5.305847043265928514e-37
4.700000000000000000e+01 3.838664919934792392e-36
4.800000000000000000e+01 2.580781341989908436e-35
4.900000000000000000e+01 1.619752679647370658e-34
5.000000000000000000e+01 9.528630870945017107e-34
5.100000000000000000e+01 5.273014187999290087e-33
5.200000000000000000e+01 2.753774813947915871e-32
5.300000000000000000e+01 1.361104861023769315e-31
5.400000000000000000e+01 6.383855329085790878e-31
5.500000000000000000e+01 2.848000367742696619e-30
5.600000000000000000e+01 1.211210978986311818e-29
5.700000000000000000e+01 4.920547130266637372e-29
5.800000000000000000e+01 1.913183874679005037e-28
5.900000000000000000e+01 7.132449773995412344e-28
6.000000000000000000e+01 2.553922344072527693e-27
6.100000000000000000e+01 8.797832755505650630e-27
6.200000000000000000e+01 2.920263331544412110e-26
6.300000000000000000e+01 9.353959498069890957e-26
6.400000000000000000e+01 2.895452334428918019e-25
6.500000000000000000e+01 8.673173250619923846e-25
6.600000000000000000e+01 2.517373021636845876e-24
6.700000000000000000e+01 7.088714267905241302e-24
6.800000000000000000e+01 1.938903368948365107e-23
6.900000000000000000e+01 5.157141615617748833e-23
7.000000000000000000e+01 1.335363099206526733e-22
7.100000000000000000e+01 3.369605142746569646e-22
7.200000000000000000e+01 8.294293982777850686e-22
7.300000000000000000e+01 1.993482536282984632e-21
7.400000000000000000e+01 4.682427900822368714e-21
7.500000000000000000e+01 1.075797480354572943e-20
7.600000000000000000e+01 2.419628453399443201e-20
7.700000000000000000e+01 5.331718579624598305e-20
7.800000000000000000e+01 1.151893172742547997e-19
7.900000000000000000e+01 2.441714607406418646e-19
8.000000000000000000e+01 5.081740432073543014e-19
8.100000000000000000e+01 1.039079330555831572e-18
8.200000000000000000e+01 2.088693065437237610e-18
8.300000000000000000e+01 4.129991726131069049e-18
8.400000000000000000e+01 8.037478737159598340e-18
8.500000000000000000e+01 1.540363239195150652e-17
8.600000000000000000e+01 2.908608751164672734e-17
8.700000000000000000e+01 5.414055286407614726e-17
8.800000000000000000e+01 9.938991432976732160e-17
8.900000000000000000e+01 1.800289556295482312e-16
9.000000000000000000e+01 3.218937691464086222e-16
9.100000000000000000e+01 5.683746363563073468e-16
9.200000000000000000e+01 9.914775162116411887e-16
9.300000000000000000e+01 1.709322630282088431e-15
9.400000000000000000e+01 2.913521804317065493e-15
9.500000000000000000e+01 4.911556012654718509e-15
9.600000000000000000e+01 8.191696662155119063e-15
9.700000000000000000e+01 1.352147233877987709e-14
9.800000000000000000e+01 2.209557341125156767e-14
9.900000000000000000e+01 3.575593994972399747e-14
1.000000000000000000e+02 5.731629598335423978e-14
1.010000000000000000e+02 9.103649746374438088e-14
1.020000000000000000e+02 1.433099538067944266e-13
1.030000000000000000e+02 2.236516158839511878e-13
1.040000000000000000e+02 3.461065869192350738e-13
1.050000000000000000e+02 5.312428388647000718e-13
1.060000000000000000e+02 8.089490030780415780e-13
1.070000000000000000e+02 1.222333759920708329e-12
1.080000000000000000e+02 1.833121969665182748e-12
1.090000000000000000e+02 2.729070541426854276e-12
1.100000000000000000e+02 4.034091714368273048e-12
1.110000000000000000e+02 5.921982188488329599e-12
1.120000000000000000e+02 8.634924629054164420e-12
1.130000000000000000e+02 1.250826703255074967e-11
1.140000000000000000e+02 1.800351153280597375e-11
1.150000000000000000e+02 2.575197681552511913e-11
1.160000000000000000e+02 3.661226036319735440e-11
1.170000000000000000e+02 5.174544534850442993e-11
1.180000000000000000e+02 7.271300389252001806e-11
1.190000000000000000e+02 1.016035806628459734e-10
1.200000000000000000e+02 1.411963414317240589e-10
1.210000000000000000e+02 1.951703899533872242e-10
1.220000000000000000e+02 2.683719505085892864e-10
1.230000000000000000e+02 3.671536481134353673e-10
1.240000000000000000e+02 4.998033682177204524e-10
1.250000000000000000e+02 6.770839272405416420e-10
1.260000000000000000e+02 9.129092299440721337e-10
1.270000000000000000e+02 1.225187836738152509e-09
1.280000000000000000e+02 1.636871033691712442e-09
1.290000000000000000e+02 2.177249724286463270e-09
1.300000000000000000e+02 2.883552893593065254e-09
1.310000000000000000e+02 3.802910197202978625e-09
1.320000000000000000e+02 4.994752580324699264e-09
1.330000000000000000e+02 6.533737936109205593e-09
1.340000000000000000e+02 8.513303884328903608e-09
1.350000000000000000e+02 1.104996702935764819e-08
1.360000000000000000e+02 1.428850779770253732e-08
1.370000000000000000e+02 1.840820243894142005e-08
1.380000000000000000e+02 2.363028930041398908e-08
1.390000000000000000e+02 3.022688537833749945e-08
1.400000000000000000e+02 3.853160175192383199e-08
1.410000000000000000e+02 4.895214319149001204e-08
1.420000000000000000e+02 6.198521838880451306e-08
1.430000000000000000e+02 7.823413330381314589e-08
1.440000000000000000e+02 9.842949149569571967e-08
1.450000000000000000e+02 1.234534824703902332e-07
1.460000000000000000e+02 1.543683025166189272e-07
1.470000000000000000e+02 1.924493227256906154e-07
1.480000000000000000e+02 2.392236964261624533e-07
1.490000000000000000e+02 2.965151836627297025e-07
1.500000000000000000e+02 3.664960641790069359e-07
1.510000000000000000e+02 4.517471132140139002e-07
1.520000000000000000e+02 5.553267268969571409e-07
1.530000000000000000e+02 6.808504067443192992e-07
1.540000000000000000e+02 8.325819463607807928e-07
1.550000000000000000e+02 1.015537808566053685e-06
1.560000000000000000e+02 1.235606338467499919e-06
1.570000000000000000e+02 1.499683628134657617e-06
1.580000000000000000e+02 1.815828032172193628e-06
1.590000000000000000e+02 2.193435531299931264e-06
1.600000000000000000e+02 2.643438353699155890e-06
1.610000000000000000e+02 3.178529492036355479e-06
1.620000000000000000e+02 3.813415998385043812e-06
1.630000000000000000e+02 4.565104200379917694e-06
1.640000000000000000e+02 5.453220260488415245e-06
1.650000000000000000e+02 6.500369796890410955e-06
1.660000000000000000e+02 7.732540599714720971e-06
1.670000000000000000e+02 9.179552810866454442e-06
1.680000000000000000e+02 1.087556128994104786e-05
1.690000000000000000e+02 1.285961526327861674e-05
1.700000000000000000e+02 1.517628074855276768e-05
1.710000000000000000e+02 1.787633166386290426e-05
1.720000000000000000e+02 2.101751596851961093e-05
1.730000000000000000e+02 2.466540364294940923e-05
1.740000000000000000e+02 2.889432379772263122e-05
1.750000000000000000e+02 3.378839870690280932e-05
1.760000000000000000e+02 3.944268308895380887e-05
1.770000000000000000e+02 4.596441750949517270e-05
1.780000000000000000e+02 5.347440535438158129e-05
1.790000000000000000e+02 6.210852341895925304e-05
1.800000000000000000e+02 7.201937677991720544e-05
1.810000000000000000e+02 8.337810925984138186e-05
1.820000000000000000e+02 9.637638146126459424e-05
1.830000000000000000e+02 1.112285290364946924e-04
1.840000000000000000e+02 1.281739145715331783e-04
1.850000000000000000e+02 1.474794871966409425e-04
1.860000000000000000e+02 1.694425647921707226e-04
1.870000000000000000e+02 1.943938544356950556e-04
1.880000000000000000e+02 2.227007275346916360e-04
1.890000000000000000e+02 2.547707669074813423e-04
1.900000000000000000e+02 2.910556039130917597e-04
1.910000000000000000e+02 3.320550645874828684e-04
1.920000000000000000e+02 3.783216446183191033e-04
1.930000000000000000e+02 4.304653338823159932e-04
1.940000000000000000e+02 4.891588121771904725e-04
1.950000000000000000e+02 5.551430387033895811e-04
1.960000000000000000e+02 6.292332587879770345e-04
1.970000000000000000e+02 7.123254522932111112e-04
1.980000000000000000e+02 8.054032491142169934e-04
1.990000000000000000e+02 9.095453381425303539e-04
2.000000000000000000e+02 1.025933397053823120e-03
2.010000000000000000e+02 1.155860571267475906e-03
2.020000000000000000e+02 1.300740531421424109e-03
2.030000000000000000e+02 1.462117139706412862e-03
2.040000000000000000e+02 1.641674756407940708e-03
2.050000000000000000e+02 1.841249219010252305e-03
2.060000000000000000e+02 2.062839527223115765e-03
2.070000000000000000e+02 2.308620268297242439e-03
2.080000000000000000e+02 2.580954817996391863e-03
2.090000000000000000e+02 2.882409353591808450e-03
2.100000000000000000e+02 3.215767716235959882e-03
2.110000000000000000e+02 3.584047161055882100e-03
2.120000000000000000e+02 3.990515034280063197e-03
2.130000000000000000e+02 4.438706417674987206e-03
2.140000000000000000e+02 4.932442781516447466e-03
2.150000000000000000e+02 5.475851688254844071e-03
2.160000000000000000e+02 6.073387589951029404e-03
2.170000000000000000e+02 6.729853763458297500e-03
2.180000000000000000e+02 7.450425428204964645e-03
2.190000000000000000e+02 8.240674092288957642e-03
2.200000000000000000e+02 9.106593173429280985e-03
2.210000000000000000e+02 1.005462494212742280e-02
2.220000000000000000e+02 1.109168883517303722e-02
2.230000000000000000e+02 1.222521118838107781e-02
2.240000000000000000e+02 1.346315643817010306e-02
2.250000000000000000e+02 1.481405984228241837e-02
2.260000000000000000e+02 1.628706177060457519e-02
2.270000000000000000e+02 1.789194361766951319e-02
2.280000000000000000e+02 1.963916538900869341e-02
2.290000000000000000e+02 2.153990501407168634e-02
2.300000000000000000e+02 2.360609943894112495e-02
2.310000000000000000e+02 2.585048755254106684e-02
2.320000000000000000e+02 2.828665500046549305e-02
2.330000000000000000e+02 3.092908094093973354e-02
2.340000000000000000e+02 3.379318679776997791e-02
2.350000000000000000e+02 3.689538706543316060e-02
2.360000000000000000e+02 4.025314222171161305e-02
2.370000000000000000e+02 4.388501380348106690e-02
2.380000000000000000e+02 4.781072170141823646e-02
2.390000000000000000e+02 5.205120372950249041e-02
2.400000000000000000e+02 5.662867752524562009e-02
2.410000000000000000e+02 6.156670483659340554e-02
2.420000000000000000e+02 6.689025825140136605e-02
2.430000000000000000e+02 7.262579042529540563e-02
2.440000000000000000e+02 7.880130586358422007e-02
2.450000000000000000e+02 8.544643531269517644e-02
2.460000000000000000e+02 9.259251281635773323e-02
2.470000000000000000e+02 1.002726554914583346e-01
2.480000000000000000e+02 1.085218460781381400e-01
2.490000000000000000e+02 1.173770183182993587e-01
2.500000000000000000e+02 1.268771452162288094e-01
2.510000000000000000e+02 1.370633302345344862e-01
2.520000000000000000e+02 1.479789014780298340e-01
2.530000000000000000e+02 1.596695089175832194e-01
2.540000000000000000e+02 1.721832247052824949e-01
2.550000000000000000e+02 1.855706466315443781e-01
2.560000000000000000e+02 1.998850047740279856e-01
2.570000000000000000e+02 2.151822713873891568e-01
2.580000000000000000e+02 2.315212740820389858e-01
2.590000000000000000e+02 2.489638123391481050e-01
2.600000000000000000e+02 2.675747774081662644e-01
2.610000000000000000e+02 2.874222756321065386e-01
2.620000000000000000e+02 3.085777552447740435e-01
2.630000000000000000e+02 3.311161366830061570e-01
2.640000000000000000e+02 3.551159464558270029e-01
2.650000000000000000e+02 3.806594546112173627e-01
2.660000000000000000e+02 4.078328158399417980e-01
2.670000000000000000e+02 4.367262142545939585e-01
2.680000000000000000e+02 4.674340118806706301e-01
2.690000000000000000e+02 5.000549008951202801e-01
2.700000000000000000e+02 5.346920596463876629e-01
2.710000000000000000e+02 5.714533124885240456e-01
2.720000000000000000e+02 6.104512934604388041e-01
2.730000000000000000e+02 6.518036138398409785e-01
2.740000000000000000e+02 6.956330335998519576e-01
2.750000000000000000e+02 7.420676367946772434e-01
2.760000000000000000e+02 7.912410108990964863e-01
2.770000000000000000e+02 8.432924301248655441e-01
2.780000000000000000e+02 8.983670427354428778e-01
2.790000000000000000e+02 9.566160623787305362e-01
2.800000000000000000e+02 1.018196963455777038e+00
2.810000000000000000e+02 1.083273680541626094e+00
2.820000000000000000e+02 1.152016811872694779e+00
2.830000000000000000e+02 1.224603826913265303e+00
2.840000000000000000e+02 1.301219278011822578e+00
2.850000000000000000e+02 1.382055016156138016e+00
2.860000000000000000e+02 1.467310410834112178e+00
2.870000000000000000e+02 1.557192574005515251e+00
2.880000000000000000e+02 1.651916588187863022e+00
2.890000000000000000e+02 1.751705738657751255e+00
2.900000000000000000e+02 1.856791749767048305e+00
2.910000000000000000e+02 1.967415025371422654e+00
2.920000000000000000e+02 2.083824893366725828e+00
2.930000000000000000e+02 2.206279854326819834e+00
2.940000000000000000e+02 2.335047834234488029e+00
2.950000000000000000e+02 2.470406441295087241e+00
2.960000000000000000e+02 2.612643226820690057e+00
2.970000000000000000e+02 2.762055950170458019e+00
2.980000000000000000e+02 2.918952847731078215e+00
2.990000000000000000e+02 3.083652905919105791e+00
3.000000000000000000e+02 3.256486138185127999e+00
3.010000000000000000e+02 3.437793865997732290e+00
3.020000000000000000e+02 3.627929003783282536e+00
3.030000000000000000e+02 3.827256347795636060e+00
3.040000000000000000e+02 4.036152868887990408e+00
3.050000000000000000e+02 4.255008009157116966e+00
3.060000000000000000e+02 4.484223982428410693e+00
3.070000000000000000e+02 4.724216078548243658e+00
3.080000000000000000e+02 4.975412971448267996e+00
3.090000000000000000e+02 5.238257030944497572e+00
3.100000000000000000e+02 5.513204638232096499e+00
3.110000000000000000e+02 5.800726505035083136e+00
3.120000000000000000e+02 6.101307996368268149e+00
3.130000000000000000e+02 6.415449456867076350e+00
3.140000000000000000e+02 6.743666540639049245e+00
3.150000000000000000e+02 7.086490544589212348e+00
3.160000000000000000e+02 7.444468745169690038e+00
3.170000000000000000e+02 7.818164738502336064e+00
3.180000000000000000e+02 8.208158783821501103e+00
3.190000000000000000e+02 8.615048150182381903e+00
3.200000000000000000e+02 9.039447466378877749e+00
3.210000000000000000e+02 9.481989074013275953e+00
3.220000000000000000e+02 9.943323383658530190e+00
3.230000000000000000e+02 1.042411923405246554e+01
3.240000000000000000e+02 1.092506425426169514e+01
3.250000000000000000e+02 1.144686522875165124e+01
3.260000000000000000e+02 1.199024846529766286e+01
3.270000000000000000e+02 1.255596016567075068e+01
3.280000000000000000e+02 1.314476679903032164e+01
3.290000000000000000e+02 1.375745547795477464e+01
3.300000000000000000e+02 1.439483433703969872e+01
3.310000000000000000e+02 1.505773291399206570e+01
3.320000000000000000e+02 1.574700253314779275e+01
3.330000000000000000e+02 1.646351669133862217e+01
3.340000000000000000e+02 1.720817144603343962e+01
3.350000000000000000e+02 1.798188580567783390e+01
3.360000000000000000e+02 1.878560212215480263e+01
3.370000000000000000e+02 1.962028648528835362e+01
3.380000000000000000e+02 2.048692911931100724e+01
3.390000000000000000e+02 2.138654478121499736e+01
3.400000000000000000e+02 2.232017316090635717e+01
3.410000000000000000e+02 2.328887928307990762e+01
3.420000000000000000e+02 2.429375391073273960e+01
3.430000000000000000e+02 2.533591395023262294e+01
3.440000000000000000e+02 2.641650285785730290e+01
3.450000000000000000e+02 2.753669104771984522e+01
3.460000000000000000e+02 2.869767630099455857e+01
3.470000000000000000e+02 2.990068417635739095e+01
3.480000000000000000e+02 3.114696842155417755e+01
3.490000000000000000e+02 3.243781138600948566e+01
3.500000000000000000e+02 3.377452443438836127e+01
3.510000000000000000e+02 3.515844836102294124e+01
3.520000000000000000e+02 3.659095380511523388e+01
3.530000000000000000e+02 3.807344166662709029e+01
3.540000000000000000e+02 3.960734352276836034e+01
3.550000000000000000e+02 4.119412204499325725e+01
3.560000000000000000e+02 4.283527141641543778e+01
3.570000000000000000e+02 4.453231774955150968e+01
3.580000000000000000e+02 4.628681950430283365e+01
3.590000000000000000e+02 4.810036790608522494e+01
3.600000000000000000e+02 4.997458736401600277e+01
3.610000000000000000e+02 5.191113588906781473e+01
3.620000000000000000e+02 5.391170551209873452e+01
3.630000000000000000e+02 5.597802270166793903e+01
3.640000000000000000e+02 5.811184878154637801e+01
3.650000000000000000e+02 6.031498034783201945e+01
3.660000000000000000e+02 6.258924968557937518e+01
3.670000000000000000e+02 6.493652518485281178e+01
3.680000000000000000e+02 6.735871175611387685e+01
3.690000000000000000e+02 6.985775124485252263e+01
3.700000000000000000e+02 7.243562284537320295e+01
3.710000000000000000e+02 7.509434351364549798e+01
3.720000000000000000e+02 7.783596837913154332e+01
3.730000000000000000e+02 8.066259115550049330e+01
3.740000000000000000e+02 8.357634455014255082e+01
3.750000000000000000e+02 8.657940067239411519e+01
3.760000000000000000e+02 8.967397144038719148e+01
3.770000000000000000e+02 9.286230898643535170e+01
3.780000000000000000e+02 9.614670606087079818e+01
3.790000000000000000e+02 9.952949643424545911e+01
3.800000000000000000e+02 1.030130552978116896e+02
3.810000000000000000e+02 1.065997996621972561e+02
3.820000000000000000e+02 1.102921887541906045e+02
3.830000000000000000e+02 1.140927244115526946e+02
3.840000000000000000e+02 1.180039514757729506e+02
3.850000000000000000e+02 1.220284581826864354e+02
3.860000000000000000e+02 1.261688765508714170e+02
3.870000000000000000e+02 1.304278827677462687e+02
3.880000000000000000e+02 1.348081975732856108e+02
3.890000000000000000e+02 1.393125866412769369e+02
3.900000000000000000e+02 1.439438609580384991e+02
3.910000000000000000e+02 1.487048771985220696e+02
3.920000000000000000e+02 1.535985380997225889e+02
3.930000000000000000e+02 1.586277928313198231e+02
3.940000000000000000e+02 1.637956373634763736e+02
3.950000000000000000e+02 1.691051148317185380e+02
3.960000000000000000e+02 1.745593158988264690e+02
3.970000000000000000e+02 1.801613791136615248e+02
3.980000000000000000e+02 1.859144912668597840e+02
3.990000000000000000e+02 1.918218877433211560e+02
4.000000000000000000e+02 1.978868528714252193e+02
4.010000000000000000e+02 2.041127202689049795e+02
4.020000000000000000e+02 2.105028731853118984e+02
4.030000000000000000e+02 2.170607448410054303e+02
4.040000000000000000e+02 2.237898187626026640e+02
4.050000000000000000e+02 2.306936291148230112e+02
4.060000000000000000e+02 2.377757610286658974e+02
4.070000000000000000e+02 2.450398509258588149e+02
4.080000000000000000e+02 2.524895868395154537e+02
4.090000000000000000e+02 2.601287087309435719e+02
4.100000000000000000e+02 2.679610088025449954e+02
4.110000000000000000e+02 2.759903318067490545e+02
4.120000000000000000e+02 2.842205753509240367e+02
4.130000000000000000e+02 2.926556901982115733e+02
4.140000000000000000e+02 3.012996805642288791e+02
4.150000000000000000e+02 3.101566044095870893e+02
4.160000000000000000e+02 3.192305737281736810e+02
4.170000000000000000e+02 3.285257548311479354e+02
4.180000000000000000e+02 3.380463686266008949e+02
4.190000000000000000e+02 3.477966908948310447e+02
4.200000000000000000e+02 3.577810525591893338e+02
4.210000000000000000e+02 3.680038399524468105e+02
4.220000000000000000e+02 3.784694950786415006e+02
4.230000000000000000e+02 3.891825158703599072e+02
4.240000000000000000e+02 4.001474564414121460e+02
4.250000000000000000e+02 4.113689273348587676e+02
4.260000000000000000e+02 4.228515957663497602e+02
4.270000000000000000e+02 4.346001858627375327e+02
4.280000000000000000e+02 4.466194788959264770e+02
4.290000000000000000e+02 4.589143135119219323e+02
4.300000000000000000e+02 4.714895859550450155e+02
4.310000000000000000e+02 4.843502502872782998e+02
4.320000000000000000e+02 4.975013186027118195e+02
4.330000000000000000e+02 5.109478612370542123e+02
4.340000000000000000e+02 5.246950069721838190e+02
4.350000000000000000e+02 5.387479432357065434e+02
4.360000000000000000e+02 5.531119162954948933e+02
4.370000000000000000e+02 5.677922314491817133e+02
4.380000000000000000e+02 5.827942532085819494e+02
4.390000000000000000e+02 5.981234054790190839e+02
4.400000000000000000e+02 6.137851717335329340e+02
4.410000000000000000e+02 6.297850951819486909e+02
4.420000000000000000e+02 6.461287789347820762e+02
4.430000000000000000e+02 6.628218861619673135e+02
4.440000000000000000e+02 6.798701402463826753e+02
4.450000000000000000e+02 6.972793249321640587e+02
4.460000000000000000e+02 7.150552844677825988e+02
4.470000000000000000e+02 7.332039237438782493e+02
4.480000000000000000e+02 7.517312084258301184e+02
4.490000000000000000e+02 7.706431650810552583e+02
4.500000000000000000e+02 7.899458813010215863e+02
4.510000000000000000e+02 8.096455058179651587e+02
4.520000000000000000e+02 8.297482486163029307e+02
4.530000000000000000e+02 8.502603810387329304e+02
4.540000000000000000e+02 8.711882358870130929e+02
4.550000000000000000e+02 8.925382075174152305e+02
4.560000000000000000e+02 9.143167519308461806e+02
4.570000000000000000e+02 9.365303868576354489e+02
4.580000000000000000e+02 9.591856918369827554e+02
4.590000000000000000e+02 9.822893082910675275e+02
4.600000000000000000e+02 1.005847939593815113e+03
4.610000000000000000e+02 1.029868351134325394e+03
4.620000000000000000e+02 1.054357370374958919e+03
4.630000000000000000e+02 1.079321886904085886e+03
4.640000000000000000e+02 1.104768852483505043e+03
4.650000000000000000e+02 1.130705281090525659e+03
4.660000000000000000e+02 1.157138248954730898e+03
4.670000000000000000e+02 1.184074894589417909e+03
4.680000000000000000e+02 1.211522418817728067e+03
4.690000000000000000e+02 1.239488084793473718e+03
4.700000000000000000e+02 1.267979218016667119e+03
4.710000000000000000e+02 1.297003206343767033e+03
4.720000000000000000e+02 1.326567499992648663e+03
4.730000000000000000e+02 1.356679611542311022e+03
4.740000000000000000e+02 1.387347115927333334e+03
4.750000000000000000e+02 1.418577650427093886e+03
4.760000000000000000e+02 1.450378914649765420e+03
4.770000000000000000e+02 1.482758670511103674e+03
4.780000000000000000e+02 1.515724742208038606e+03
4.790000000000000000e+02 1.549285016187096517e+03
4.800000000000000000e+02 1.583447441107655777e+03
4.810000000000000000e+02 1.618220027800068465e+03
4.820000000000000000e+02 1.653610849218656540e+03
4.830000000000000000e+02 1.689628040389608032e+03
4.840000000000000000e+02 1.726279798353790966e+03
4.850000000000000000e+02 1.763574382104506185e+03
4.860000000000000000e+02 1.801520112520204748e+03
4.870000000000000000e+02 1.840125372292186967e+03
4.880000000000000000e+02 1.879398605847308090e+03
4.890000000000000000e+02 1.919348319265722012e+03
4.900000000000000000e+02 1.959983080193671867e+03
4.910000000000000000e+02 2.001311517751371412e+03
4.920000000000000000e+02 2.043342322435986262e+03
4.930000000000000000e+02 2.086084246019757302e+03
4.940000000000000000e+02 2.129546101443278076e+03
4.950000000000000000e+02 2.173736762703967997e+03
4.960000000000000000e+02 2.218665164739758438e+03
4.970000000000000000e+02 2.264340303308028979e+03
4.980000000000000000e+02 2.310771234859820652e+03
4.990000000000000000e+02 2.357967076409352103e+03
5.000000000000000000e+02 2.405937005398876863e+03
5.010000000000000000e+02 2.454690259558909929e+03
5.020000000000000000e+02 2.504236136763849117e+03
5.030000000000000000e+02 2.554583994883038486e+03
5.040000000000000000e+02 2.605743251627287464e+03
5.050000000000000000e+02 2.657723384390895262e+03
5.060000000000000000e+02 2.710533930089208297e+03
5.070000000000000000e+02 2.764184484991737463e+03
5.080000000000000000e+02 2.818684704550886636e+03
5.090000000000000000e+02 2.874044303226308330e+03
5.100000000000000000e+02 2.930273054304939251e+03
5.110000000000000000e+02 2.987380789716737581e+03
5.120000000000000000e+02 3.045377399846169283e+03
5.130000000000000000e+02 3.104272833339468434e+03
5.140000000000000000e+02 3.164077096907728901e+03
5.150000000000000000e+02 3.224800255125833246e+03
5.160000000000000000e+02 3.286452430227292552e+03
5.170000000000000000e+02 3.349043801895003526e+03
5.180000000000000000e+02 3.412584607047985628e+03
5.190000000000000000e+02 3.477085139624119165e+03
5.200000000000000000e+02 3.542555750358938894e+03
5.210000000000000000e+02 3.609006846560505437e+03
5.220000000000000000e+02 3.676448891880412702e+03
5.230000000000000000e+02 3.744892406080954061e+03
5.240000000000000000e+02 3.814347964798501835e+03
5.250000000000000000e+02 3.884826199303130124e+03
5.260000000000000000e+02 3.956337796254524619e+03
5.270000000000000000e+02 4.028893497454228964e+03
5.280000000000000000e+02 4.102504099594249055e+03
5.290000000000000000e+02 4.177180454002080296e+03
5.300000000000000000e+02 4.252933466382180086e+03
5.310000000000000000e+02 4.329774096553940581e+03
5.320000000000000000e+02 4.407713358186189907e+03
5.330000000000000000e+02 4.486762318528284595e+03
5.340000000000000000e+02 4.566932098137810499e+03
5.350000000000000000e+02 4.648233870604954063e+03
5.360000000000000000e+02 4.730678862273580307e+03
5.370000000000000000e+02 4.814278351959049360e+03
5.380000000000000000e+02 4.899043670662838849e+03
5.390000000000000000e+02 4.984986201283990340e+03
5.400000000000000000e+02 5.072117378327435290e+03
5.410000000000000000e+02 5.160448687609243279e+03
5.420000000000000000e+02 5.249991665958827070e+03
5.430000000000000000e+02 5.340757900918169980e+03
5.440000000000000000e+02 5.432759030438077389e+03
5.450000000000000000e+02 5.526006742571551513e+03
5.460000000000000000e+02 5.620512775164275808e+03
5.470000000000000000e+02 5.716288915542299947e+03
5.480000000000000000e+02 5.813347000196936278e+03
5.490000000000000000e+02 5.911698914466925089e+03
5.500000000000000000e+02 6.011356592217920479e+03
5.510000000000000000e+02 6.112332015519314155e+03
5.520000000000000000e+02 6.214637214318465340e+03
5.530000000000000000e+02 6.318284266112383193e+03
5.540000000000000000e+02 6.423285295616866279e+03
5.550000000000000000e+02 6.529652474433198222e+03
5.560000000000000000e+02 6.637398020712400466e+03
5.570000000000000000e+02 6.746534198817097604e+03
5.580000000000000000e+02 6.857073318981056218e+03
5.590000000000000000e+02 6.969027736966409066e+03
5.600000000000000000e+02 7.082409853718628256e+03
5.610000000000000000e+02 7.197232115019297453e+03
5.620000000000000000e+02 7.313507011136700385e+03
5.630000000000000000e+02 7.431247076474289315e+03
5.640000000000000000e+02 7.550464889217082600e+03
5.650000000000000000e+02 7.671173070975997689e+03
5.660000000000000000e+02 7.793384286430210523e+03
5.670000000000000000e+02 7.917111242967543149e+03
5.680000000000000000e+02 8.042366690322958675e+03
5.690000000000000000e+02 8.169163420215161750e+03
5.700000000000000000e+02 8.297514265981397330e+03
5.710000000000000000e+02 8.427432102210441371e+03
5.720000000000000000e+02 8.558929844373873493e+03
5.730000000000000000e+02 8.692020448455619771e+03
5.740000000000000000e+02 8.826716910579863907e+03
5.750000000000000000e+02 8.963032266637324938e+03
5.760000000000000000e+02 9.100979591909956071e+03
5.770000000000000000e+02 9.240572000694126473e+03
5.780000000000000000e+02 9.381822645922289666e+03
5.790000000000000000e+02 9.524744718783209464e+03
5.800000000000000000e+02 9.669351448340772549e+03
5.810000000000000000e+02 9.815656101151431358e+03
5.820000000000000000e+02 9.963671980880310002e+03
5.830000000000000000e+02 1.011341242791603145e+04
5.840000000000000000e+02 1.026489081898427503e+04
5.850000000000000000e+02 1.041812056676014618e+04
5.860000000000000000e+02 1.057311511947936560e+04
5.870000000000000000e+02 1.072988796054831255e+04
5.880000000000000000e+02 1.088845260815300207e+04
5.890000000000000000e+02 1.104882261486698917e+04
5.900000000000000000e+02 1.121101156725826877e+04
5.910000000000000000e+02 1.137503308549519716e+04
5.920000000000000000e+02 1.154090082295148022e+04
5.930000000000000000e+02 1.170862846581024496e+04
5.940000000000000000e+02 1.187822973266728877e+04
5.950000000000000000e+02 1.204971837413345202e+04
5.960000000000000000e+02 1.222310817243625570e+04
5.970000000000000000e+02 1.239841294102075699e+04
5.980000000000000000e+02 1.257564652414970624e+04
5.990000000000000000e+02 1.275482279650303099e+04
6.000000000000000000e+02 1.293595566277667604e+04
6.010000000000000000e+02 1.311905905728084690e+04
6.020000000000000000e+02 1.330414694353767845e+04
6.030000000000000000e+02 1.349123331387838334e+04
6.040000000000000000e+02 1.368033218903990928e+04
6.050000000000000000e+02 1.387145761776111249e+04
6.060000000000000000e+02 1.406462367637854913e+04
6.070000000000000000e+02 1.425984446842182297e+04
6.080000000000000000e+02 1.445713412420863096e+04
6.090000000000000000e+02 1.465650680043946340e+04
6.100000000000000000e+02 1.485797667979200014e+04
6.110000000000000000e+02 1.506155797051529225e+04
6.120000000000000000e+02 1.526726490602369267e+04
6.130000000000000000e+02 1.547511174449062128e+04
6.140000000000000000e+02 1.568511276844215172e+04
6.150000000000000000e+02 1.589728228435050551e+04
6.160000000000000000e+02 1.611163462222744056e+04
6.170000000000000000e+02 1.632818413521757975e+04
6.180000000000000000e+02 1.654694519919173763e+04
6.190000000000000000e+02 1.676793221234021257e+04
6.200000000000000000e+02 1.699115959476616263e+04
6.210000000000000000e+02 1.721664178807902499e+04
6.220000000000000000e+02 1.744439325498802646e+04
6.230000000000000000e+02 1.767442847889585028e+04
6.240000000000000000e+02 1.790676196349244128e+04
6.250000000000000000e+02 1.814140823234901472e+04
6.260000000000000000e+02 1.837838182851225065e+04
6.270000000000000000e+02 1.861769731409881206e+04
6.280000000000000000e+02 1.885936926989003405e+04
6.290000000000000000e+02 1.910341229492703133e+04
6.300000000000000000e+02 1.934984100610602763e+04
6.310000000000000000e+02 1.959867003777414720e+04
6.320000000000000000e+02 1.984991404132554453e+04
6.330000000000000000e+02 2.010358768479793071e+04
6.340000000000000000e+02 2.035970565246962724e+04
6.350000000000000000e+02 2.061828264445698005e+04
6.360000000000000000e+02 2.087933337631236645e+04
6.370000000000000000e+02 2.114287257862267870e+04
6.380000000000000000e+02 2.140891499660834961e+04
6.390000000000000000e+02 2.167747538972302209e+04
6.400000000000000000e+02 2.194856853125370981e+04
6.410000000000000000e+02 2.222220920792169636e+04
6.420000000000000000e+02 2.249841221948400198e+04
6.430000000000000000e+02 2.277719237833557418e+04
6.440000000000000000e+02 2.305856450911216234e+04
6.450000000000000000e+02 2.334254344829393085e+04
6.460000000000000000e+02 2.362914404380977066e+04
6.470000000000000000e+02 2.391838115464246948e+04
6.480000000000000000e+02 2.421026965043458767e+04
6.490000000000000000e+02 2.450482441109521460e+04
6.500000000000000000e+02 2.480206032640752164e+04
6.510000000000000000e+02 2.510199229563720291e+04
6.520000000000000000e+02 2.540463522714180726e+04
6.530000000000000000e+02 2.571000403798095067e+04
6.540000000000000000e+02 2.601811365352745634e+04
6.550000000000000000e+02 2.632897900707947701e+04
6.560000000000000000e+02 2.664261503947354140e+04
6.570000000000000000e+02 2.695903669869864098e+04
6.580000000000000000e+02 2.727825893951126636e+04
6.590000000000000000e+02 2.760029672305151325e+04
6.600000000000000000e+02 2.792516501646025426e+04
6.610000000000000000e+02 2.825287879249731122e+04
6.620000000000000000e+02 2.858345302916080254e+04
6.630000000000000000e+02 2.891690270930753468e+04
6.640000000000000000e+02 2.925324282027452500e+04
6.650000000000000000e+02 2.959248835350170339e+04
6.660000000000000000e+02 2.993465430415575247e+04
6.670000000000000000e+02 3.027975567075511208e+04
6.680000000000000000e+02 3.062780745479620964e+04
6.690000000000000000e+02 3.097882466038089115e+04
6.700000000000000000e+02 3.133282229384508537e+04
6.710000000000000000e+02 3.168981536338871956e+04
6.720000000000000000e+02 3.204981887870688297e+04
6.730000000000000000e+02 3.241284785062227456e+04
6.740000000000000000e+02 3.277891729071897862e+04
6.750000000000000000e+02 3.314804221097752452e+04
6.760000000000000000e+02 3.352023762341125985e+04
6.770000000000000000e+02 3.389551853970407683e+04
6.780000000000000000e+02 3.427389997084953939e+04
6.790000000000000000e+02 3.465539692679131258e+04
6.800000000000000000e+02 3.504002441606501088e+04
6.810000000000000000e+02 3.542779744544143614e+04
6.820000000000000000e+02 3.581873101957127801e+04
6.830000000000000000e+02 3.621284014063113864e+04
6.840000000000000000e+02 3.661013980797112163e+04
6.850000000000000000e+02 3.701064501776374527e+04
6.860000000000000000e+02 3.741437076265445648e+04
6.870000000000000000e+02 3.782133203141350532e+04
6.880000000000000000e+02 3.823154380858938384e+04
6.890000000000000000e+02 3.864502107416371291e+04
6.900000000000000000e+02 3.906177880320773693e+04
6.910000000000000000e+02 3.948183196554020105e+04
6.920000000000000000e+02 3.990519552538693097e+04
6.930000000000000000e+02 4.033188444104179507e+04
6.940000000000000000e+02 4.076191366452937655e+04
6.950000000000000000e+02 4.119529814126910060e+04
6.960000000000000000e+02 4.163205280974100606e+04
6.970000000000000000e+02 4.207219260115311045e+04
6.980000000000000000e+02 4.251573243911030295e+04
6.990000000000000000e+02 4.296268723928494728e+04
7.000000000000000000e+02 4.341307190908904158e+04
7.010000000000000000e+02 4.386690134734800085e+04
7.020000000000000000e+02 4.432419044397609832e+04
7.030000000000000000e+02 4.478495407965361665e+04
7.040000000000000000e+02 4.524920712550549069e+04
7.050000000000000000e+02 4.571696444278174022e+04
7.060000000000000000e+02 4.618824088253963419e+04
7.070000000000000000e+02 4.666305128532729577e+04
7.080000000000000000e+02 4.714141048086927913e+04
7.090000000000000000e+02 4.762333328775360133e+04
7.100000000000000000e+02 4.810883451312064426e+04
7.110000000000000000e+02 4.859792895235368633e+04
7.120000000000000000e+02 4.909063138877114397e+04
7.130000000000000000e+02 4.958695659332057403e+04
7.140000000000000000e+02 5.008691932427436404e+04
7.150000000000000000e+02 5.059053432692719798e+04
7.160000000000000000e+02 5.109781633329526085e+04
7.170000000000000000e+02 5.160878006181710225e+04
7.180000000000000000e+02 5.212344021705640625e+04
7.190000000000000000e+02 5.264181148940637650e+04
7.200000000000000000e+02 5.316390855479595484e+04
7.210000000000000000e+02 5.368974607439780084e+04
7.220000000000000000e+02 5.421933869433804648e+04
7.230000000000000000e+02 5.475270104540779721e+04
7.240000000000000000e+02 5.528984774277643737e+04
7.250000000000000000e+02 5.583079338570678374e+04
7.260000000000000000e+02 5.637555255727184704e+04
7.270000000000000000e+02 5.692413982407361618e+04
7.280000000000000000e+02 5.747656973596348689e+04
7.290000000000000000e+02 5.803285682576455292e+04
7.300000000000000000e+02 5.859301560899562901e+04
7.310000000000000000e+02 5.915706058359725284e+04
7.320000000000000000e+02 5.972500622965925140e+04
7.330000000000000000e+02 6.029686700915035908e+04
7.340000000000000000e+02 6.087265736564951658e+04
7.350000000000000000e+02 6.145239172407894512e+04
7.360000000000000000e+02 6.203608449043930159e+04
7.370000000000000000e+02 6.262375005154619430e+04
7.380000000000000000e+02 6.321540277476914343e+04
7.390000000000000000e+02 6.381105700777172751e+04
7.400000000000000000e+02 6.441072707825401449e+04
7.410000000000000000e+02 6.501442729369670269e+04
7.420000000000000000e+02 6.562217194110693526e+04
7.430000000000000000e+02 6.623397528676617367e+04
7.440000000000000000e+02 6.684985157597978832e+04
7.450000000000000000e+02 6.746981503282848280e+04
7.460000000000000000e+02 6.809387985992158065e+04
7.470000000000000000e+02 6.872206023815223307e+04
7.480000000000000000e+02 6.935437032645422732e+04
7.490000000000000000e+02 6.999082426156091969e+04
7.500000000000000000e+02 7.063143615776576917e+04
7.510000000000000000e+02 7.127622010668490839e+04
7.520000000000000000e+02 7.192519017702134443e+04
7.530000000000000000e+02 7.257836041433126957e+04
7.540000000000000000e+02 7.323574484079190006e+04
7.550000000000000000e+02 7.389735745497136668e+04
7.560000000000000000e+02 7.456321223160039517e+04
7.570000000000000000e+02 7.523332312134579115e+04
7.580000000000000000e+02 7.590770405058577307e+04
7.590000000000000000e+02 7.658636892118719697e+04
7.600000000000000000e+02 7.726933161028444010e+04
7.610000000000000000e+02 7.795660597006038006e+04
7.620000000000000000e+02 7.864820582752898918e+04
7.630000000000000000e+02 7.934414498431987886e+04
7.640000000000000000e+02 8.004443721646451741e+04
7.650000000000000000e+02 8.074909627418458695e+04
7.660000000000000000e+02 8.145813588168175193e+04
7.670000000000000000e+02 8.217156973692958127e+04
7.680000000000000000e+02 8.288941151146715856e+04
7.690000000000000000e+02 8.361167485019449668e+04
7.700000000000000000e+02 8.433837337116980052e+04
7.710000000000000000e+02 8.506952066540854867e+04
7.720000000000000000e+02 8.580513029668439412e+04
7.730000000000000000e+02 8.654521580133182579e+04
7.740000000000000000e+02 8.728979068805063434e+04
7.750000000000000000e+02 8.803886843771235726e+04
7.760000000000000000e+02 8.879246250316817896e+04
7.770000000000000000e+02 8.955058630905898463e+04
7.780000000000000000e+02 9.031325325162700028e+04
7.790000000000000000e+02 9.108047669852930994e+04
7.800000000000000000e+02 9.185226998865307542e+04
7.810000000000000000e+02 9.262864643193257507e+04
7.820000000000000000e+02 9.340961930916819256e+04
7.830000000000000000e+02 9.419520187184686074e+04
7.840000000000000000e+02 9.498540734196460107e+04
7.850000000000000000e+02 9.578024891185053275e+04
7.860000000000000000e+02 9.657973974399291910e+04
7.870000000000000000e+02 9.738389297086685838e+04
7.880000000000000000e+02 9.819272169476363342e+04
7.890000000000000000e+02 9.900623898762205499e+04
7.900000000000000000e+02 9.982445789086131845e+04
7.910000000000000000e+02 1.006473914152157377e+05
7.920000000000000000e+02 1.014750525405711669e+05
7.930000000000000000e+02 1.023074542158032418e+05
7.940000000000000000e+02 1.031446093586172501e+05
7.950000000000000000e+02 1.039865308553897630e+05
7.960000000000000000e+02 1.048332315610120422e+05
7.970000000000000000e+02 1.056847242987351055e+05
7.980000000000000000e+02 1.065410218600165390e+05
7.990000000000000000e+02 1.074021370043690113e+05
8.000000000000000000e+02 1.082680824592104327e+05
8.010000000000000000e+02 1.091388709197159915e+05
8.020000000000000000e+02 1.100145150486716884e+05
8.030000000000000000e+02 1.108950274763295747e+05
8.040000000000000000e+02 1.117804208002649248e+05
8.050000000000000000e+02 1.126707075852346898e+05
8.060000000000000000e+02 1.135659003630379739e+05
8.070000000000000000e+02 1.144660116323780967e+05
8.080000000000000000e+02 1.153710538587260235e+05
8.090000000000000000e+02 1.162810394741859491e+05
8.100000000000000000e+02 1.171959808773621771e+05
8.110000000000000000e+02 1.181158904332277598e+05
8.120000000000000000e+02 1.190407804729947820e+05
8.130000000000000000e+02 1.199706632939862029e+05
8.140000000000000000e+02 1.209055511595095304e+05
8.150000000000000000e+02 1.218454562987318495e+05
8.160000000000000000e+02 1.227903909065566986e+05
8.170000000000000000e+02 1.237403671435023716e+05
8.180000000000000000e+02 1.246953971355820540e+05
8.190000000000000000e+02 1.256554929741852538e+05
8.200000000000000000e+02 1.266206667159611825e+05
8.210000000000000000e+02 1.275909303827033582e+05
8.220000000000000000e+02 1.285662959612361155e+05
8.230000000000000000e+02 1.295467754033025121e+05
8.240000000000000000e+02 1.305323806254537631e+05
8.250000000000000000e+02 1.315231235089404217e+05
8.260000000000000000e+02 1.325190158996050013e+05
8.270000000000000000e+02 1.335200696077761240e+05
8.280000000000000000e+02 1.345262964081643149e+05
8.290000000000000000e+02 1.355377080397591344e+05
8.300000000000000000e+02 1.365543162057281588e+05
8.310000000000000000e+02 1.375761325733171834e+05
8.320000000000000000e+02 1.386031687737522007e+05
8.330000000000000000e+02 1.396354364021426300e+05
8.340000000000000000e+02 1.406729470173862646e+05
8.350000000000000000e+02 1.417157121420756448e+05
8.360000000000000000e+02 1.427637432624057983e+05
8.370000000000000000e+02 1.438170518280837859e+05
8.380000000000000000e+02 1.448756492522394692e+05
8.390000000000000000e+02 1.459395469113376457e+05
8.400000000000000000e+02 1.470087561450920766e+05
8.410000000000000000e+02 1.480832882563805324e+05
8.420000000000000000e+02 1.491631545111615851e+05
8.430000000000000000e+02 1.502483661383925937e+05
8.440000000000000000e+02 1.513389343299494940e+05
8.450000000000000000e+02 1.524348702405476070e+05
8.460000000000000000e+02 1.535361849876640481e+05
8.470000000000000000e+02 1.546428896514618827e+05
8.480000000000000000e+02 1.557549952747148927e+05
8.490000000000000000e+02 1.568725128627347585e+05
8.500000000000000000e+02 1.579954533832986490e+05
8.510000000000000000e+02 1.591238277665790520e+05
8.520000000000000000e+02 1.602576469050743617e+05
8.530000000000000000e+02 1.613969216535412706e+05
8.540000000000000000e+02 1.625416628289281216e+05
8.550000000000000000e+02 1.636918812103101518e+05
8.560000000000000000e+02 1.648475875388255226e+05
8.570000000000000000e+02 1.660087925176132121e+05
8.580000000000000000e+02 1.671755068117518385e+05
8.590000000000000000e+02 1.683477410481999686e+05
8.600000000000000000e+02 1.695255058157379972e+05
8.610000000000000000e+02 1.707088116649108415e+05
8.620000000000000000e+02 1.718976691079724988e+05
8.630000000000000000e+02 1.730920886188313598e+05
8.640000000000000000e+02 1.742920806329974439e+05
8.650000000000000000e+02 1.754976555475303321e+05
8.660000000000000000e+02 1.767088237209886429e+05
8.670000000000000000e+02 1.779255954733809631e+05
8.680000000000000000e+02 1.791479810861177393e+05
8.690000000000000000e+02 1.803759908019646537e+05
8.700000000000000000e+02 1.816096348249970470e+05
8.710000000000000000e+02 1.828489233205558266e+05
8.720000000000000000e+02 1.840938664152044221e+05
8.730000000000000000e+02 1.853444741966871661e+05
8.740000000000000000e+02 1.866007567138886661e+05
8.750000000000000000e+02 1.878627239767946012e+05
8.760000000000000000e+02 1.891303859564535669e+05
8.770000000000000000e+02 1.904037525849405210e+05
8.780000000000000000e+02 1.916828337553206075e+05
8.790000000000000000e+02 1.929676393216151046e+05
8.800000000000000000e+02 1.942581790987679851e+05
8.810000000000000000e+02 1.955544628626139020e+05
8.820000000000000000e+02 1.968565003498470469e+05
8.830000000000000000e+02 1.981643012579916976e+05
8.840000000000000000e+02 1.994778752453732304e+05
8.850000000000000000e+02 2.007972319310910243e+05
8.860000000000000000e+02 2.021223808949917438e+05
8.870000000000000000e+02 2.034533316776445135e+05
8.880000000000000000e+02 2.047900937803167035e+05
8.890000000000000000e+02 2.061326766649509082e+05
8.900000000000000000e+02 2.074810897541432350e+05
8.910000000000000000e+02 2.088353424311224953e+05
8.920000000000000000e+02 2.101954440397306462e+05
8.930000000000000000e+02 2.115614038844042807e+05
8.940000000000000000e+02 2.129332312301570782e+05
8.950000000000000000e+02 2.143109353025633609e+05
8.960000000000000000e+02 2.156945252877432504e+05
8.970000000000000000e+02 2.170840103323477670e+05
8.980000000000000000e+02 2.184793995435461111e+05
8.990000000000000000e+02 2.198807019890133524e+05
9.000000000000000000e+02 2.212879266969195160e+05
9.010000000000000000e+02 2.227010826559191919e+05
9.020000000000000000e+02 2.241201788151428918e+05
9.030000000000000000e+02 2.255452240841887542e+05
9.040000000000000000e+02 2.269762273331156466e+05
9.050000000000000000e+02 2.284131973924372578e+05
9.060000000000000000e+02 2.298561430531170627e+05
9.070000000000000000e+02 2.313050730665642186e+05
9.080000000000000000e+02 2.327599961446307716e+05
9.090000000000000000e+02 2.342209209596093278e+05
9.100000000000000000e+02 2.356878561442323553e+05
9.110000000000000000e+02 2.371608102916718344e+05
9.120000000000000000e+02 2.386397919555402477e+05
9.130000000000000000e+02 2.401248096498921805e+05
9.140000000000000000e+02 2.416158718492275511e+05
9.150000000000000000e+02 2.431129869884947548e+05
9.160000000000000000e+02 2.446161634630956978e+05
9.170000000000000000e+02 2.461254096288911242e+05
9.180000000000000000e+02 2.476407338022071635e+05
9.190000000000000000e+02 2.491621442598428112e+05
9.200000000000000000e+02 2.506896492390780186e+05
9.210000000000000000e+02 2.522232569376830361e+05
9.220000000000000000e+02 2.537629755139283079e+05
9.230000000000000000e+02 2.553088130865956773e+05
9.240000000000000000e+02 2.568607777349899116e+05
9.250000000000000000e+02 2.584188774989516824e+05
9.260000000000000000e+02 2.599831203788709245e+05
9.270000000000000000e+02 2.615535143357013876e+05
9.280000000000000000e+02 2.631300672909757704e+05
9.290000000000000000e+02 2.647127871268219315e+05
9.300000000000000000e+02 2.663016816859799437e+05
9.310000000000000000e+02 2.678967587718194118e+05
9.320000000000000000e+02 2.694980261483585928e+05
9.330000000000000000e+02 2.711054915402837214e+05
9.340000000000000000e+02 2.727191626329688006e+05
9.350000000000000000e+02 2.743390470724971965e+05
9.360000000000000000e+02 2.759651524656830588e+05
9.370000000000000000e+02 2.775974863800941966e+05
9.380000000000000000e+02 2.792360563440753031e+05
9.390000000000000000e+02 2.808808698467721115e+05
9.400000000000000000e+02 2.825319343381564831e+05
9.410000000000000000e+02 2.841892572290521348e+05
9.420000000000000000e+02 2.858528458911609487e+05
9.430000000000000000e+02 2.875227076570901554e+05
9.440000000000000000e+02 2.891988498203806230e+05
9.450000000000000000e+02 2.908812796355351456e+05
9.460000000000000000e+02 2.925700043180482462e+05
9.470000000000000000e+02 2.942650310444360366e+05
9.480000000000000000e+02 2.959663669522673590e+05
9.490000000000000000e+02 2.976740191401951597e+05
9.500000000000000000e+02 2.993879946679890272e+05
9.510000000000000000e+02 3.011083005565680214e+05
9.520000000000000000e+02 3.028349437880343758e+05
9.530000000000000000e+02 3.045679313057079562e+05
9.540000000000000000e+02 3.063072700141614187e+05
9.550000000000000000e+02 3.080529667792557739e+05
9.560000000000000000e+02 3.098050284281770000e+05
9.570000000000000000e+02 3.115634617494728882e+05
9.580000000000000000e+02 3.133282734930909937e+05
9.590000000000000000e+02 3.150994703704172280e+05
9.600000000000000000e+02 3.168770590543142753e+05
9.610000000000000000e+02 3.186610461791619309e+05
9.620000000000000000e+02 3.204514383408970898e+05
9.630000000000000000e+02 3.222482420970547828e+05
9.640000000000000000e+02 3.240514639668096788e+05
9.650000000000000000e+02 3.258611104310185183e+05
9.660000000000000000e+02 3.276771879322626046e+05
9.670000000000000000e+02 3.294997028748914599e+05
9.680000000000000000e+02 3.313286616250665393e+05
9.690000000000000000e+02 3.331640705108062830e+05
9.700000000000000000e+02 3.350059358220309950e+05
9.710000000000000000e+02 3.368542638106087106e+05
9.720000000000000000e+02 3.387090606904014712e+05
9.730000000000000000e+02 3.405703326373122982e+05
9.740000000000000000e+02 3.424380857893329230e+05
9.750000000000000000e+02 3.443123262465913431e+05
9.760000000000000000e+02 3.461930600714009488e+05
9.770000000000000000e+02 3.480802932883092435e+05
9.780000000000000000e+02 3.499740318841479602e+05
9.790000000000000000e+02 3.518742818080829456e+05
9.800000000000000000e+02 3.537810489716650918e+05
9.810000000000000000e+02 3.556943392488818499e+05
9.820000000000000000e+02 3.576141584762084531e+05
9.830000000000000000e+02 3.595405124526610016e+05
9.840000000000000000e+02 3.614734069398486754e+05
9.850000000000000000e+02 3.634128476620274014e+05
9.860000000000000000e+02 3.653588403061538702e+05
9.870000000000000000e+02 3.673113905219394364e+05
9.880000000000000000e+02 3.692705039219054161e+05
9.890000000000000000e+02 3.712361860814380925e+05
9.900000000000000000e+02 3.732084425388446543e+05
9.910000000000000000e+02 3.751872787954094820e+05
9.920000000000000000e+02 3.771727003154507838e+05
9.930000000000000000e+02 3.791647125263781054e+05
9.940000000000000000e+02 3.811633208187495475e+05
9.950000000000000000e+02 3.831685305463303230e+05
9.960000000000000000e+02 3.851803470261511393e+05
9.970000000000000000e+02 3.871987755385671626e+05
9.980000000000000000e+02 3.892238213273175643e+05
9.990000000000000000e+02 3.912554895995853003e+05
