# BB temperature (K); Intensity through filter (ph/s/m^2/mas^2)
1.000000000000000000e+01 0.000000000000000000e+00
1.100000000000000000e+01 0.000000000000000000e+00
1.200000000000000000e+01 0.000000000000000000e+00
1.300000000000000000e+01 0.000000000000000000e+00
1.400000000000000000e+01 0.000000000000000000e+00
1.500000000000000000e+01 0.000000000000000000e+00
1.600000000000000000e+01 0.000000000000000000e+00
1.700000000000000000e+01 0.000000000000000000e+00
1.800000000000000000e+01 0.000000000000000000e+00
1.900000000000000000e+01 0.000000000000000000e+00
2.000000000000000000e+01 0.000000000000000000e+00
2.100000000000000000e+01 3.192035678404070840e-87
2.200000000000000000e+01 4.123576920461926751e-83
2.300000000000000000e+01 2.382335238548920171e-79
2.400000000000000000e+01 6.805986113707559204e-76
2.500000000000000000e+01 1.045954103980638218e-72
2.600000000000000000e+01 9.284080396640514156e-70
2.700000000000000000e+01 5.055940915235504350e-67
2.800000000000000000e+01 1.778831081224820378e-64
2.900000000000000000e+01 4.227065462335127287e-62
3.000000000000000000e+01 7.050521507193112685e-60
3.100000000000000000e+01 8.535391798686592365e-58
3.200000000000000000e+01 7.722741511607399556e-56
3.300000000000000000e+01 5.358683529044203859e-54
3.400000000000000000e+01 2.917251421871716563e-52
3.500000000000000000e+01 1.271442122140960800e-50
3.600000000000000000e+01 4.516976196932505641e-49
3.700000000000000000e+01 1.329298356982744798e-47
3.800000000000000000e+01 3.287741148266066186e-46
3.900000000000000000e+01 6.923466695459797984e-45
4.000000000000000000e+01 1.256034030553839797e-43
4.100000000000000000e+01 1.984030690751499744e-42
4.200000000000000000e+01 2.755209681791650461e-41
4.300000000000000000e+01 3.393372530035863291e-40
4.400000000000000000e+01 3.736401109508851105e-39
4.500000000000000000e+01 3.705053637187140222e-38
4.600000000000000000e+01 3.330886353568089482e-37
4.700000000000000000e+01 2.731578794413143187e-36
4.800000000000000000e+01 2.054962811520270253e-35
4.900000000000000000e+01 1.425552221579239957e-34
5.000000000000000000e+01 9.162789407457823290e-34
5.100000000000000000e+01 5.480937308205403570e-33
5.200000000000000000e+01 3.063636603307267666e-32
5.300000000000000000e+01 1.606262577277368746e-31
5.400000000000000000e+01 7.927112192813643604e-31
5.500000000000000000e+01 3.694419675305927855e-30
5.600000000000000000e+01 1.630889655106010943e-29
5.700000000000000000e+01 6.838702475083721918e-29
5.800000000000000000e+01 2.731078771752247272e-28
5.900000000000000000e+01 1.041287306832775591e-27
6.000000000000000000e+01 3.799069741994751689e-27
6.100000000000000000e+01 1.329182173967420207e-26
6.200000000000000000e+01 4.468515757762765096e-26
6.300000000000000000e+01 1.446205548452139001e-25
6.400000000000000000e+01 4.513887179840519715e-25
6.500000000000000000e+01 1.360958071844330238e-24
6.600000000000000000e+01 3.969981444835042931e-24
6.700000000000000000e+01 1.122065671528047135e-23
6.800000000000000000e+01 3.077042435298998325e-23
6.900000000000000000e+01 8.197832860227930830e-23
7.000000000000000000e+01 2.124457197288009138e-22
7.100000000000000000e+01 5.361465427813652227e-22
7.200000000000000000e+01 1.319110503513910138e-21
7.300000000000000000e+01 3.167311023580878842e-21
7.400000000000000000e+01 7.429126162524420014e-21
7.500000000000000000e+01 1.703826448611235558e-20
7.600000000000000000e+01 3.824156417061050334e-20
7.700000000000000000e+01 8.406805300782606131e-20
7.800000000000000000e+01 1.811570835103530856e-19
7.900000000000000000e+01 3.829440236101312788e-19
8.000000000000000000e+01 7.946600129933121535e-19
8.100000000000000000e+01 1.619901973008775083e-18
8.200000000000000000e+01 3.245923957870259387e-18
8.300000000000000000e+01 6.397313852227195559e-18
8.400000000000000000e+01 1.240856352636322501e-17
8.500000000000000000e+01 2.370024337564821242e-17
8.600000000000000000e+01 4.459880648000976952e-17
8.700000000000000000e+01 8.272826248811788865e-17
8.800000000000000000e+01 1.513407632447592623e-16
8.900000000000000000e+01 2.731687223843985902e-16
9.000000000000000000e+01 4.867117519494081754e-16
9.100000000000000000e+01 8.563727808647641572e-16
9.200000000000000000e+01 1.488608252188422685e-15
9.300000000000000000e+01 2.557368872617564124e-15
9.400000000000000000e+01 4.343735880539015845e-15
9.500000000000000000e+01 7.297018647895036536e-15
9.600000000000000000e+01 1.212796739730738838e-14
9.700000000000000000e+01 1.994956924094421424e-14
9.800000000000000000e+01 3.248767253818444762e-14
9.900000000000000000e+01 5.239313631013303655e-14
1.000000000000000000e+02 8.370026724564216836e-14
1.010000000000000000e+02 1.324942136832473403e-13
1.020000000000000000e+02 2.078743236523669279e-13
1.030000000000000000e+02 3.233332858424479661e-13
1.040000000000000000e+02 4.987157636888560426e-13
1.050000000000000000e+02 7.629785007376697029e-13
1.060000000000000000e+02 1.158050661722396987e-12
1.070000000000000000e+02 1.744193643597594745e-12
1.080000000000000000e+02 2.607390141155788471e-12
1.090000000000000000e+02 3.869460751832950632e-12
1.100000000000000000e+02 5.701822470040901017e-12
1.110000000000000000e+02 8.344078728968885478e-12
1.120000000000000000e+02 1.212897928650207472e-11
1.130000000000000000e+02 1.751572711991022449e-11
1.140000000000000000e+02 2.513415873904130737e-11
1.150000000000000000e+02 3.584300783427722106e-11
1.160000000000000000e+02 5.080630809899899023e-11
1.170000000000000000e+02 7.159303241618796428e-11
1.180000000000000000e+02 1.003063408691708540e-10
1.190000000000000000e+02 1.397503638843365359e-10
1.200000000000000000e+02 1.936443307824720900e-10
1.210000000000000000e+02 2.668961273024929423e-10
1.220000000000000000e+02 3.659500959248737160e-10
1.230000000000000000e+02 4.992271570236148414e-10
1.240000000000000000e+02 6.776792141533905679e-10
1.250000000000000000e+02 9.154844113449798832e-10
1.260000000000000000e+02 1.230915244338139228e-09
1.270000000000000000e+02 1.647417914339906150e-09
1.280000000000000000e+02 2.194948789106854154e-09
1.290000000000000000e+02 2.911622553610708212e-09
1.300000000000000000e+02 3.845736758600131271e-09
1.310000000000000000e+02 5.058249193865241183e-09
1.320000000000000000e+02 6.625798025118241956e-09
1.330000000000000000e+02 8.644370158385302799e-09
1.340000000000000000e+02 1.123374107170783073e-08
1.350000000000000000e+02 1.454282963822391374e-08
1.360000000000000000e+02 1.875613453471432602e-08
1.370000000000000000e+02 2.410144498316691900e-08
1.380000000000000000e+02 3.085904812819429470e-08
1.390000000000000000e+02 3.937268864940489857e-08
1.400000000000000000e+02 5.006257360509268576e-08
1.410000000000000000e+02 6.344075738262247474e-08
1.420000000000000000e+02 8.012928839284038288e-08
1.430000000000000000e+02 1.008815512119348188e-07
1.440000000000000000e+02 1.266072956849996222e-07
1.450000000000000000e+02 1.584019085202811486e-07
1.460000000000000000e+02 1.975805535985083924e-07
1.470000000000000000e+02 2.457178850910171942e-07
1.480000000000000000e+02 3.046941230318836284e-07
1.490000000000000000e+02 3.767483747447979894e-07
1.500000000000000000e+02 4.645401880185642587e-07
1.510000000000000000e+02 5.712204336994214004e-07
1.520000000000000000e+02 7.005127369751852629e-07
1.530000000000000000e+02 8.568068086223643622e-07
1.540000000000000000e+02 1.045265170432950559e-06
1.550000000000000000e+02 1.271944923493111305e-06
1.560000000000000000e+02 1.543936374509993848e-06
1.570000000000000000e+02 1.869520514528837754e-06
1.580000000000000000e+02 2.258347536696219689e-06
1.590000000000000000e+02 2.721638785741357008e-06
1.600000000000000000e+02 3.272414752086601434e-06
1.610000000000000000e+02 3.925751958464415638e-06
1.620000000000000000e+02 4.699071837094173808e-06
1.630000000000000000e+02 5.612464961318058650e-06
1.640000000000000000e+02 6.689054277543833364e-06
1.650000000000000000e+02 7.955401281796253303e-06
1.660000000000000000e+02 9.441959400508014448e-06
1.670000000000000000e+02 1.118357916771901015e-05
1.680000000000000000e+02 1.322007014089304670e-05
1.690000000000000000e+02 1.559682486535628768e-05
1.700000000000000000e+02 1.836551058311773136e-05
1.710000000000000000e+02 2.158483478570907317e-05
1.720000000000000000e+02 2.532139113278627184e-05
1.730000000000000000e+02 2.965059269862594624e-05
1.740000000000000000e+02 3.465769996732646831e-05
1.750000000000000000e+02 4.043895147442979742e-05
1.760000000000000000e+02 4.710280548770404022e-05
1.770000000000000000e+02 5.477130163278971699e-05
1.780000000000000000e+02 6.358155190008284489e-05
1.790000000000000000e+02 7.368737101730319847e-05
1.800000000000000000e+02 8.526105673731576898e-05
1.810000000000000000e+02 9.849533117251073160e-05
1.820000000000000000e+02 1.136054549049113685e-04
1.830000000000000000e+02 1.308315262146144797e-04
1.840000000000000000e+02 1.504409783975560640e-04
1.850000000000000000e+02 1.727312887862504165e-04
1.860000000000000000e+02 1.980329137433288619e-04
1.870000000000000000e+02 2.267124645665949715e-04
1.880000000000000000e+02 2.591761399250503469e-04
1.890000000000000000e+02 2.958734311369900323e-04
1.900000000000000000e+02 3.373011173028499709e-04
1.910000000000000000e+02 3.840075680159460848e-04
1.920000000000000000e+02 4.365973720925028540e-04
1.930000000000000000e+02 4.957363114872586057e-04
1.940000000000000000e+02 5.621567002912818481e-04
1.950000000000000000e+02 6.366631094431758620e-04
1.960000000000000000e+02 7.201384985223192869e-04
1.970000000000000000e+02 8.135507767318583177e-04
1.980000000000000000e+02 9.179598159184597329e-04
1.990000000000000000e+02 1.034524939213998882e-03
2.000000000000000000e+02 1.164512909619907534e-03
2.010000000000000000e+02 1.309306443586461064e-03
2.020000000000000000e+02 1.470413275365339964e-03
2.030000000000000000e+02 1.649475798632844608e-03
2.040000000000000000e+02 1.848281312591751758e-03
2.050000000000000000e+02 2.068772900460359027e-03
2.060000000000000000e+02 2.313060968946354604e-03
2.070000000000000000e+02 2.583435477979163439e-03
2.080000000000000000e+02 2.882378890635921894e-03
2.090000000000000000e+02 3.212579873841618985e-03
2.100000000000000000e+02 3.576947781051815264e-03
2.110000000000000000e+02 3.978627948735108909e-03
2.120000000000000000e+02 4.421017839060783702e-03
2.130000000000000000e+02 4.907784061763336737e-03
2.140000000000000000e+02 5.442880308698446780e-03
2.150000000000000000e+02 6.030566235123012431e-03
2.160000000000000000e+02 6.675427322223747087e-03
2.170000000000000000e+02 7.382395755883241345e-03
2.180000000000000000e+02 8.156772357107957422e-03
2.190000000000000000e+02 9.004249599948237551e-03
2.200000000000000000e+02 9.930935753114633266e-03
2.210000000000000000e+02 1.094338018183683807e-02
2.220000000000000000e+02 1.204859984681993026e-02
2.230000000000000000e+02 1.325410703742634783e-02
2.240000000000000000e+02 1.456793837645049827e-02
2.250000000000000000e+02 1.599868513405444323e-02
2.260000000000000000e+02 1.755552488859778854e-02
2.270000000000000000e+02 1.924825457222081870e-02
2.280000000000000000e+02 2.108732493912734984e-02
2.290000000000000000e+02 2.308387649456133603e-02
2.300000000000000000e+02 2.524977692247836608e-02
2.310000000000000000e+02 2.759766004988007532e-02
2.320000000000000000e+02 3.014096638570414044e-02
2.330000000000000000e+02 3.289398527204622641e-02
2.340000000000000000e+02 3.587189868533138121e-02
2.350000000000000000e+02 3.909082672485120202e-02
2.360000000000000000e+02 4.256787482583943016e-02
2.370000000000000000e+02 4.632118273397198283e-02
2.380000000000000000e+02 5.036997527784811690e-02
2.390000000000000000e+02 5.473461497563698180e-02
2.400000000000000000e+02 5.943665651165933039e-02
2.410000000000000000e+02 6.449890311821546152e-02
2.420000000000000000e+02 6.994546489747159590e-02
2.430000000000000000e+02 7.580181911767307212e-02
2.440000000000000000e+02 8.209487251736960478e-02
2.450000000000000000e+02 8.885302565071162562e-02
2.460000000000000000e+02 9.610623930620944277e-02
2.470000000000000000e+02 1.038861030306406918e-01
2.480000000000000000e+02 1.122259057890431233e-01
2.490000000000000000e+02 1.211607087909438302e-01
2.500000000000000000e+02 1.307274205121503330e-01
2.510000000000000000e+02 1.409648739405666151e-01
2.520000000000000000e+02 1.519139060735953950e-01
2.530000000000000000e+02 1.636174396937533082e-01
2.540000000000000000e+02 1.761205674481528538e-01
2.550000000000000000e+02 1.894706382564980973e-01
2.560000000000000000e+02 2.037173460712037310e-01
2.570000000000000000e+02 2.189128210121722429e-01
2.580000000000000000e+02 2.351117228976630780e-01
2.590000000000000000e+02 2.523713371915532466e-01
2.600000000000000000e+02 2.707516733861254354e-01
2.610000000000000000e+02 2.903155658383316240e-01
2.620000000000000000e+02 3.111287770762605209e-01
2.630000000000000000e+02 3.332601035912959864e-01
2.640000000000000000e+02 3.567814841301889528e-01
2.650000000000000000e+02 3.817681104999707253e-01
2.660000000000000000e+02 4.082985408973305308e-01
2.670000000000000000e+02 4.364548157727436983e-01
2.680000000000000000e+02 4.663225762382936512e-01
2.690000000000000000e+02 4.979911850267519369e-01
2.700000000000000000e+02 5.315538500081115059e-01
2.710000000000000000e+02 5.671077502683551375e-01
2.720000000000000000e+02 6.047541647538439147e-01
2.730000000000000000e+02 6.445986034832692502e-01
2.740000000000000000e+02 6.867509413276980945e-01
2.750000000000000000e+02 7.313255543577785733e-01
2.760000000000000000e+02 7.784414587557342280e-01
2.770000000000000000e+02 8.282224522883115947e-01
2.780000000000000000e+02 8.807972583353880225e-01
2.790000000000000000e+02 9.362996724674712556e-01
2.800000000000000000e+02 9.948687115638670253e-01
2.810000000000000000e+02 1.056648765461810191e+00
2.820000000000000000e+02 1.121789751125390699e+00
2.830000000000000000e+02 1.190447269321640578e+00
2.840000000000000000e+02 1.262782763789679574e+00
2.850000000000000000e+02 1.338963682887363893e+00
2.860000000000000000e+02 1.419163643698424071e+00
2.870000000000000000e+02 1.503562598581630105e+00
2.880000000000000000e+02 1.592347004142093514e+00
2.890000000000000000e+02 1.685709992603372509e+00
2.900000000000000000e+02 1.783851545557647578e+00
2.910000000000000000e+02 1.886978670069802799e+00
2.920000000000000000e+02 1.995305577109885320e+00
2.930000000000000000e+02 2.109053862287010972e+00
2.940000000000000000e+02 2.228452688856436215e+00
2.950000000000000000e+02 2.353738972970159882e+00
2.960000000000000000e+02 2.485157571140099275e+00
2.970000000000000000e+02 2.622961469881555985e+00
2.980000000000000000e+02 2.767411977503415166e+00
2.990000000000000000e+02 2.918778918010238588e+00
3.000000000000000000e+02 3.077340827080153218e+00
3.010000000000000000e+02 3.243385150081230517e+00
3.020000000000000000e+02 3.417208442087827702e+00
3.030000000000000000e+02 3.599116569857184089e+00
3.040000000000000000e+02 3.789424915725410958e+00
3.050000000000000000e+02 3.988458583380880995e+00
3.060000000000000000e+02 4.196552605471917552e+00
3.070000000000000000e+02 4.414052153004594636e+00
3.080000000000000000e+02 4.641312746485425578e+00
3.090000000000000000e+02 4.878700468762672493e+00
3.100000000000000000e+02 5.126592179519031234e+00
3.110000000000000000e+02 5.385375731367453511e+00
3.120000000000000000e+02 5.655450187500977499e+00
3.130000000000000000e+02 5.937226040846466546e+00
3.140000000000000000e+02 6.231125434671330510e+00
3.150000000000000000e+02 6.537582384591434703e+00
3.160000000000000000e+02 6.857043001927594972e+00
3.170000000000000000e+02 7.189965718357263391e+00
3.180000000000000000e+02 7.536821511807247909e+00
3.190000000000000000e+02 7.898094133532637784e+00
3.200000000000000000e+02 8.274280336326359730e+00
3.210000000000000000e+02 8.665890103803125299e+00
3.220000000000000000e+02 9.073446880701059314e+00
3.230000000000000000e+02 9.497487804143396772e+00
3.240000000000000000e+02 9.938563935802475768e+00
3.250000000000000000e+02 1.039724049490737734e+01
3.260000000000000000e+02 1.087409709203627806e+01
3.270000000000000000e+02 1.136972796363407845e+01
3.280000000000000000e+02 1.188474220719538721e+01
3.290000000000000000e+02 1.241976401705261779e+01
3.300000000000000000e+02 1.297543292070856324e+01
3.310000000000000000e+02 1.355240401565250252e+01
3.320000000000000000e+02 1.415134820659858050e+01
3.330000000000000000e+02 1.477295244308492173e+01
3.340000000000000000e+02 1.541791995737180088e+01
3.350000000000000000e+02 1.608697050257686456e+01
3.360000000000000000e+02 1.678084059098536329e+01
3.370000000000000000e+02 1.750028373247311109e+01
3.380000000000000000e+02 1.824607067297980478e+01
3.390000000000000000e+02 1.901898963297044531e+01
3.400000000000000000e+02 1.981984654582220173e+01
3.410000000000000000e+02 2.064946529607440340e+01
3.420000000000000000e+02 2.150868795747922846e+01
3.430000000000000000e+02 2.239837503079060355e+01
3.440000000000000000e+02 2.331940568122904978e+01
3.450000000000000000e+02 2.427267797556041273e+01
3.460000000000000000e+02 2.525910911872616538e+01
3.470000000000000000e+02 2.627963568996361232e+01
3.480000000000000000e+02 2.733521387835423511e+01
3.490000000000000000e+02 2.842681971773866678e+01
3.500000000000000000e+02 2.955544932093710031e+01
3.510000000000000000e+02 3.072211911321418754e+01
3.520000000000000000e+02 3.192786606492785140e+01
3.530000000000000000e+02 3.317374792330148381e+01
3.540000000000000000e+02 3.446084344325986848e+01
3.550000000000000000e+02 3.579025261726901164e+01
3.560000000000000000e+02 3.716309690412069955e+01
3.570000000000000000e+02 3.858051945660324833e+01
3.580000000000000000e+02 4.004368534799984047e+01
3.590000000000000000e+02 4.155378179735679822e+01
3.600000000000000000e+02 4.311201839346440323e+01
3.610000000000000000e+02 4.471962731749339071e+01
3.620000000000000000e+02 4.637786356423082879e+01
3.630000000000000000e+02 4.808800516185971219e+01
3.640000000000000000e+02 4.985135339022697565e+01
3.650000000000000000e+02 5.166923299754544985e+01
3.660000000000000000e+02 5.354299241547572308e+01
3.670000000000000000e+02 5.547400397253466053e+01
3.680000000000000000e+02 5.746366410577787320e+01
3.690000000000000000e+02 5.951339357070393987e+01
3.700000000000000000e+02 6.162463764932941501e+01
3.710000000000000000e+02 6.379886635638354875e+01
3.720000000000000000e+02 6.603757464357309459e+01
3.730000000000000000e+02 6.834228260186800696e+01
3.740000000000000000e+02 7.071453566175921424e+01
3.750000000000000000e+02 7.315590479144124458e+01
3.760000000000000000e+02 7.566798669287237544e+01
3.770000000000000000e+02 7.825240399566636995e+01
3.780000000000000000e+02 8.091080544877024749e+01
3.790000000000000000e+02 8.364486610988384996e+01
3.800000000000000000e+02 8.645628753257689425e+01
3.810000000000000000e+02 8.934679795106110589e+01
3.820000000000000000e+02 9.231815246257517060e+01
3.830000000000000000e+02 9.537213320734096555e+01
3.840000000000000000e+02 9.851054954605123726e+01
3.850000000000000000e+02 1.017352382348483388e+02
3.860000000000000000e+02 1.050480635977563963e+02
3.870000000000000000e+02 1.084509176965280659e+02
3.880000000000000000e+02 1.119457204978696012e+02
3.890000000000000000e+02 1.155344200380080224e+02
3.900000000000000000e+02 1.192189925845649441e+02
3.910000000000000000e+02 1.230014427957033405e+02
3.920000000000000000e+02 1.268838038765132694e+02
3.930000000000000000e+02 1.308681377326045663e+02
3.940000000000000000e+02 1.349565351208747472e+02
3.950000000000000000e+02 1.391511157974213120e+02
3.960000000000000000e+02 1.434540286625691294e+02
3.970000000000000000e+02 1.478674519029835892e+02
3.980000000000000000e+02 1.523935931308421061e+02
3.990000000000000000e+02 1.570346895200363235e+02
4.000000000000000000e+02 1.617930079393798337e+02
4.010000000000000000e+02 1.666708450827952106e+02
4.020000000000000000e+02 1.716705275964571626e+02
4.030000000000000000e+02 1.767944122028675906e+02
4.040000000000000000e+02 1.820448858218406372e+02
4.050000000000000000e+02 1.874243656883761275e+02
4.060000000000000000e+02 1.929352994674008244e+02
4.070000000000000000e+02 1.985801653653574022e+02
4.080000000000000000e+02 2.043614722386235485e+02
4.090000000000000000e+02 2.102817596987416096e+02
4.100000000000000000e+02 2.163435982144435741e+02
4.110000000000000000e+02 2.225495892104535756e+02
4.120000000000000000e+02 2.289023651630547818e+02
4.130000000000000000e+02 2.354045896924041585e+02
4.140000000000000000e+02 2.420589576515838530e+02
4.150000000000000000e+02 2.488681952123747294e+02
4.160000000000000000e+02 2.558350599477421383e+02
4.170000000000000000e+02 2.629623409110216699e+02
4.180000000000000000e+02 2.702528587117967049e+02
4.190000000000000000e+02 2.777094655884561689e+02
4.200000000000000000e+02 2.853350454774276272e+02
4.210000000000000000e+02 2.931325140790748947e+02
4.220000000000000000e+02 3.011048189202572303e+02
4.230000000000000000e+02 3.092549394135402849e+02
4.240000000000000000e+02 3.175858869130585731e+02
4.250000000000000000e+02 3.261007047670215115e+02
4.260000000000000000e+02 3.348024683668622288e+02
4.270000000000000000e+02 3.436942851930253937e+02
4.280000000000000000e+02 3.527792948573936656e+02
4.290000000000000000e+02 3.620606691423504344e+02
4.300000000000000000e+02 3.715416120364807284e+02
4.310000000000000000e+02 3.812253597669085821e+02
4.320000000000000000e+02 3.911151808282746742e+02
4.330000000000000000e+02 4.012143760083554298e+02
4.340000000000000000e+02 4.115262784103256308e+02
4.350000000000000000e+02 4.220542534716709611e+02
4.360000000000000000e+02 4.328016989797509382e+02
4.370000000000000000e+02 4.437720450840220110e+02
4.380000000000000000e+02 4.549687543049225837e+02
4.390000000000000000e+02 4.663953215394289487e+02
4.400000000000000000e+02 4.780552740632886639e+02
4.410000000000000000e+02 4.899521715299391644e+02
4.420000000000000000e+02 5.020896059661202457e+02
4.430000000000000000e+02 5.144712017641904822e+02
4.440000000000000000e+02 5.271006156711553103e+02
4.450000000000000000e+02 5.399815367744204195e+02
4.460000000000000000e+02 5.531176864842790337e+02
4.470000000000000000e+02 5.665128185131453620e+02
4.480000000000000000e+02 5.801707188515476901e+02
4.490000000000000000e+02 5.940952057408935616e+02
4.500000000000000000e+02 6.082901296430197817e+02
4.510000000000000000e+02 6.227593732065422500e+02
4.520000000000000000e+02 6.375068512300200609e+02
4.530000000000000000e+02 6.525365106219494464e+02
4.540000000000000000e+02 6.678523303576030230e+02
4.550000000000000000e+02 6.834583214327296901e+02
4.560000000000000000e+02 6.993585268141348479e+02
4.570000000000000000e+02 7.155570213871550322e+02
4.580000000000000000e+02 7.320579119000460651e+02
4.590000000000000000e+02 7.488653369053054121e+02
4.600000000000000000e+02 7.659834666979425037e+02
4.610000000000000000e+02 7.834165032507212345e+02
4.620000000000000000e+02 8.011686801463918073e+02
4.630000000000000000e+02 8.192442625069322730e+02
4.640000000000000000e+02 8.376475469198217070e+02
4.650000000000000000e+02 8.563828613613642347e+02
4.660000000000000000e+02 8.754545651170867586e+02
4.670000000000000000e+02 8.948670486992325550e+02
4.680000000000000000e+02 9.146247337613697255e+02
4.690000000000000000e+02 9.347320730101436084e+02
4.700000000000000000e+02 9.551935501141883833e+02
4.710000000000000000e+02 9.760136796102278822e+02
4.720000000000000000e+02 9.971970068063859571e+02
4.730000000000000000e+02 1.018748107682729596e+03
4.740000000000000000e+02 1.040671588789072302e+03
4.750000000000000000e+02 1.062972087140061376e+03
4.760000000000000000e+02 1.085654270107570483e+03
4.770000000000000000e+02 1.108722835310432856e+03
4.780000000000000000e+02 1.132182510501523666e+03
4.790000000000000000e+02 1.156038053452238273e+03
4.800000000000000000e+02 1.180294251834374791e+03
4.810000000000000000e+02 1.204955923099457323e+03
4.820000000000000000e+02 1.230027914355525581e+03
4.830000000000000000e+02 1.255515102241412478e+03
4.840000000000000000e+02 1.281422392798542660e+03
4.850000000000000000e+02 1.307754721340279048e+03
4.860000000000000000e+02 1.334517052318838523e+03
4.870000000000000000e+02 1.361714379189813826e+03
4.880000000000000000e+02 1.389351724274324170e+03
4.890000000000000000e+02 1.417434138618821862e+03
4.900000000000000000e+02 1.445966701852585629e+03
4.910000000000000000e+02 1.474954522042933149e+03
4.920000000000000000e+02 1.504402735548170085e+03
4.930000000000000000e+02 1.534316506868317902e+03
4.940000000000000000e+02 1.564701028493638660e+03
4.950000000000000000e+02 1.595561520750994987e+03
4.960000000000000000e+02 1.626903231648063183e+03
4.970000000000000000e+02 1.658731436715444943e+03
4.980000000000000000e+02 1.691051438846689052e+03
4.990000000000000000e+02 1.723868568136266049e+03
5.000000000000000000e+02 1.757188181715520841e+03
5.010000000000000000e+02 1.791015663586632400e+03
5.020000000000000000e+02 1.825356424454611442e+03
5.030000000000000000e+02 1.860215901557364759e+03
5.040000000000000000e+02 1.895599558493859604e+03
5.050000000000000000e+02 1.931512885050414297e+03
5.060000000000000000e+02 1.967961397025145743e+03
5.070000000000000000e+02 2.004950636050607045e+03
5.080000000000000000e+02 2.042486169414642745e+03
5.090000000000000000e+02 2.080573589879491010e+03
5.100000000000000000e+02 2.119218515499164823e+03
5.110000000000000000e+02 2.158426589435144706e+03
5.120000000000000000e+02 2.198203479770407284e+03
5.130000000000000000e+02 2.238554879321822682e+03
5.140000000000000000e+02 2.279486505450955974e+03
5.150000000000000000e+02 2.321004099873293399e+03
5.160000000000000000e+02 2.363113428465931065e+03
5.170000000000000000e+02 2.405820281073753904e+03
5.180000000000000000e+02 2.449130471314132592e+03
5.190000000000000000e+02 2.493049836380176657e+03
5.200000000000000000e+02 2.537584236842558312e+03
5.210000000000000000e+02 2.582739556449956126e+03
5.220000000000000000e+02 2.628521701928135826e+03
5.230000000000000000e+02 2.674936602777699136e+03
5.240000000000000000e+02 2.721990211070535224e+03
5.250000000000000000e+02 2.769688501245002044e+03
5.260000000000000000e+02 2.818037469899864846e+03
5.270000000000000000e+02 2.867043135587030520e+03
5.280000000000000000e+02 2.916711538603089139e+03
5.290000000000000000e+02 2.967048740779718173e+03
5.300000000000000000e+02 3.018060825272948023e+03
5.310000000000000000e+02 3.069753896351352523e+03
5.320000000000000000e+02 3.122134079183153517e+03
5.330000000000000000e+02 3.175207519622314976e+03
5.340000000000000000e+02 3.228980383993609394e+03
5.350000000000000000e+02 3.283458858876718296e+03
5.360000000000000000e+02 3.338649150889383236e+03
5.370000000000000000e+02 3.394557486469629566e+03
5.380000000000000000e+02 3.451190111657108901e+03
5.390000000000000000e+02 3.508553291873568014e+03
5.400000000000000000e+02 3.566653311702487827e+03
5.410000000000000000e+02 3.625496474667915663e+03
5.420000000000000000e+02 3.685089103012514897e+03
5.430000000000000000e+02 3.745437537474862893e+03
5.440000000000000000e+02 3.806548137066022718e+03
5.450000000000000000e+02 3.868427278845430010e+03
5.460000000000000000e+02 3.931081357696089981e+03
5.470000000000000000e+02 3.994516786099146884e+03
5.480000000000000000e+02 4.058739993907834560e+03
5.490000000000000000e+02 4.123757428120833538e+03
5.500000000000000000e+02 4.189575552655071078e+03
5.510000000000000000e+02 4.256200848117983696e+03
5.520000000000000000e+02 4.323639811579260822e+03
5.530000000000000000e+02 4.391898956342125530e+03
5.540000000000000000e+02 4.460984811714131865e+03
5.550000000000000000e+02 4.530903922777551998e+03
5.560000000000000000e+02 4.601662850159336813e+03
5.570000000000000000e+02 4.673268169800714531e+03
5.580000000000000000e+02 4.745726472726419161e+03
5.590000000000000000e+02 4.819044364813587890e+03
5.600000000000000000e+02 4.893228466560362904e+03
5.610000000000000000e+02 4.968285412854194874e+03
5.620000000000000000e+02 5.044221852739904534e+03
5.630000000000000000e+02 5.121044449187497776e+03
5.640000000000000000e+02 5.198759878859777018e+03
5.650000000000000000e+02 5.277374831879764315e+03
5.660000000000000000e+02 5.356896011597965298e+03
5.670000000000000000e+02 5.437330134359488511e+03
5.680000000000000000e+02 5.518683929271049237e+03
5.690000000000000000e+02 5.600964137967886927e+03
5.700000000000000000e+02 5.684177514380602588e+03
5.710000000000000000e+02 5.768330824501949792e+03
5.720000000000000000e+02 5.853430846153609309e+03
5.730000000000000000e+02 5.939484368752943737e+03
5.740000000000000000e+02 6.026498193079783960e+03
5.750000000000000000e+02 6.114479131043248344e+03
5.760000000000000000e+02 6.203434005448623793e+03
5.770000000000000000e+02 6.293369649764326823e+03
5.780000000000000000e+02 6.384292907888973787e+03
5.790000000000000000e+02 6.476210633918568419e+03
5.800000000000000000e+02 6.569129691913838542e+03
5.810000000000000000e+02 6.663056955667731017e+03
5.820000000000000000e+02 6.757999308473099518e+03
5.830000000000000000e+02 6.853963642890586925e+03
5.840000000000000000e+02 6.950956860516747838e+03
5.850000000000000000e+02 7.048985871752389357e+03
5.860000000000000000e+02 7.148057595571202910e+03
5.870000000000000000e+02 7.248178959288656188e+03
5.880000000000000000e+02 7.349356898331192497e+03
5.890000000000000000e+02 7.451598356005766618e+03
5.900000000000000000e+02 7.554910283269669890e+03
5.910000000000000000e+02 7.659299638500775472e+03
5.920000000000000000e+02 7.764773387268101033e+03
5.930000000000000000e+02 7.871338502102792518e+03
5.940000000000000000e+02 7.979001962269510841e+03
5.950000000000000000e+02 8.087770753538236022e+03
5.960000000000000000e+02 8.197651867956519709e+03
5.970000000000000000e+02 8.308652303622202453e+03
5.980000000000000000e+02 8.420779064456583001e+03
5.990000000000000000e+02 8.534039159978121461e+03
6.000000000000000000e+02 8.648439605076609951e+03
6.010000000000000000e+02 8.763987419787878025e+03
6.020000000000000000e+02 8.880689629069052899e+03
6.030000000000000000e+02 8.998553262574361725e+03
6.040000000000000000e+02 9.117585354431501401e+03
6.050000000000000000e+02 9.237792943018603182e+03
6.060000000000000000e+02 9.359183070741783013e+03
6.070000000000000000e+02 9.481762783813323040e+03
6.080000000000000000e+02 9.605539132030473411e+03
6.090000000000000000e+02 9.730519168554888893e+03
6.100000000000000000e+02 9.856709949692740338e+03
6.110000000000000000e+02 9.984118534675471892e+03
6.120000000000000000e+02 1.011275198544127306e+04
6.130000000000000000e+02 1.024261736641721291e+04
6.140000000000000000e+02 1.037372174430211271e+04
6.150000000000000000e+02 1.050607218785013174e+04
6.160000000000000000e+02 1.063967576765507511e+04
6.170000000000000000e+02 1.077453955593546925e+04
6.180000000000000000e+02 1.091067062632039597e+04
6.190000000000000000e+02 1.104807605363607581e+04
6.200000000000000000e+02 1.118676291369325554e+04
6.210000000000000000e+02 1.132673828307539225e+04
6.220000000000000000e+02 1.146800923892763785e+04
6.230000000000000000e+02 1.161058285874662579e+04
6.240000000000000000e+02 1.175446622017111804e+04
6.250000000000000000e+02 1.189966640077347074e+04
6.260000000000000000e+02 1.204619047785194562e+04
6.270000000000000000e+02 1.219404552822389815e+04
6.280000000000000000e+02 1.234323862801982250e+04
6.290000000000000000e+02 1.249377685247829140e+04
6.300000000000000000e+02 1.264566727574174911e+04
6.310000000000000000e+02 1.279891697065327207e+04
6.320000000000000000e+02 1.295353300855415728e+04
6.330000000000000000e+02 1.310952245908250552e+04
6.340000000000000000e+02 1.326689238997265056e+04
6.350000000000000000e+02 1.342564986685561598e+04
6.360000000000000000e+02 1.358580195306043606e+04
6.370000000000000000e+02 1.374735570941646620e+04
6.380000000000000000e+02 1.391031819405666465e+04
6.390000000000000000e+02 1.407469646222181473e+04
6.400000000000000000e+02 1.424049756606574374e+04
6.410000000000000000e+02 1.440772855446150788e+04
6.420000000000000000e+02 1.457639647280859936e+04
6.430000000000000000e+02 1.474650836284112665e+04
6.440000000000000000e+02 1.491807126243700804e+04
6.450000000000000000e+02 1.509109220542817093e+04
6.460000000000000000e+02 1.526557822141179531e+04
6.470000000000000000e+02 1.544153633556255409e+04
6.480000000000000000e+02 1.561897356844591195e+04
6.490000000000000000e+02 1.579789693583243934e+04
6.500000000000000000e+02 1.597831344851318681e+04
6.510000000000000000e+02 1.616023011211611811e+04
6.520000000000000000e+02 1.634365392692357636e+04
6.530000000000000000e+02 1.652859188769082903e+04
6.540000000000000000e+02 1.671505098346568411e+04
6.550000000000000000e+02 1.690303819740916515e+04
6.560000000000000000e+02 1.709256050661726840e+04
6.570000000000000000e+02 1.728362488194381876e+04
6.580000000000000000e+02 1.747623828782438795e+04
6.590000000000000000e+02 1.767040768210133683e+04
6.600000000000000000e+02 1.786614001584990910e+04
6.610000000000000000e+02 1.806344223320548190e+04
6.620000000000000000e+02 1.826232127119186043e+04
6.630000000000000000e+02 1.846278405955074777e+04
6.640000000000000000e+02 1.866483752057226593e+04
6.650000000000000000e+02 1.886848856892664844e+04
6.660000000000000000e+02 1.907374411149699154e+04
6.670000000000000000e+02 1.928061104721318407e+04
6.680000000000000000e+02 1.948909626688695789e+04
6.690000000000000000e+02 1.969920665304802969e+04
6.700000000000000000e+02 1.991094907978139963e+04
6.710000000000000000e+02 2.012433041256580327e+04
6.720000000000000000e+02 2.033935750811327307e+04
6.730000000000000000e+02 2.055603721420984948e+04
6.740000000000000000e+02 2.077437636955745256e+04
6.750000000000000000e+02 2.099438180361686318e+04
6.760000000000000000e+02 2.121606033645189018e+04
6.770000000000000000e+02 2.143941877857465443e+04
6.780000000000000000e+02 2.166446393079206973e+04
6.790000000000000000e+02 2.189120258405341156e+04
6.800000000000000000e+02 2.211964151929908257e+04
6.810000000000000000e+02 2.234978750731056789e+04
6.820000000000000000e+02 2.258164730856144888e+04
6.830000000000000000e+02 2.281522767306968308e+04
6.840000000000000000e+02 2.305053534025097906e+04
6.850000000000000000e+02 2.328757703877333552e+04
6.860000000000000000e+02 2.352635948641278083e+04
6.870000000000000000e+02 2.376688938991025498e+04
6.880000000000000000e+02 2.400917344482962653e+04
6.890000000000000000e+02 2.425321833541689557e+04
6.900000000000000000e+02 2.449903073446061535e+04
6.910000000000000000e+02 2.474661730315336172e+04
6.920000000000000000e+02 2.499598469095447581e+04
6.930000000000000000e+02 2.524713953545391269e+04
6.940000000000000000e+02 2.550008846223727232e+04
6.950000000000000000e+02 2.575483808475200203e+04
6.960000000000000000e+02 2.601139500417474483e+04
6.970000000000000000e+02 2.626976580927987379e+04
6.980000000000000000e+02 2.652995707630916513e+04
6.990000000000000000e+02 2.679197536884267174e+04
7.000000000000000000e+02 2.705582723767071002e+04
7.010000000000000000e+02 2.732151922066706175e+04
7.020000000000000000e+02 2.758905784266329283e+04
7.030000000000000000e+02 2.785844961532425077e+04
7.040000000000000000e+02 2.812970103702474080e+04
7.050000000000000000e+02 2.840281859272732254e+04
7.060000000000000000e+02 2.867780875386128173e+04
7.070000000000000000e+02 2.895467797820276246e+04
7.080000000000000000e+02 2.923343270975605992e+04
7.090000000000000000e+02 2.951407937863604457e+04
7.100000000000000000e+02 2.979662440095173588e+04
7.110000000000000000e+02 3.008107417869106575e+04
7.120000000000000000e+02 3.036743509960675146e+04
7.130000000000000000e+02 3.065571353710330004e+04
7.140000000000000000e+02 3.094591585012524592e+04
7.150000000000000000e+02 3.123804838304640725e+04
7.160000000000000000e+02 3.153211746556036087e+04
7.170000000000000000e+02 3.182812941257205966e+04
7.180000000000000000e+02 3.212609052409056312e+04
7.190000000000000000e+02 3.242600708512285928e+04
7.200000000000000000e+02 3.272788536556891631e+04
7.210000000000000000e+02 3.303173162011778913e+04
7.220000000000000000e+02 3.333755208814487560e+04
7.230000000000000000e+02 3.364535299361027865e+04
7.240000000000000000e+02 3.395514054495834716e+04
7.250000000000000000e+02 3.426692093501824274e+04
7.260000000000000000e+02 3.458070034090572153e+04
7.270000000000000000e+02 3.489648492392596381e+04
7.280000000000000000e+02 3.521428082947751682e+04
7.290000000000000000e+02 3.553409418695740897e+04
7.300000000000000000e+02 3.585593110966727545e+04
7.310000000000000000e+02 3.617979769472064800e+04
7.320000000000000000e+02 3.650570002295132144e+04
7.330000000000000000e+02 3.683364415882284811e+04
7.340000000000000000e+02 3.716363615033908718e+04
7.350000000000000000e+02 3.749568202895580180e+04
7.360000000000000000e+02 3.782978780949347129e+04
7.370000000000000000e+02 3.816595949005107832e+04
7.380000000000000000e+02 3.850420305192095839e+04
7.390000000000000000e+02 3.884452445950485708e+04
7.400000000000000000e+02 3.918692966023089684e+04
7.410000000000000000e+02 3.953142458447174431e+04
7.420000000000000000e+02 3.987801514546372346e+04
7.430000000000000000e+02 4.022670723922712932e+04
7.440000000000000000e+02 4.057750674448742939e+04
7.450000000000000000e+02 4.093041952259769459e+04
7.460000000000000000e+02 4.128545141746196168e+04
7.470000000000000000e+02 4.164260825545965054e+04
7.480000000000000000e+02 4.200189584537108021e+04
7.490000000000000000e+02 4.236331997830398905e+04
7.500000000000000000e+02 4.272688642762108066e+04
7.510000000000000000e+02 4.309260094886857405e+04
7.520000000000000000e+02 4.346046927970592515e+04
7.530000000000000000e+02 4.383049713983629044e+04
7.540000000000000000e+02 4.420269023093832948e+04
7.550000000000000000e+02 4.457705423659880762e+04
7.560000000000000000e+02 4.495359482224623935e+04
7.570000000000000000e+02 4.533231763508562290e+04
7.580000000000000000e+02 4.571322830403405533e+04
7.590000000000000000e+02 4.609633243965749716e+04
7.600000000000000000e+02 4.648163563410830102e+04
7.610000000000000000e+02 4.686914346106404264e+04
7.620000000000000000e+02 4.725886147566697036e+04
7.630000000000000000e+02 4.765079521446476429e+04
7.640000000000000000e+02 4.804495019535207393e+04
7.650000000000000000e+02 4.844133191751304548e+04
7.660000000000000000e+02 4.883994586136490398e+04
7.670000000000000000e+02 4.924079748850238684e+04
7.680000000000000000e+02 4.964389224164324696e+04
7.690000000000000000e+02 5.004923554457457067e+04
7.700000000000000000e+02 5.045683280210018711e+04
7.710000000000000000e+02 5.086668939998889255e+04
7.720000000000000000e+02 5.127881070492372965e+04
7.730000000000000000e+02 5.169320206445207441e+04
7.740000000000000000e+02 5.210986880693678540e+04
7.750000000000000000e+02 5.252881624150813150e+04
7.760000000000000000e+02 5.295004965801681101e+04
7.770000000000000000e+02 5.337357432698769117e+04
7.780000000000000000e+02 5.379939549957462441e+04
7.790000000000000000e+02 5.422751840751609416e+04
7.800000000000000000e+02 5.465794826309169002e+04
7.810000000000000000e+02 5.509069025907966716e+04
7.820000000000000000e+02 5.552574956871520408e+04
7.830000000000000000e+02 5.596313134564964275e+04
7.840000000000000000e+02 5.640284072391060181e+04
7.850000000000000000e+02 5.684488281786291918e+04
7.860000000000000000e+02 5.728926272217059159e+04
7.870000000000000000e+02 5.773598551175933244e+04
7.880000000000000000e+02 5.818505624178028665e+04
7.890000000000000000e+02 5.863647994757440756e+04
7.900000000000000000e+02 5.909026164463767782e+04
7.910000000000000000e+02 5.954640632858737081e+04
7.920000000000000000e+02 6.000491897512890864e+04
7.930000000000000000e+02 6.046580454002365150e+04
7.940000000000000000e+02 6.092906795905763283e+04
7.950000000000000000e+02 6.139471414801092760e+04
7.960000000000000000e+02 6.186274800262796634e+04
7.970000000000000000e+02 6.233317439858865691e+04
7.980000000000000000e+02 6.280599819148021925e+04
7.990000000000000000e+02 6.328122421676997328e+04
8.000000000000000000e+02 6.375885728977881809e+04
8.010000000000000000e+02 6.423890220565555501e+04
8.020000000000000000e+02 6.472136373935196025e+04
8.030000000000000000e+02 6.520624664559868688e+04
8.040000000000000000e+02 6.569355565888198907e+04
8.050000000000000000e+02 6.618329549342102837e+04
8.060000000000000000e+02 6.667547084314629319e+04
8.070000000000000000e+02 6.717008638167829486e+04
8.080000000000000000e+02 6.766714676230764599e+04
8.090000000000000000e+02 6.816665661797526991e+04
8.100000000000000000e+02 6.866862056125377421e+04
8.110000000000000000e+02 6.917304318432947912e+04
8.120000000000000000e+02 6.967992905898510071e+04
8.130000000000000000e+02 7.018928273658313265e+04
8.140000000000000000e+02 7.070110874805026106e+04
8.150000000000000000e+02 7.121541160386205593e+04
8.160000000000000000e+02 7.173219579402881209e+04
8.170000000000000000e+02 7.225146578808175400e+04
8.180000000000000000e+02 7.277322603506021551e+04
8.190000000000000000e+02 7.329748096349937259e+04
8.200000000000000000e+02 7.382423498141873279e+04
8.210000000000000000e+02 7.435349247631129401e+04
8.220000000000000000e+02 7.488525781513340189e+04
8.230000000000000000e+02 7.541953534429536376e+04
8.240000000000000000e+02 7.595632938965258654e+04
8.250000000000000000e+02 7.649564425649755867e+04
8.260000000000000000e+02 7.703748422955232672e+04
8.270000000000000000e+02 7.758185357296190341e+04
8.280000000000000000e+02 7.812875653028798115e+04
8.290000000000000000e+02 7.867819732450366428e+04
8.300000000000000000e+02 7.923018015798852139e+04
8.310000000000000000e+02 7.978470921252455446e+04
8.320000000000000000e+02 8.034178864929263364e+04
8.330000000000000000e+02 8.090142260886964505e+04
8.340000000000000000e+02 8.146361521122627892e+04
8.350000000000000000e+02 8.202837055572541431e+04
8.360000000000000000e+02 8.259569272112104227e+04
8.370000000000000000e+02 8.316558576555801847e+04
8.380000000000000000e+02 8.373805372657225234e+04
8.390000000000000000e+02 8.431310062109155115e+04
8.400000000000000000e+02 8.489073044543700234e+04
8.410000000000000000e+02 8.547094717532517097e+04
8.420000000000000000e+02 8.605375476587057346e+04
8.430000000000000000e+02 8.663915715158899548e+04
8.440000000000000000e+02 8.722715824640133360e+04
8.450000000000000000e+02 8.781776194363782997e+04
8.460000000000000000e+02 8.841097211604320910e+04
8.470000000000000000e+02 8.900679261578206206e+04
8.480000000000000000e+02 8.960522727444500197e+04
8.490000000000000000e+02 9.020627990305537242e+04
8.500000000000000000e+02 9.080995429207631969e+04
8.510000000000000000e+02 9.141625421141862171e+04
8.520000000000000000e+02 9.202518341044898261e+04
8.530000000000000000e+02 9.263674561799885123e+04
8.540000000000000000e+02 9.325094454237387981e+04
8.550000000000000000e+02 9.386778387136361562e+04
8.560000000000000000e+02 9.448726727225218201e+04
8.570000000000000000e+02 9.510939839182907599e+04
8.580000000000000000e+02 9.573418085640069330e+04
8.590000000000000000e+02 9.636161827180226101e+04
8.600000000000000000e+02 9.699171422341041034e+04
8.610000000000000000e+02 9.762447227615609881e+04
8.620000000000000000e+02 9.825989597453808528e+04
8.630000000000000000e+02 9.889798884263701621e+04
8.640000000000000000e+02 9.953875438412975927e+04
8.650000000000000000e+02 1.001821960823044938e+05
8.660000000000000000e+02 1.008283174000760773e+05
8.670000000000000000e+02 1.014771217800019804e+05
8.680000000000000000e+02 1.021286126442986715e+05
8.690000000000000000e+02 1.027827933948584978e+05
8.700000000000000000e+02 1.034396674132669577e+05
8.710000000000000000e+02 1.040992380608204694e+05
8.720000000000000000e+02 1.047615086785447638e+05
8.730000000000000000e+02 1.054264825872132933e+05
8.740000000000000000e+02 1.060941630873665854e+05
8.750000000000000000e+02 1.067645534593316988e+05
8.760000000000000000e+02 1.074376569632422761e+05
8.770000000000000000e+02 1.081134768390589888e+05
8.780000000000000000e+02 1.087920163065902889e+05
8.790000000000000000e+02 1.094732785655139160e+05
8.800000000000000000e+02 1.101572667953983764e+05
8.810000000000000000e+02 1.108439841557252221e+05
8.820000000000000000e+02 1.115334337859115331e+05
8.830000000000000000e+02 1.122256188053328660e+05
8.840000000000000000e+02 1.129205423133465811e+05
8.850000000000000000e+02 1.136182073893156776e+05
8.860000000000000000e+02 1.143186170926327759e+05
8.870000000000000000e+02 1.150217744627448265e+05
8.880000000000000000e+02 1.157276825191778771e+05
8.890000000000000000e+02 1.164363442615624663e+05
8.900000000000000000e+02 1.171477626696593215e+05
8.910000000000000000e+02 1.178619407033852767e+05
8.920000000000000000e+02 1.185788813028398727e+05
8.930000000000000000e+02 1.192985873883320455e+05
8.940000000000000000e+02 1.200210618604072661e+05
8.950000000000000000e+02 1.207463075998751447e+05
8.960000000000000000e+02 1.214743274678371963e+05
8.970000000000000000e+02 1.222051243057151150e+05
8.980000000000000000e+02 1.229387009352793539e+05
8.990000000000000000e+02 1.236750601586779812e+05
9.000000000000000000e+02 1.244142047584659304e+05
9.010000000000000000e+02 1.251561374976347142e+05
9.020000000000000000e+02 1.259008611196420970e+05
9.030000000000000000e+02 1.266483783484425803e+05
9.040000000000000000e+02 1.273986918885177874e+05
9.050000000000000000e+02 1.281518044249074446e+05
9.060000000000000000e+02 1.289077186232405656e+05
9.070000000000000000e+02 1.296664371297669859e+05
9.080000000000000000e+02 1.304279625713891292e+05
9.090000000000000000e+02 1.311922975556942110e+05
9.100000000000000000e+02 1.319594446709865879e+05
9.110000000000000000e+02 1.327294064863205713e+05
9.120000000000000000e+02 1.335021855515334173e+05
9.130000000000000000e+02 1.342777843972786504e+05
9.140000000000000000e+02 1.350562055350595620e+05
9.150000000000000000e+02 1.358374514572633198e+05
9.160000000000000000e+02 1.366215246371949324e+05
9.170000000000000000e+02 1.374084275291117956e+05
9.180000000000000000e+02 1.381981625682583253e+05
9.190000000000000000e+02 1.389907321709011158e+05
9.200000000000000000e+02 1.397861387343640090e+05
9.210000000000000000e+02 1.405843846370636602e+05
9.220000000000000000e+02 1.413854722385453351e+05
9.230000000000000000e+02 1.421894038795190281e+05
9.240000000000000000e+02 1.429961818818955799e+05
9.250000000000000000e+02 1.438058085488233191e+05
9.260000000000000000e+02 1.446182861647248210e+05
9.270000000000000000e+02 1.454336169953339268e+05
9.280000000000000000e+02 1.462518032877329970e+05
9.290000000000000000e+02 1.470728472703904845e+05
9.300000000000000000e+02 1.478967511531985365e+05
9.310000000000000000e+02 1.487235171275110333e+05
9.320000000000000000e+02 1.495531473661818309e+05
9.330000000000000000e+02 1.503856440236030030e+05
9.340000000000000000e+02 1.512210092357436370e+05
9.350000000000000000e+02 1.520592451201887452e+05
9.360000000000000000e+02 1.529003537761780317e+05
9.370000000000000000e+02 1.537443372846454149e+05
9.380000000000000000e+02 1.545911977082584926e+05
9.390000000000000000e+02 1.554409370914581232e+05
9.400000000000000000e+02 1.562935574604984140e+05
9.410000000000000000e+02 1.571490608234867104e+05
9.420000000000000000e+02 1.580074491704239626e+05
9.430000000000000000e+02 1.588687244732451509e+05
9.440000000000000000e+02 1.597328886858600308e+05
9.450000000000000000e+02 1.605999437441939372e+05
9.460000000000000000e+02 1.614698915662286163e+05
9.470000000000000000e+02 1.623427340520439029e+05
9.480000000000000000e+02 1.632184730838586111e+05
9.490000000000000000e+02 1.640971105260725599e+05
9.500000000000000000e+02 1.649786482253079012e+05
9.510000000000000000e+02 1.658630880104512908e+05
9.520000000000000000e+02 1.667504316926960018e+05
9.530000000000000000e+02 1.676406810655838926e+05
9.540000000000000000e+02 1.685338379050480726e+05
9.550000000000000000e+02 1.694299039694553649e+05
9.560000000000000000e+02 1.703288809996490600e+05
9.570000000000000000e+02 1.712307707189916691e+05
9.580000000000000000e+02 1.721355748334081145e+05
9.590000000000000000e+02 1.730432950314287446e+05
9.600000000000000000e+02 1.739539329842327279e+05
9.610000000000000000e+02 1.748674903456915636e+05
9.620000000000000000e+02 1.757839687524124747e+05
9.630000000000000000e+02 1.767033698237824137e+05
9.640000000000000000e+02 1.776256951620116306e+05
9.650000000000000000e+02 1.785509463521779398e+05
9.660000000000000000e+02 1.794791249622706382e+05
9.670000000000000000e+02 1.804102325432349171e+05
9.680000000000000000e+02 1.813442706290161004e+05
9.690000000000000000e+02 1.822812407366042607e+05
9.700000000000000000e+02 1.832211443660787772e+05
9.710000000000000000e+02 1.841639830006530683e+05
9.720000000000000000e+02 1.851097581067194697e+05
9.730000000000000000e+02 1.860584711338940542e+05
9.740000000000000000e+02 1.870101235150621214e+05
9.750000000000000000e+02 1.879647166664227261e+05
9.760000000000000000e+02 1.889222519875345752e+05
9.770000000000000000e+02 1.898827308613610221e+05
9.780000000000000000e+02 1.908461546543157310e+05
9.790000000000000000e+02 1.918125247163081658e+05
9.800000000000000000e+02 1.927818423807893996e+05
9.810000000000000000e+02 1.937541089647976914e+05
9.820000000000000000e+02 1.947293257690045284e+05
9.830000000000000000e+02 1.957074940777604934e+05
9.840000000000000000e+02 1.966886151591413654e+05
9.850000000000000000e+02 1.976726902649940457e+05
9.860000000000000000e+02 1.986597206309830945e+05
9.870000000000000000e+02 1.996497074766367150e+05
9.880000000000000000e+02 2.006426520053932909e+05
9.890000000000000000e+02 2.016385554046477191e+05
9.900000000000000000e+02 2.026374188457979762e+05
9.910000000000000000e+02 2.036392434842917719e+05
9.920000000000000000e+02 2.046440304596729984e+05
9.930000000000000000e+02 2.056517808956287627e+05
9.940000000000000000e+02 2.066624959000357776e+05
9.950000000000000000e+02 2.076761765650075977e+05
9.960000000000000000e+02 2.086928239669412142e+05
9.970000000000000000e+02 2.097124391665642615e+05
9.980000000000000000e+02 2.107350232089819619e+05
9.990000000000000000e+02 2.117605771237240988e+05
