# BB temperature (K); Intensity through filter (ph/s/m^2/mas^2)
1.000000000000000000e+01 0.000000000000000000e+00
1.100000000000000000e+01 0.000000000000000000e+00
1.200000000000000000e+01 0.000000000000000000e+00
1.300000000000000000e+01 0.000000000000000000e+00
1.400000000000000000e+01 0.000000000000000000e+00
1.500000000000000000e+01 0.000000000000000000e+00
1.600000000000000000e+01 0.000000000000000000e+00
1.700000000000000000e+01 0.000000000000000000e+00
1.800000000000000000e+01 0.000000000000000000e+00
1.900000000000000000e+01 0.000000000000000000e+00
2.000000000000000000e+01 0.000000000000000000e+00
2.100000000000000000e+01 4.457549336532507944e-68
2.200000000000000000e+01 8.719561133728919709e-65
2.300000000000000000e+01 8.971430976961061071e-62
2.400000000000000000e+01 5.251593239688936225e-59
2.500000000000000000e+01 1.868473309993918328e-56
2.600000000000000000e+01 4.273751776312487305e-54
2.700000000000000000e+01 6.592945769801087567e-52
2.800000000000000000e+01 7.148386080418099656e-50
2.900000000000000000e+01 5.645344677252835575e-48
3.000000000000000000e+01 3.349683552487181817e-46
3.100000000000000000e+01 1.534353619109264510e-44
3.200000000000000000e+01 5.556401162349017043e-43
3.300000000000000000e+01 1.624501565820935750e-41
3.400000000000000000e+01 3.906314368531362682e-40
3.500000000000000000e+01 7.854049837329619734e-39
3.600000000000000000e+01 1.339916988372949293e-37
3.700000000000000000e+01 1.965264497962433248e-36
3.800000000000000000e+01 2.507460551649112213e-35
3.900000000000000000e+01 2.812629174363866739e-34
4.000000000000000000e+01 2.800263111432917789e-33
4.100000000000000000e+01 2.495959722447669653e-32
4.200000000000000000e+01 2.007341779533598721e-31
4.300000000000000000e+01 1.467003829952810602e-30
4.400000000000000000e+01 9.805547847522271984e-30
4.500000000000000000e+01 6.029778276110475746e-29
4.600000000000000000e+01 3.429714093099499766e-28
4.700000000000000000e+01 1.813355565014772273e-27
4.800000000000000000e+01 8.952437015215590185e-27
4.900000000000000000e+01 4.144181912625149127e-26
5.000000000000000000e+01 1.805670312262600671e-25
5.100000000000000000e+01 7.431455274630804144e-25
5.200000000000000000e+01 2.898423002419416508e-24
5.300000000000000000e+01 1.074515962513405912e-23
5.400000000000000000e+01 3.797008840595126556e-23
5.500000000000000000e+01 1.282256150873729468e-22
5.600000000000000000e+01 4.148196976600976173e-22
5.700000000000000000e+01 1.288455374297533453e-21
5.800000000000000000e+01 3.850456084885752727e-21
5.900000000000000000e+01 1.109261716886272675e-20
6.000000000000000000e+01 3.086207910257053549e-20
6.100000000000000000e+01 8.306621466725054463e-20
6.200000000000000000e+01 2.166322830411528629e-19
6.300000000000000000e+01 5.482381650475554498e-19
6.400000000000000000e+01 1.348249503453090878e-18
6.500000000000000000e+01 3.226239569133267754e-18
6.600000000000000000e+01 7.521151949681098942e-18
6.700000000000000000e+01 1.710164033959123726e-17
6.800000000000000000e+01 3.796921290765925308e-17
6.900000000000000000e+01 8.239734907454853330e-17
7.000000000000000000e+01 1.749462681949009839e-16
7.100000000000000000e+01 3.637510555826297398e-16
7.200000000000000000e+01 7.412902831699416127e-16
7.300000000000000000e+01 1.481878643114902659e-15
7.400000000000000000e+01 2.908130873671196962e-15
7.500000000000000000e+01 5.606748293398270937e-15
7.600000000000000000e+01 1.062688820017927784e-14
7.700000000000000000e+01 1.981461434656459629e-14
7.800000000000000000e+01 3.636817424106653471e-14
7.900000000000000000e+01 6.574639451150953088e-14
8.000000000000000000e+01 1.171338207967818973e-13
8.100000000000000000e+01 2.057718237403414378e-13
8.200000000000000000e+01 3.566191904369781071e-13
8.300000000000000000e+01 6.100283955413581253e-13
8.400000000000000000e+01 1.030441277736893592e-12
8.500000000000000000e+01 1.719555462295540382e-12
8.600000000000000000e+01 2.836036911522053134e-12
8.700000000000000000e+01 4.624714763666124244e-12
8.800000000000000000e+01 7.459369817258043296e-12
8.900000000000000000e+01 1.190481668272350156e-11
9.000000000000000000e+01 1.880610684083313349e-11
9.100000000000000000e+01 2.941550210689271350e-11
9.200000000000000000e+01 4.557157931593992669e-11
9.300000000000000000e+01 6.994966586314448234e-11
9.400000000000000000e+01 1.064090626343090277e-10
9.500000000000000000e+01 1.604705370622994786e-10
9.600000000000000000e+01 2.399677856965441404e-10
9.700000000000000000e+01 3.559294739003763565e-10
9.800000000000000000e+01 5.237646519358218283e-10
9.900000000000000000e+01 7.648445156683185799e-10
1.000000000000000000e+02 1.108598434274064263e-09
1.010000000000000000e+02 1.595272840703799230e-09
1.020000000000000000e+02 2.279539045981559765e-09
1.030000000000000000e+02 3.235181519679726149e-09
1.040000000000000000e+02 4.561153063789361634e-09
1.050000000000000000e+02 6.389349159176018557e-09
1.060000000000000000e+02 8.894532333711971894e-09
1.070000000000000000e+02 1.230693063796704914e-08
1.080000000000000000e+02 1.692814437484413805e-08
1.090000000000000000e+02 2.315112448690657624e-08
1.100000000000000000e+02 3.148513705577039065e-08
1.110000000000000000e+02 4.258680403667705585e-08
1.120000000000000000e+02 5.729851369471613032e-08
1.130000000000000000e+02 7.669572851625880585e-08
1.140000000000000000e+02 1.021449871603624332e-07
1.150000000000000000e+02 1.353747040378561171e-07
1.160000000000000000e+02 1.785612193287684868e-07
1.170000000000000000e+02 2.344329478510940320e-07
1.180000000000000000e+02 3.063959215537214427e-07
1.190000000000000000e+02 3.986845220852093037e-07
1.200000000000000000e+02 5.165417616146756374e-07
1.210000000000000000e+02 6.664340967220248616e-07
1.220000000000000000e+02 8.563064567226961121e-07
1.230000000000000000e+02 1.095883939330897482e-06
1.240000000000000000e+02 1.397027478242611273e-06
1.250000000000000000e+02 1.774151724215378557e-06
1.260000000000000000e+02 2.244714408714136909e-06
1.270000000000000000e+02 2.829787582321723919e-06
1.280000000000000000e+02 3.554722343944560618e-06
1.290000000000000000e+02 4.449920006330089052e-06
1.300000000000000000e+02 5.551724083350552149e-06
1.310000000000000000e+02 6.903449039501092365e-06
1.320000000000000000e+02 8.556563416477329126e-06
1.330000000000000000e+02 1.057204674963039985e-05
1.340000000000000000e+02 1.302194161232173907e-05
1.350000000000000000e+02 1.599112418213465445e-05
1.360000000000000000e+02 1.957931891256909252e-05
1.370000000000000000e+02 2.390338521984210023e-05
1.380000000000000000e+02 2.909990655886348415e-05
1.390000000000000000e+02 3.532811486697749986e-05
1.400000000000000000e+02 4.277318609974874869e-05
1.410000000000000000e+02 5.164994547045524963e-05
1.420000000000000000e+02 6.220702403397998861e-05
1.430000000000000000e+02 7.473151142580297917e-05
1.440000000000000000e+02 8.955415287650116173e-05
1.450000000000000000e+02 1.070551420696342525e-04
1.460000000000000000e+02 1.276705649935491813e-04
1.470000000000000000e+02 1.518995536522280306e-04
1.480000000000000000e+02 1.803122123429310711e-04
1.490000000000000000e+02 2.135583831744669050e-04
1.500000000000000000e+02 2.523773215842247167e-04
1.510000000000000000e+02 2.976083568087397138e-04
1.520000000000000000e+02 3.502026165649939717e-04
1.530000000000000000e+02 4.112358996007236958e-04
1.540000000000000000e+02 4.819227842639410868e-04
1.550000000000000000e+02 5.636320658163174570e-04
1.560000000000000000e+02 6.579036198631040347e-04
1.570000000000000000e+02 7.664667939844166692e-04
1.580000000000000000e+02 8.912604344190437622e-04
1.590000000000000000e+02 1.034454659461985426e-03
1.600000000000000000e+02 1.198474496079899752e-03
1.610000000000000000e+02 1.386025501113160663e-03
1.620000000000000000e+02 1.600121493307839378e-03
1.630000000000000000e+02 1.844114527293547363e-03
1.640000000000000000e+02 2.121727245481655304e-03
1.650000000000000000e+02 2.437087748690399281e-03
1.660000000000000000e+02 2.794767131096310975e-03
1.670000000000000000e+02 3.199819829852456731e-03
1.680000000000000000e+02 3.657826944390341842e-03
1.690000000000000000e+02 4.174942685021237714e-03
1.700000000000000000e+02 4.757944114961181262e-03
1.710000000000000000e+02 5.414284354309260860e-03
1.720000000000000000e+02 6.152149418798257344e-03
1.730000000000000000e+02 6.980518870297889103e-03
1.740000000000000000e+02 7.909230460071171864e-03
1.750000000000000000e+02 8.949048949651859999e-03
1.760000000000000000e+02 1.011173929791360157e-02
1.770000000000000000e+02 1.141014440642781555e-02
1.780000000000000000e+02 1.285826761854610284e-02
1.790000000000000000e+02 1.447136017078347499e-02
1.800000000000000000e+02 1.626601379801054584e-02
1.810000000000000000e+02 1.826025869667563528e-02
1.820000000000000000e+02 2.047366705276293733e-02
1.830000000000000000e+02 2.292746234344024067e-02
1.840000000000000000e+02 2.564463462335218533e-02
1.850000000000000000e+02 2.865006200826347368e-02
1.860000000000000000e+02 3.197063857024442374e-02
1.870000000000000000e+02 3.563540885981164585e-02
1.880000000000000000e+02 3.967570927138348164e-02
1.890000000000000000e+02 4.412531646907738581e-02
1.900000000000000000e+02 4.902060309026034374e-02
1.910000000000000000e+02 5.440070094435888598e-02
1.920000000000000000e+02 6.030767192423916456e-02
1.930000000000000000e+02 6.678668684697647295e-02
1.940000000000000000e+02 7.388621244004618671e-02
1.950000000000000000e+02 8.165820668788127679e-02
1.960000000000000000e+02 9.015832275235584337e-02
1.970000000000000000e+02 9.944612167906821676e-02
1.980000000000000000e+02 1.095852940993114755e-01
1.990000000000000000e+02 1.206438911353353571e-01
2.000000000000000000e+02 1.326945647139220197e-01
2.010000000000000000e+02 1.458148174904215499e-01
2.020000000000000000e+02 1.600872625822246931e-01
2.030000000000000000e+02 1.755998933071920842e-01
2.040000000000000000e+02 1.924463631188175483e-01
2.050000000000000000e+02 2.107262759258768381e-01
2.060000000000000000e+02 2.305454869800168671e-01
2.070000000000000000e+02 2.520164145101679298e-01
2.080000000000000000e+02 2.752583622778275729e-01
2.090000000000000000e+02 3.003978532221727171e-01
2.100000000000000000e+02 3.275689743586110425e-01
2.110000000000000000e+02 3.569137330887950377e-01
2.120000000000000000e+02 3.885824250742966335e-01
2.130000000000000000e+02 4.227340138200869069e-01
2.140000000000000000e+02 4.595365221076892492e-01
2.150000000000000000e+02 4.991674354113907475e-01
2.160000000000000000e+02 5.418141174242053770e-01
2.170000000000000000e+02 5.876742378134013345e-01
2.180000000000000000e+02 6.369562123183343250e-01
2.190000000000000000e+02 6.898796552960917428e-01
2.200000000000000000e+02 7.466758448130399461e-01
2.210000000000000000e+02 8.075882003728098724e-01
2.220000000000000000e+02 8.728727733635449626e-01
2.230000000000000000e+02 9.427987502993953051e-01
2.240000000000000000e+02 1.017648968923281716e+00
2.250000000000000000e+02 1.097720447229858953e+00
2.260000000000000000e+02 1.183324925459445787e+00
2.270000000000000000e+02 1.274789421105388065e+00
2.280000000000000000e+02 1.372456796968989590e+00
2.290000000000000000e+02 1.476686342287692799e+00
2.300000000000000000e+02 1.587854366953707297e+00
2.310000000000000000e+02 1.706354808831749059e+00
2.320000000000000000e+02 1.832599854175959608e+00
2.330000000000000000e+02 1.967020571137456653e+00
2.340000000000000000e+02 2.110067556345353701e+00
2.350000000000000000e+02 2.262211594535415760e+00
2.360000000000000000e+02 2.423944331191889567e+00
2.370000000000000000e+02 2.595778958159408845e+00
2.380000000000000000e+02 2.778250912173252374e+00
2.390000000000000000e+02 2.971918586247657146e+00
2.400000000000000000e+02 3.177364053853316328e+00
2.410000000000000000e+02 3.395193805806707488e+00
2.420000000000000000e+02 3.626039499785452147e+00
2.430000000000000000e+02 3.870558722375493144e+00
2.440000000000000000e+02 4.129435763547598448e+00
2.450000000000000000e+02 4.403382403452448024e+00
2.460000000000000000e+02 4.693138711415421938e+00
2.470000000000000000e+02 4.999473857004169908e+00
2.480000000000000000e+02 5.323186933034088852e+00
2.490000000000000000e+02 5.665107790368987040e+00
2.500000000000000000e+02 6.026097884366551583e+00
2.510000000000000000e+02 6.407051132810575034e+00
2.520000000000000000e+02 6.808894785164492092e+00
2.530000000000000000e+02 7.232590302973408214e+00
2.540000000000000000e+02 7.679134251234670749e+00
2.550000000000000000e+02 8.149559200549941096e+00
2.560000000000000000e+02 8.644934639864892745e+00
2.570000000000000000e+02 9.166367899595890378e+00
2.580000000000000000e+02 9.715005084936510826e+00
2.590000000000000000e+02 1.029203201913026078e+01
2.600000000000000000e+02 1.089867519648977634e+01
2.610000000000000000e+02 1.153620274493654918e+01
2.620000000000000000e+02 1.220592539782956187e+01
2.630000000000000000e+02 1.290919747484531399e+01
2.640000000000000000e+02 1.364741787166640208e+01
2.650000000000000000e+02 1.442203105823034903e+01
2.660000000000000000e+02 1.523452808528536728e+01
2.670000000000000000e+02 1.608644759899465271e+01
2.680000000000000000e+02 1.697937686332629426e+01
2.690000000000000000e+02 1.791495278996103480e+01
2.700000000000000000e+02 1.889486297544607396e+01
2.710000000000000000e+02 1.992084674531865218e+01
2.720000000000000000e+02 2.099469620491948163e+01
2.730000000000000000e+02 2.211825729661210360e+01
2.740000000000000000e+02 2.329343086312080402e+01
2.750000000000000000e+02 2.452217371669638624e+01
2.760000000000000000e+02 2.580649971381587449e+01
2.770000000000000000e+02 2.714848083511925125e+01
2.780000000000000000e+02 2.855024827028370282e+01
2.790000000000000000e+02 3.001399350753313655e+01
2.800000000000000000e+02 3.154196942747848809e+01
2.810000000000000000e+02 3.313649140098211632e+01
2.820000000000000000e+02 3.479993839073758011e+01
2.830000000000000000e+02 3.653475405625449923e+01
2.840000000000000000e+02 3.834344786193640431e+01
2.850000000000000000e+02 4.022859618793822989e+01
2.860000000000000000e+02 4.219284344348889704e+01
2.870000000000000000e+02 4.423890318236338715e+01
2.880000000000000000e+02 4.636955922018797338e+01
2.890000000000000000e+02 4.858766675326152296e+01
2.900000000000000000e+02 5.089615347857550631e+01
2.910000000000000000e+02 5.329802071471479508e+01
2.920000000000000000e+02 5.579634452332167882e+01
2.930000000000000000e+02 5.839427683080516829e+01
2.940000000000000000e+02 6.109504654997811457e+01
2.950000000000000000e+02 6.390196070130521377e+01
2.960000000000000000e+02 6.681840553344531486e+01
2.970000000000000000e+02 6.984784764277226543e+01
2.980000000000000000e+02 7.299383509155975958e+01
2.990000000000000000e+02 7.625999852451619176e+01
3.000000000000000000e+02 7.965005228335698462e+01
3.010000000000000000e+02 8.316779551910380519e+01
3.020000000000000000e+02 8.681711330180030473e+01
3.030000000000000000e+02 9.060197772733704369e+01
3.040000000000000000e+02 9.452644902107934399e+01
3.050000000000000000e+02 9.859467663799389925e+01
3.060000000000000000e+02 1.028109003589718640e+02
3.070000000000000000e+02 1.071794513830491411e+02
3.080000000000000000e+02 1.117047534152255679e+02
3.090000000000000000e+02 1.163913237495888353e+02
3.100000000000000000e+02 1.212437743474498859e+02
3.110000000000000000e+02 1.262668129102004286e+02
3.120000000000000000e+02 1.314652439466058240e+02
3.130000000000000000e+02 1.368439698342486963e+02
3.140000000000000000e+02 1.424079918748431623e+02
3.150000000000000000e+02 1.481624113431406897e+02
3.160000000000000000e+02 1.541124305291542669e+02
3.170000000000000000e+02 1.602633537734284630e+02
3.180000000000000000e+02 1.666205884950881568e+02
3.190000000000000000e+02 1.731896462124013283e+02
3.200000000000000000e+02 1.799761435555951437e+02
3.210000000000000000e+02 1.869858032716682033e+02
3.220000000000000000e+02 1.942244552209456288e+02
3.230000000000000000e+02 2.016980373651275329e+02
3.240000000000000000e+02 2.094125967465848248e+02
3.250000000000000000e+02 2.173742904586612781e+02
3.260000000000000000e+02 2.255893866067434601e+02
3.270000000000000000e+02 2.340642652598656355e+02
3.280000000000000000e+02 2.428054193926196831e+02
3.290000000000000000e+02 2.518194558171447852e+02
3.300000000000000000e+02 2.611130961049763073e+02
3.310000000000000000e+02 2.706931774985363859e+02
3.320000000000000000e+02 2.805666538120549376e+02
3.330000000000000000e+02 2.907405963217116209e+02
3.340000000000000000e+02 3.012221946447961614e+02
3.350000000000000000e+02 3.120187576076882010e+02
3.360000000000000000e+02 3.231377141024602793e+02
3.370000000000000000e+02 3.345866139319156787e+02
3.380000000000000000e+02 3.463731286428745193e+02
3.390000000000000000e+02 3.585050523475271689e+02
3.400000000000000000e+02 3.709903025326777879e+02
3.410000000000000000e+02 3.838369208567082183e+02
3.420000000000000000e+02 3.970530739340917989e+02
3.430000000000000000e+02 4.106470541072969809e+02
3.440000000000000000e+02 4.246272802059218634e+02
3.450000000000000000e+02 4.390022982929052091e+02
3.460000000000000000e+02 4.537807823976673376e+02
3.470000000000000000e+02 4.689715352360344696e+02
3.480000000000000000e+02 4.845834889168085056e+02
3.490000000000000000e+02 5.006257056348471224e+02
3.500000000000000000e+02 5.171073783505233905e+02
3.510000000000000000e+02 5.340378314554404824e+02
3.520000000000000000e+02 5.514265214242789170e+02
3.530000000000000000e+02 5.692830374526622563e+02
3.540000000000000000e+02 5.876171020809267702e+02
3.550000000000000000e+02 6.064385718036907065e+02
3.560000000000000000e+02 6.257574376651186867e+02
3.570000000000000000e+02 6.455838258397832305e+02
3.580000000000000000e+02 6.659279981990325723e+02
3.590000000000000000e+02 6.868003528627707510e+02
3.600000000000000000e+02 7.082114247365715300e+02
3.610000000000000000e+02 7.301718860340412220e+02
3.620000000000000000e+02 7.526925467843566366e+02
3.630000000000000000e+02 7.757843553249091428e+02
3.640000000000000000e+02 7.994583987789825414e+02
3.650000000000000000e+02 8.237259035184092681e+02
3.660000000000000000e+02 8.485982356111403533e+02
3.670000000000000000e+02 8.740869012536796845e+02
3.680000000000000000e+02 9.002035471883312994e+02
3.690000000000000000e+02 9.269599611052129831e+02
3.700000000000000000e+02 9.543680720289985402e+02
3.710000000000000000e+02 9.824399506903466772e+02
3.720000000000000000e+02 1.011187809881989779e+03
3.730000000000000000e+02 1.040624004799444720e+03
3.740000000000000000e+02 1.070761033366331958e+03
3.750000000000000000e+02 1.101611536544271303e+03
3.760000000000000000e+02 1.133188298627343784e+03
3.770000000000000000e+02 1.165504247521104844e+03
3.780000000000000000e+02 1.198572455006138398e+03
3.790000000000000000e+02 1.232406136986146294e+03
3.800000000000000000e+02 1.267018653720573411e+03
3.810000000000000000e+02 1.302423510041767940e+03
3.820000000000000000e+02 1.338634355556683204e+03
3.830000000000000000e+02 1.375664984833129665e+03
3.840000000000000000e+02 1.413529337570590769e+03
3.850000000000000000e+02 1.452241498755616021e+03
3.860000000000000000e+02 1.491815698801817462e+03
3.870000000000000000e+02 1.532266313674480898e+03
3.880000000000000000e+02 1.573607864999832600e+03
3.890000000000000000e+02 1.615855020158978050e+03
3.900000000000000000e+02 1.659022592366552999e+03
3.910000000000000000e+02 1.703125540734122296e+03
3.920000000000000000e+02 1.748178970318360371e+03
3.930000000000000000e+02 1.794198132154067025e+03
3.940000000000000000e+02 1.841198423272044693e+03
3.950000000000000000e+02 1.889195386701909229e+03
3.960000000000000000e+02 1.938204711459864029e+03
3.970000000000000000e+02 1.988242232521505684e+03
3.980000000000000000e+02 2.039323930779709599e+03
3.990000000000000000e+02 2.091465932987661745e+03
4.000000000000000000e+02 2.144684511687092254e+03
4.010000000000000000e+02 2.198996085121782016e+03
4.020000000000000000e+02 2.254417217136403906e+03
4.030000000000000000e+02 2.310964617060774799e+03
4.040000000000000000e+02 2.368655139579585921e+03
4.050000000000000000e+02 2.427505784587689050e+03
4.060000000000000000e+02 2.487533697031016345e+03
4.070000000000000000e+02 2.548756166733211558e+03
4.080000000000000000e+02 2.611190628208056751e+03
4.090000000000000000e+02 2.674854660457776845e+03
4.100000000000000000e+02 2.739765986757309292e+03
4.110000000000000000e+02 2.805942474424634383e+03
4.120000000000000000e+02 2.873402134577234392e+03
4.130000000000000000e+02 2.942163121874808894e+03
4.140000000000000000e+02 3.012243734248306737e+03
4.150000000000000000e+02 3.083662412615395624e+03
4.160000000000000000e+02 3.156437740582452079e+03
4.170000000000000000e+02 3.230588444133183657e+03
4.180000000000000000e+02 3.306133391303977078e+03
4.190000000000000000e+02 3.383091591846077790e+03
4.200000000000000000e+02 3.461482196874711008e+03
4.210000000000000000e+02 3.541324498505245174e+03
4.220000000000000000e+02 3.622637929476506542e+03
4.230000000000000000e+02 3.705442062761363104e+03
4.240000000000000000e+02 3.789756611164677906e+03
4.250000000000000000e+02 3.875601426908750000e+03
4.260000000000000000e+02 3.962996501206364428e+03
4.270000000000000000e+02 4.051961963821548125e+03
4.280000000000000000e+02 4.142518082618173139e+03
4.290000000000000000e+02 4.234685263096498602e+03
4.300000000000000000e+02 4.328484047917795579e+03
4.310000000000000000e+02 4.423935116417161225e+03
4.320000000000000000e+02 4.521059284104640938e+03
4.330000000000000000e+02 4.619877502154796275e+03
4.340000000000000000e+02 4.720410856884818713e+03
4.350000000000000000e+02 4.822680569221345650e+03
4.360000000000000000e+02 4.926707994156066889e+03
4.370000000000000000e+02 5.032514620190284404e+03
4.380000000000000000e+02 5.140122068768519057e+03
4.390000000000000000e+02 5.249552093701319791e+03
4.400000000000000000e+02 5.360826580577388995e+03
4.410000000000000000e+02 5.473967546165151361e+03
4.420000000000000000e+02 5.588997137803909936e+03
4.430000000000000000e+02 5.705937632784703965e+03
4.440000000000000000e+02 5.824811437721010407e+03
4.450000000000000000e+02 5.945641087909423732e+03
4.460000000000000000e+02 6.068449246680426768e+03
4.470000000000000000e+02 6.193258704739407221e+03
4.480000000000000000e+02 6.320092379498054470e+03
4.490000000000000000e+02 6.448973314396234855e+03
4.500000000000000000e+02 6.579924678214529195e+03
4.510000000000000000e+02 6.712969764377534375e+03
4.520000000000000000e+02 6.848131990248066359e+03
4.530000000000000000e+02 6.985434896412408307e+03
4.540000000000000000e+02 7.124902145956743880e+03
4.550000000000000000e+02 7.266557523734890310e+03
4.560000000000000000e+02 7.410424935627479499e+03
4.570000000000000000e+02 7.556528407792735379e+03
4.580000000000000000e+02 7.704892085908953959e+03
4.590000000000000000e+02 7.855540234408845208e+03
4.600000000000000000e+02 8.008497235705863204e+03
4.610000000000000000e+02 8.163787589412667330e+03
4.620000000000000000e+02 8.321435911551827303e+03
4.630000000000000000e+02 8.481466933758954838e+03
4.640000000000000000e+02 8.643905502478331982e+03
4.650000000000000000e+02 8.808776578151242575e+03
4.660000000000000000e+02 8.976105234397078675e+03
4.670000000000000000e+02 9.145916657187401142e+03
4.680000000000000000e+02 9.318236144013069861e+03
4.690000000000000000e+02 9.493089103044574586e+03
4.700000000000000000e+02 9.670501052285728292e+03
4.710000000000000000e+02 9.850497618720808532e+03
4.720000000000000000e+02 1.003310453745533960e+04
4.730000000000000000e+02 1.021834765085058825e+04
4.740000000000000000e+02 1.040625290765196951e+04
4.750000000000000000e+02 1.059684636211143516e+04
4.760000000000000000e+02 1.079015417310401790e+04
4.770000000000000000e+02 1.098620260323865477e+04
4.780000000000000000e+02 1.118501801796340078e+04
4.790000000000000000e+02 1.138662688466521286e+04
4.800000000000000000e+02 1.159105577176435327e+04
4.810000000000000000e+02 1.179833134780363616e+04
4.820000000000000000e+02 1.200848038053259370e+04
4.830000000000000000e+02 1.222152973598667813e+04
4.840000000000000000e+02 1.243750637756167453e+04
4.850000000000000000e+02 1.265643736508342408e+04
4.860000000000000000e+02 1.287834985387298002e+04
4.870000000000000000e+02 1.310327109380734692e+04
4.880000000000000000e+02 1.333122842837589269e+04
4.890000000000000000e+02 1.356224929373262057e+04
4.900000000000000000e+02 1.379636121774435014e+04
4.910000000000000000e+02 1.403359181903500212e+04
4.920000000000000000e+02 1.427396880602603233e+04
4.930000000000000000e+02 1.451751997597324771e+04
4.940000000000000000e+02 1.476427321400000437e+04
4.950000000000000000e+02 1.501425649212699864e+04
4.960000000000000000e+02 1.526749786829873665e+04
4.970000000000000000e+02 1.552402548540680255e+04
4.980000000000000000e+02 1.578386757031005618e+04
4.990000000000000000e+02 1.604705243285185497e+04
5.000000000000000000e+02 1.631360846487446724e+04
5.010000000000000000e+02 1.658356413923072614e+04
5.020000000000000000e+02 1.685694800879310060e+04
5.030000000000000000e+02 1.713378870546025792e+04
5.040000000000000000e+02 1.741411493916127802e+04
5.050000000000000000e+02 1.769795549685755759e+04
5.060000000000000000e+02 1.798533924154261331e+04
5.070000000000000000e+02 1.827629511123979682e+04
5.080000000000000000e+02 1.857085211799815443e+04
5.090000000000000000e+02 1.886903934688636946e+04
5.100000000000000000e+02 1.917088595498510040e+04
5.110000000000000000e+02 1.947642117037765638e+04
5.120000000000000000e+02 1.978567429113919206e+04
5.130000000000000000e+02 2.009867468432453825e+04
5.140000000000000000e+02 2.041545178495474102e+04
5.150000000000000000e+02 2.073603509500243672e+04
5.160000000000000000e+02 2.106045418237613558e+04
5.170000000000000000e+02 2.138873867990358485e+04
5.180000000000000000e+02 2.172091828431420436e+04
5.190000000000000000e+02 2.205702275522083801e+04
5.200000000000000000e+02 2.239708191410077416e+04
5.210000000000000000e+02 2.274112564327625296e+04
5.220000000000000000e+02 2.308918388489447898e+04
5.230000000000000000e+02 2.344128663990728819e+04
5.240000000000000000e+02 2.379746396705055668e+04
5.250000000000000000e+02 2.415774598182337286e+04
5.260000000000000000e+02 2.452216285546724248e+04
5.270000000000000000e+02 2.489074481394518443e+04
5.280000000000000000e+02 2.526352213692104851e+04
5.290000000000000000e+02 2.564052515673893504e+04
5.300000000000000000e+02 2.602178425740298917e+04
5.310000000000000000e+02 2.640732987355752630e+04
5.320000000000000000e+02 2.679719248946761945e+04
5.330000000000000000e+02 2.719140263800030152e+04
5.340000000000000000e+02 2.758999089960635320e+04
5.350000000000000000e+02 2.799298790130285852e+04
5.360000000000000000e+02 2.840042431565654260e+04
5.370000000000000000e+02 2.881233085976806979e+04
5.380000000000000000e+02 2.922873829425725853e+04
5.390000000000000000e+02 2.964967742224936956e+04
5.400000000000000000e+02 3.007517908836262359e+04
5.410000000000000000e+02 3.050527417769683234e+04
5.420000000000000000e+02 3.093999361482339737e+04
5.430000000000000000e+02 3.137936836277670227e+04
5.440000000000000000e+02 3.182342942204691644e+04
5.450000000000000000e+02 3.227220782957441406e+04
5.460000000000000000e+02 3.272573465774569922e+04
5.470000000000000000e+02 3.318404101339112822e+04
5.480000000000000000e+02 3.364715803678434168e+04
5.490000000000000000e+02 3.411511690064348659e+04
5.500000000000000000e+02 3.458794880913445377e+04
5.510000000000000000e+02 3.506568499687597796e+04
5.520000000000000000e+02 3.554835672794685524e+04
5.530000000000000000e+02 3.603599529489524139e+04
5.540000000000000000e+02 3.652863201775014750e+04
5.550000000000000000e+02 3.702629824303515488e+04
5.560000000000000000e+02 3.752902534278448729e+04
5.570000000000000000e+02 3.803684471356143331e+04
5.580000000000000000e+02 3.854978777547921345e+04
5.590000000000000000e+02 3.906788597122434294e+04
5.600000000000000000e+02 3.959117076508258469e+04
5.610000000000000000e+02 4.011967364196752897e+04
5.620000000000000000e+02 4.065342610645183595e+04
5.630000000000000000e+02 4.119245968180122145e+04
5.640000000000000000e+02 4.173680590901130199e+04
5.650000000000000000e+02 4.228649634584727028e+04
5.660000000000000000e+02 4.284156256588641554e+04
5.670000000000000000e+02 4.340203615756379440e+04
5.680000000000000000e+02 4.396794872322073206e+04
5.690000000000000000e+02 4.453933187815654674e+04
5.700000000000000000e+02 4.511621724968338094e+04
5.710000000000000000e+02 4.569863647618411778e+04
5.720000000000000000e+02 4.628662120617372420e+04
5.730000000000000000e+02 4.688020309736369381e+04
5.740000000000000000e+02 4.747941381572998216e+04
5.750000000000000000e+02 4.808428503458417981e+04
5.760000000000000000e+02 4.869484843364825065e+04
5.770000000000000000e+02 4.931113569813268987e+04
5.780000000000000000e+02 4.993317851781817444e+04
5.790000000000000000e+02 5.056100858614090248e+04
5.800000000000000000e+02 5.119465759928136686e+04
5.810000000000000000e+02 5.183415725525697781e+04
5.820000000000000000e+02 5.247953925301822892e+04
5.830000000000000000e+02 5.313083529154873395e+04
5.840000000000000000e+02 5.378807706896893069e+04
5.850000000000000000e+02 5.445129628164367750e+04
5.860000000000000000e+02 5.512052462329372065e+04
5.870000000000000000e+02 5.579579378411102516e+04
5.880000000000000000e+02 5.647713544987800560e+04
5.890000000000000000e+02 5.716458130109086051e+04
5.900000000000000000e+02 5.785816301208677760e+04
5.910000000000000000e+02 5.855791225017528632e+04
5.920000000000000000e+02 5.926386067477354663e+04
5.930000000000000000e+02 5.997603993654598889e+04
5.940000000000000000e+02 6.069448167654786084e+04
5.950000000000000000e+02 6.141921752537310385e+04
5.960000000000000000e+02 6.215027910230629641e+04
5.970000000000000000e+02 6.288769801447905775e+04
5.980000000000000000e+02 6.363150585603046784e+04
5.990000000000000000e+02 6.438173420727197663e+04
6.000000000000000000e+02 6.513841463385651150e+04
6.010000000000000000e+02 6.590157868595205946e+04
6.020000000000000000e+02 6.667125789741950575e+04
6.030000000000000000e+02 6.744748378499493992e+04
6.040000000000000000e+02 6.823028784747645841e+04
6.050000000000000000e+02 6.901970156491525995e+04
6.060000000000000000e+02 6.981575639781137579e+04
6.070000000000000000e+02 7.061848378631385276e+04
6.080000000000000000e+02 7.142791514942536014e+04
6.090000000000000000e+02 7.224408188421161321e+04
6.100000000000000000e+02 7.306701536501501687e+04
6.110000000000000000e+02 7.389674694267318409e+04
6.120000000000000000e+02 7.473330794374187826e+04
6.130000000000000000e+02 7.557672966972275754e+04
6.140000000000000000e+02 7.642704339629557217e+04
6.150000000000000000e+02 7.728428037255516392e+04
6.160000000000000000e+02 7.814847182025312213e+04
6.170000000000000000e+02 7.901964893304416910e+04
6.180000000000000000e+02 7.989784287573708571e+04
6.190000000000000000e+02 8.078308478355064290e+04
6.200000000000000000e+02 8.167540576137407334e+04
6.210000000000000000e+02 8.257483688303234521e+04
6.220000000000000000e+02 8.348140919055632548e+04
6.230000000000000000e+02 8.439515369345755607e+04
6.240000000000000000e+02 8.531610136800794862e+04
6.250000000000000000e+02 8.624428315652422316e+04
6.260000000000000000e+02 8.717972996665723622e+04
6.270000000000000000e+02 8.812247267068611109e+04
6.280000000000000000e+02 8.907254210481715563e+04
6.290000000000000000e+02 9.002996906848780054e+04
6.300000000000000000e+02 9.099478432367515052e+04
6.310000000000000000e+02 9.196701859420961409e+04
6.320000000000000000e+02 9.294670256509332103e+04
6.330000000000000000e+02 9.393386688182348735e+04
6.340000000000000000e+02 9.492854214972061163e+04
6.350000000000000000e+02 9.593075893326156074e+04
6.360000000000000000e+02 9.694054775541760318e+04
6.370000000000000000e+02 9.795793909699740470e+04
6.380000000000000000e+02 9.898296339599486964e+04
6.390000000000000000e+02 1.000156510469417844e+05
6.400000000000000000e+02 1.010560324002657144e+05
6.410000000000000000e+02 1.021041377616524696e+05
6.420000000000000000e+02 1.031599973914137954e+05
6.430000000000000000e+02 1.042236415038597479e+05
6.440000000000000000e+02 1.052951002666762070e+05
6.450000000000000000e+02 1.063744038003072201e+05
6.460000000000000000e+02 1.074615821773422940e+05
6.470000000000000000e+02 1.085566654219086049e+05
6.480000000000000000e+02 1.096596835090683307e+05
6.490000000000000000e+02 1.107706663642205967e+05
6.500000000000000000e+02 1.118896438625086448e+05
6.510000000000000000e+02 1.130166458282318199e+05
6.520000000000000000e+02 1.141517020342625328e+05
6.530000000000000000e+02 1.152948422014680691e+05
6.540000000000000000e+02 1.164460959981374763e+05
6.550000000000000000e+02 1.176054930394132243e+05
6.560000000000000000e+02 1.187730628867279156e+05
6.570000000000000000e+02 1.199488350472459715e+05
6.580000000000000000e+02 1.211328389733099029e+05
6.590000000000000000e+02 1.223251040618919942e+05
6.600000000000000000e+02 1.235256596540504543e+05
6.610000000000000000e+02 1.247345350343907776e+05
6.620000000000000000e+02 1.259517594305318780e+05
6.630000000000000000e+02 1.271773620125769812e+05
6.640000000000000000e+02 1.284113718925898283e+05
6.650000000000000000e+02 1.296538181240752165e+05
6.660000000000000000e+02 1.309047297014648793e+05
6.670000000000000000e+02 1.321641355596079084e+05
6.680000000000000000e+02 1.334320645732663688e+05
6.690000000000000000e+02 1.347085455566153687e+05
6.700000000000000000e+02 1.359936072627481772e+05
6.710000000000000000e+02 1.372872783831865236e+05
6.720000000000000000e+02 1.385895875473949127e+05
6.730000000000000000e+02 1.399005633223006735e+05
6.740000000000000000e+02 1.412202342118179949e+05
6.750000000000000000e+02 1.425486286563774920e+05
6.760000000000000000e+02 1.438857750324599619e+05
6.770000000000000000e+02 1.452317016521354381e+05
6.780000000000000000e+02 1.465864367626065214e+05
6.790000000000000000e+02 1.479500085457568639e+05
6.800000000000000000e+02 1.493224451177042210e+05
6.810000000000000000e+02 1.507037745283583354e+05
6.820000000000000000e+02 1.520940247609833023e+05
6.830000000000000000e+02 1.534932237317651161e+05
6.840000000000000000e+02 1.549013992893833492e+05
6.850000000000000000e+02 1.563185792145881569e+05
6.860000000000000000e+02 1.577447912197812111e+05
6.870000000000000000e+02 1.591800629486021935e+05
6.880000000000000000e+02 1.606244219755189843e+05
6.890000000000000000e+02 1.620778958054233517e+05
6.900000000000000000e+02 1.635405118732306873e+05
6.910000000000000000e+02 1.650122975434846303e+05
6.920000000000000000e+02 1.664932801099661447e+05
6.930000000000000000e+02 1.679834867953073699e+05
6.940000000000000000e+02 1.694829447506098950e+05
6.950000000000000000e+02 1.709916810550674563e+05
6.960000000000000000e+02 1.725097227155936998e+05
6.970000000000000000e+02 1.740370966664537555e+05
6.980000000000000000e+02 1.755738297689009632e+05
6.990000000000000000e+02 1.771199488108176156e+05
7.000000000000000000e+02 1.786754805063605309e+05
7.010000000000000000e+02 1.802404514956109924e+05
7.020000000000000000e+02 1.818148883442288789e+05
7.030000000000000000e+02 1.833988175431116251e+05
7.040000000000000000e+02 1.849922655080574623e+05
7.050000000000000000e+02 1.865952585794329352e+05
7.060000000000000000e+02 1.882078230218449025e+05
7.070000000000000000e+02 1.898299850238168729e+05
7.080000000000000000e+02 1.914617706974699395e+05
7.090000000000000000e+02 1.931032060782074113e+05
7.100000000000000000e+02 1.947543171244047408e+05
7.110000000000000000e+02 1.964151297171027400e+05
7.120000000000000000e+02 1.980856696597056871e+05
7.130000000000000000e+02 1.997659626776836812e+05
7.140000000000000000e+02 2.014560344182789850e+05
7.150000000000000000e+02 2.031559104502167902e+05
7.160000000000000000e+02 2.048656162634201464e+05
7.170000000000000000e+02 2.065851772687290213e+05
7.180000000000000000e+02 2.083146187976236979e+05
7.190000000000000000e+02 2.100539661019521300e+05
7.200000000000000000e+02 2.118032443536617211e+05
7.210000000000000000e+02 2.135624786445348000e+05
7.220000000000000000e+02 2.153316939859287231e+05
7.230000000000000000e+02 2.171109153085195576e+05
7.240000000000000000e+02 2.189001674620502745e+05
7.250000000000000000e+02 2.206994752150824934e+05
7.260000000000000000e+02 2.225088632547530287e+05
7.270000000000000000e+02 2.243283561865333759e+05
7.280000000000000000e+02 2.261579785339942900e+05
7.290000000000000000e+02 2.279977547385734506e+05
7.300000000000000000e+02 2.298477091593477526e+05
7.310000000000000000e+02 2.317078660728090035e+05
7.320000000000000000e+02 2.335782496726438694e+05
7.330000000000000000e+02 2.354588840695176623e+05
7.340000000000000000e+02 2.373497932908617659e+05
7.350000000000000000e+02 2.392510012806653685e+05
7.360000000000000000e+02 2.411625318992704852e+05
7.370000000000000000e+02 2.430844089231713151e+05
7.380000000000000000e+02 2.450166560448170349e+05
7.390000000000000000e+02 2.469592968724185193e+05
7.400000000000000000e+02 2.489123549297586433e+05
7.410000000000000000e+02 2.508758536560069188e+05
7.420000000000000000e+02 2.528498164055367524e+05
7.430000000000000000e+02 2.548342664477476210e+05
7.440000000000000000e+02 2.568292269668899244e+05
7.450000000000000000e+02 2.588347210618942918e+05
7.460000000000000000e+02 2.608507717462037690e+05
7.470000000000000000e+02 2.628774019476101967e+05
7.480000000000000000e+02 2.649146345080941683e+05
7.490000000000000000e+02 2.669624921836680151e+05
7.500000000000000000e+02 2.690209976442228653e+05
7.510000000000000000e+02 2.710901734733792255e+05
7.520000000000000000e+02 2.731700421683406457e+05
7.530000000000000000e+02 2.752606261397515773e+05
7.540000000000000000e+02 2.773619477115579066e+05
7.550000000000000000e+02 2.794740291208713898e+05
7.560000000000000000e+02 2.815968925178375794e+05
7.570000000000000000e+02 2.837305599655072438e+05
7.580000000000000000e+02 2.858750534397104057e+05
7.590000000000000000e+02 2.880303948289346881e+05
7.600000000000000000e+02 2.901966059342068620e+05
7.610000000000000000e+02 2.923737084689767798e+05
7.620000000000000000e+02 2.945617240590061992e+05
7.630000000000000000e+02 2.967606742422593525e+05
7.640000000000000000e+02 2.989705804687978816e+05
7.650000000000000000e+02 3.011914641006783349e+05
7.660000000000000000e+02 3.034233464118533884e+05
7.670000000000000000e+02 3.056662485880756867e+05
7.680000000000000000e+02 3.079201917268057005e+05
7.690000000000000000e+02 3.101851968371219118e+05
7.700000000000000000e+02 3.124612848396345507e+05
7.710000000000000000e+02 3.147484765664025908e+05
7.720000000000000000e+02 3.170467927608533064e+05
7.730000000000000000e+02 3.193562540777056711e+05
7.740000000000000000e+02 3.216768810828962014e+05
7.750000000000000000e+02 3.240086942535080598e+05
7.760000000000000000e+02 3.263517139777028933e+05
7.770000000000000000e+02 3.287059605546566891e+05
7.780000000000000000e+02 3.310714541944970842e+05
7.790000000000000000e+02 3.334482150182448095e+05
7.800000000000000000e+02 3.358362630577575765e+05
7.810000000000000000e+02 3.382356182556770509e+05
7.820000000000000000e+02 3.406463004653785028e+05
7.830000000000000000e+02 3.430683294509237166e+05
7.840000000000000000e+02 3.455017248870162293e+05
7.850000000000000000e+02 3.479465063589600031e+05
7.860000000000000000e+02 3.504026933626204845e+05
7.870000000000000000e+02 3.528703053043885157e+05
7.880000000000000000e+02 3.553493615011469228e+05
7.890000000000000000e+02 3.578398811802406562e+05
7.900000000000000000e+02 3.603418834794483846e+05
7.910000000000000000e+02 3.628553874469578732e+05
7.920000000000000000e+02 3.653804120413431665e+05
7.930000000000000000e+02 3.679169761315456126e+05
7.940000000000000000e+02 3.704650984968561679e+05
7.950000000000000000e+02 3.730247978269014857e+05
7.960000000000000000e+02 3.755960927216318669e+05
7.970000000000000000e+02 3.781790016913122963e+05
7.980000000000000000e+02 3.807735431565155741e+05
7.990000000000000000e+02 3.833797354481186485e+05
8.000000000000000000e+02 3.859975968073009863e+05
8.010000000000000000e+02 3.886271453855450964e+05
8.020000000000000000e+02 3.912683992446410120e+05
8.030000000000000000e+02 3.939213763566912385e+05
8.040000000000000000e+02 3.965860946041200659e+05
8.050000000000000000e+02 3.992625717796837562e+05
8.060000000000000000e+02 4.019508255864842795e+05
8.070000000000000000e+02 4.046508736379849724e+05
8.080000000000000000e+02 4.073627334580282914e+05
8.090000000000000000e+02 4.100864224808566505e+05
8.100000000000000000e+02 4.128219580511349486e+05
8.110000000000000000e+02 4.155693574239758309e+05
8.120000000000000000e+02 4.183286377649668138e+05
8.130000000000000000e+02 4.210998161502003204e+05
8.140000000000000000e+02 4.238829095663055778e+05
8.150000000000000000e+02 4.266779349104822031e+05
8.160000000000000000e+02 4.294849089905377477e+05
8.170000000000000000e+02 4.323038485249252990e+05
8.180000000000000000e+02 4.351347701427848078e+05
8.190000000000000000e+02 4.379776903839859879e+05
8.200000000000000000e+02 4.408326256991733098e+05
8.210000000000000000e+02 4.436995924498136155e+05
8.220000000000000000e+02 4.465786069082451868e+05
8.230000000000000000e+02 4.494696852577292593e+05
8.240000000000000000e+02 4.523728435925038066e+05
8.250000000000000000e+02 4.552880979178387788e+05
8.260000000000000000e+02 4.582154641500943690e+05
8.270000000000000000e+02 4.611549581167799770e+05
8.280000000000000000e+02 4.641065955566164921e+05
8.290000000000000000e+02 4.670703921195995645e+05
8.300000000000000000e+02 4.700463633670655545e+05
8.310000000000000000e+02 4.730345247717589373e+05
8.320000000000000000e+02 4.760348917179018026e+05
8.330000000000000000e+02 4.790474795012656832e+05
8.340000000000000000e+02 4.820723033292443724e+05
8.350000000000000000e+02 4.851093783209293033e+05
8.360000000000000000e+02 4.881587195071869064e+05
8.370000000000000000e+02 4.912203418307374232e+05
8.380000000000000000e+02 4.942942601462353487e+05
8.390000000000000000e+02 4.973804892203523777e+05
8.400000000000000000e+02 5.004790437318617478e+05
8.410000000000000000e+02 5.035899382717239205e+05
8.420000000000000000e+02 5.067131873431752319e+05
8.430000000000000000e+02 5.098488053618170088e+05
8.440000000000000000e+02 5.129968066557068378e+05
8.450000000000000000e+02 5.161572054654520471e+05
8.460000000000000000e+02 5.193300159443042940e+05
8.470000000000000000e+02 5.225152521582558984e+05
8.480000000000000000e+02 5.257129280861379812e+05
8.490000000000000000e+02 5.289230576197204646e+05
8.500000000000000000e+02 5.321456545638127718e+05
8.510000000000000000e+02 5.353807326363675529e+05
8.520000000000000000e+02 5.386283054685849929e+05
8.530000000000000000e+02 5.418883866050185170e+05
8.540000000000000000e+02 5.451609895036830567e+05
8.550000000000000000e+02 5.484461275361641310e+05
8.560000000000000000e+02 5.517438139877284411e+05
8.570000000000000000e+02 5.550540620574360946e+05
8.580000000000000000e+02 5.583768848582548089e+05
8.590000000000000000e+02 5.617122954171746969e+05
8.600000000000000000e+02 5.650603066753251478e+05
8.610000000000000000e+02 5.684209314880929887e+05
8.620000000000000000e+02 5.717941826252422761e+05
8.630000000000000000e+02 5.751800727710347855e+05
8.640000000000000000e+02 5.785786145243529463e+05
8.650000000000000000e+02 5.819898203988233581e+05
8.660000000000000000e+02 5.854137028229420539e+05
8.670000000000000000e+02 5.888502741402010433e+05
8.680000000000000000e+02 5.922995466092159040e+05
8.690000000000000000e+02 5.957615324038554681e+05
8.700000000000000000e+02 5.992362436133717420e+05
8.710000000000000000e+02 6.027236922425320372e+05
8.720000000000000000e+02 6.062238902117523830e+05
8.730000000000000000e+02 6.097368493572308216e+05
8.740000000000000000e+02 6.132625814310841961e+05
8.750000000000000000e+02 6.168010981014841236e+05
8.760000000000000000e+02 6.203524109527952969e+05
8.770000000000000000e+02 6.239165314857149497e+05
8.780000000000000000e+02 6.274934711174130207e+05
8.790000000000000000e+02 6.310832411816737149e+05
8.800000000000000000e+02 6.346858529290391598e+05
8.810000000000000000e+02 6.383013175269516651e+05
8.820000000000000000e+02 6.419296460599004058e+05
8.830000000000000000e+02 6.455708495295669418e+05
8.840000000000000000e+02 6.492249388549724827e+05
8.850000000000000000e+02 6.528919248726263177e+05
8.860000000000000000e+02 6.565718183366755256e+05
8.870000000000000000e+02 6.602646299190553837e+05
8.880000000000000000e+02 6.639703702096407069e+05
8.890000000000000000e+02 6.676890497163992841e+05
8.900000000000000000e+02 6.714206788655444980e+05
8.910000000000000000e+02 6.751652680016909726e+05
8.920000000000000000e+02 6.789228273880094057e+05
8.930000000000000000e+02 6.826933672063840786e+05
8.940000000000000000e+02 6.864768975575699005e+05
8.950000000000000000e+02 6.902734284613514319e+05
8.960000000000000000e+02 6.940829698567020241e+05
8.970000000000000000e+02 6.979055316019444726e+05
8.980000000000000000e+02 7.017411234749129508e+05
8.990000000000000000e+02 7.055897551731145941e+05
9.000000000000000000e+02 7.094514363138931803e+05
9.010000000000000000e+02 7.133261764345928095e+05
9.020000000000000000e+02 7.172139849927236792e+05
9.030000000000000000e+02 7.211148713661272777e+05
9.040000000000000000e+02 7.250288448531429749e+05
9.050000000000000000e+02 7.289559146727765910e+05
9.060000000000000000e+02 7.328960899648669874e+05
9.070000000000000000e+02 7.368493797902571969e+05
9.080000000000000000e+02 7.408157931309629930e+05
9.090000000000000000e+02 7.447953388903441373e+05
9.100000000000000000e+02 7.487880258932762081e+05
9.110000000000000000e+02 7.527938628863224294e+05
9.120000000000000000e+02 7.568128585379067808e+05
9.130000000000000000e+02 7.608450214384881547e+05
9.140000000000000000e+02 7.648903601007345133e+05
9.150000000000000000e+02 7.689488829596983269e+05
9.160000000000000000e+02 7.730205983729923610e+05
9.170000000000000000e+02 7.771055146209666273e+05
9.180000000000000000e+02 7.812036399068855681e+05
9.190000000000000000e+02 7.853149823571055895e+05
9.200000000000000000e+02 7.894395500212546904e+05
9.210000000000000000e+02 7.935773508724111598e+05
9.220000000000000000e+02 7.977283928072832059e+05
9.230000000000000000e+02 8.018926836463907966e+05
9.240000000000000000e+02 8.060702311342452886e+05
9.250000000000000000e+02 8.102610429395325482e+05
9.260000000000000000e+02 8.144651266552945599e+05
9.270000000000000000e+02 8.186824897991126636e+05
9.280000000000000000e+02 8.229131398132917238e+05
9.290000000000000000e+02 8.271570840650431346e+05
9.300000000000000000e+02 8.314143298466703855e+05
9.310000000000000000e+02 8.356848843757541617e+05
9.320000000000000000e+02 8.399687547953380272e+05
9.330000000000000000e+02 8.442659481741148047e+05
9.340000000000000000e+02 8.485764715066131903e+05
9.350000000000000000e+02 8.529003317133852979e+05
9.360000000000000000e+02 8.572375356411945540e+05
9.370000000000000000e+02 8.615880900632042903e+05
9.380000000000000000e+02 8.659520016791650560e+05
9.390000000000000000e+02 8.703292771156062372e+05
9.400000000000000000e+02 8.747199229260240681e+05
9.410000000000000000e+02 8.791239455910718534e+05
9.420000000000000000e+02 8.835413515187517041e+05
9.430000000000000000e+02 8.879721470446041785e+05
9.440000000000000000e+02 8.924163384319010656e+05
9.450000000000000000e+02 8.968739318718363065e+05
9.460000000000000000e+02 9.013449334837181959e+05
9.470000000000000000e+02 9.058293493151632138e+05
9.480000000000000000e+02 9.103271853422875283e+05
9.490000000000000000e+02 9.148384474699015263e+05
9.500000000000000000e+02 9.193631415317029459e+05
9.510000000000000000e+02 9.239012732904716395e+05
9.520000000000000000e+02 9.284528484382634051e+05
9.530000000000000000e+02 9.330178725966053316e+05
9.540000000000000000e+02 9.375963513166905614e+05
9.550000000000000000e+02 9.421882900795739843e+05
9.560000000000000000e+02 9.467936942963679321e+05
9.570000000000000000e+02 9.514125693084386876e+05
9.580000000000000000e+02 9.560449203876020620e+05
9.590000000000000000e+02 9.606907527363207191e+05
9.600000000000000000e+02 9.653500714879010338e+05
9.610000000000000000e+02 9.700228817066901829e+05
9.620000000000000000e+02 9.747091883882737020e+05
9.630000000000000000e+02 9.794089964596733917e+05
9.640000000000000000e+02 9.841223107795449905e+05
9.650000000000000000e+02 9.888491361383767799e+05
9.660000000000000000e+02 9.935894772586877225e+05
9.670000000000000000e+02 9.983433387952264166e+05
9.680000000000000000e+02 1.003110725335170166e+06
9.690000000000000000e+02 1.007891641398323351e+06
9.700000000000000000e+02 1.012686091437317664e+06
9.710000000000000000e+02 1.017494079837811412e+06
9.720000000000000000e+02 1.022315610918688588e+06
9.730000000000000000e+02 1.027150688932259567e+06
9.740000000000000000e+02 1.031999318064460764e+06
9.750000000000000000e+02 1.036861502435054979e+06
9.760000000000000000e+02 1.041737246097831521e+06
9.770000000000000000e+02 1.046626553040807368e+06
9.780000000000000000e+02 1.051529427186426707e+06
9.790000000000000000e+02 1.056445872391763609e+06
9.800000000000000000e+02 1.061375892448720755e+06
9.810000000000000000e+02 1.066319491084232228e+06
9.820000000000000000e+02 1.071276671960463980e+06
9.830000000000000000e+02 1.076247438675014768e+06
9.840000000000000000e+02 1.081231794761118945e+06
9.850000000000000000e+02 1.086229743687845534e+06
9.860000000000000000e+02 1.091241288860302418e+06
9.870000000000000000e+02 1.096266433619836811e+06
9.880000000000000000e+02 1.101305181244236417e+06
9.890000000000000000e+02 1.106357534947932232e+06
9.900000000000000000e+02 1.111423497882199939e+06
9.910000000000000000e+02 1.116503073135362240e+06
9.920000000000000000e+02 1.121596263732990017e+06
9.930000000000000000e+02 1.126703072638104903e+06
9.940000000000000000e+02 1.131823502751381835e+06
9.950000000000000000e+02 1.136957556911349995e+06
9.960000000000000000e+02 1.142105237894596066e+06
9.970000000000000000e+02 1.147266548415964935e+06
9.980000000000000000e+02 1.152441491128764348e+06
9.990000000000000000e+02 1.157630068624963751e+06
