# BB temperature (K); Intensity through filter (ph/s/m^2/mas^2)
1.000000000000000000e+01 0.000000000000000000e+00
1.100000000000000000e+01 0.000000000000000000e+00
1.200000000000000000e+01 0.000000000000000000e+00
1.300000000000000000e+01 0.000000000000000000e+00
1.400000000000000000e+01 0.000000000000000000e+00
1.500000000000000000e+01 0.000000000000000000e+00
1.600000000000000000e+01 0.000000000000000000e+00
1.700000000000000000e+01 0.000000000000000000e+00
1.800000000000000000e+01 0.000000000000000000e+00
1.900000000000000000e+01 0.000000000000000000e+00
2.000000000000000000e+01 0.000000000000000000e+00
2.100000000000000000e+01 2.627826697127154976e-75
2.200000000000000000e+01 8.216989057122152333e-72
2.300000000000000000e+01 1.284723278715367934e-68
2.400000000000000000e+01 1.096342676544034615e-65
2.500000000000000000e+01 5.497838814711554340e-63
2.600000000000000000e+01 1.724968451192015457e-60
2.700000000000000000e+01 3.572748528140450323e-58
2.800000000000000000e+01 5.115456222864430239e-56
2.900000000000000000e+01 5.268963713122840416e-54
3.000000000000000000e+01 4.041147121177799562e-52
3.100000000000000000e+01 2.377979839777343162e-50
3.200000000000000000e+01 1.101767638202346727e-48
3.300000000000000000e+01 4.110516967739819826e-47
3.400000000000000000e+01 1.259111099882946681e-45
3.500000000000000000e+01 3.220342345643891824e-44
3.600000000000000000e+01 6.978486097392543482e-43
3.700000000000000000e+01 1.297741791806267007e-41
3.800000000000000000e+01 2.094414649591574221e-40
3.900000000000000000e+01 2.962875085346292411e-39
4.000000000000000000e+01 3.706937614318029285e-38
4.100000000000000000e+01 4.134913562968235676e-37
4.200000000000000000e+01 4.142361317618324026e-36
4.300000000000000000e+01 3.752068120877857331e-35
4.400000000000000000e+01 3.091796554436757362e-34
4.500000000000000000e+01 2.330977789593098244e-33
4.600000000000000000e+01 1.616357353630834855e-32
4.700000000000000000e+01 1.035921951370332624e-31
4.800000000000000000e+01 6.164160054910721342e-31
4.900000000000000000e+01 3.419842830702979453e-30
5.000000000000000000e+01 1.775924800733138295e-29
5.100000000000000000e+01 8.663886856444948075e-29
5.200000000000000000e+01 3.984246956795822243e-28
5.300000000000000000e+01 1.732609711757792588e-27
5.400000000000000000e+01 7.145948085864143892e-27
5.500000000000000000e+01 2.802993230982795202e-26
5.600000000000000000e+01 1.048351896706858948e-25
5.700000000000000000e+01 3.747675328443960707e-25
5.800000000000000000e+01 1.283412758861577736e-24
5.900000000000000000e+01 4.219273247921335801e-24
6.000000000000000000e+01 1.334244977328221824e-23
6.100000000000000000e+01 4.065991121513319865e-23
6.200000000000000000e+01 1.196153711770966935e-22
6.300000000000000000e+01 3.402578529659078711e-22
6.400000000000000000e+01 9.373422678049460023e-22
6.500000000000000000e+01 2.504297076502634128e-21
6.600000000000000000e+01 6.497750905806749260e-21
6.700000000000000000e+01 1.639410162607853095e-20
6.800000000000000000e+01 4.027036073372730511e-20
6.900000000000000000e+01 9.641688805410835043e-20
7.000000000000000000e+01 2.252470696567306406e-19
7.100000000000000000e+01 5.139805080420313333e-19
7.200000000000000000e+01 1.146659802928232663e-18
7.300000000000000000e+01 2.503338036441609336e-18
7.400000000000000000e+01 5.352749582849872108e-18
7.500000000000000000e+01 1.121922318659410391e-17
7.600000000000000000e+01 2.306824827923595725e-17
7.700000000000000000e+01 4.656426239589282627e-17
7.800000000000000000e+01 9.233817491242997665e-17
7.900000000000000000e+01 1.800069639493085621e-16
8.000000000000000000e+01 3.451847313318028606e-16
8.100000000000000000e+01 6.515226450750635677e-16
8.200000000000000000e+01 1.211077590322681570e-15
8.300000000000000000e+01 2.218277906413713890e-15
8.400000000000000000e+01 4.005782375548151585e-15
8.500000000000000000e+01 7.135124327749001850e-15
8.600000000000000000e+01 1.254191989390447425e-14
8.700000000000000000e+01 2.176561465488860952e-14
8.800000000000000000e+01 3.730865759429294114e-14
8.900000000000000000e+01 6.319156257122347396e-14
9.000000000000000000e+01 1.058011751527565759e-13
9.100000000000000000e+01 1.751731383284864043e-13
9.200000000000000000e+01 2.869107390105965459e-13
9.300000000000000000e+01 4.650271969066908383e-13
9.400000000000000000e+01 7.461150820997312235e-13
9.500000000000000000e+01 1.185405318233301730e-12
9.600000000000000000e+01 1.865492455864364163e-12
9.700000000000000000e+01 2.908789473736271051e-12
9.800000000000000000e+01 4.495155531158546911e-12
9.900000000000000000e+01 6.886640364296399238e-12
1.000000000000000000e+02 1.046194221357481439e-11
1.010000000000000000e+02 1.576402260763707869e-11
1.020000000000000000e+02 2.356541017353568024e-11
1.030000000000000000e+02 3.495711640481878340e-11
1.040000000000000000e+02 5.146885053323427831e-11
1.050000000000000000e+02 7.523044371465985300e-11
1.060000000000000000e+02 1.091871759288444097e-10
1.070000000000000000e+02 1.573851616278031535e-10
1.080000000000000000e+02 2.253472319517060753e-10
1.090000000000000000e+02 3.205650148234694039e-10
1.100000000000000000e+02 4.531393474579454009e-10
1.110000000000000000e+02 6.366089749846184947e-10
1.120000000000000000e+02 8.890169411767112744e-10
1.130000000000000000e+02 1.234275443747254688e-09
1.140000000000000000e+02 1.703903525096659328e-09
1.150000000000000000e+02 2.339228157180046238e-09
1.160000000000000000e+02 3.194158456162035219e-09
1.170000000000000000e+02 4.338665373790778210e-09
1.180000000000000000e+02 5.863125750797262821e-09
1.190000000000000000e+02 7.883720626171920064e-09
1.200000000000000000e+02 1.054911377035271583e-08
1.210000000000000000e+02 1.404867819994863598e-08
1.220000000000000000e+02 1.862258664227125001e-08
1.230000000000000000e+02 2.457413731237780295e-08
1.240000000000000000e+02 3.228474976410307843e-08
1.250000000000000000e+02 4.223213785836327478e-08
1.260000000000000000e+02 5.501224899345470493e-08
1.270000000000000000e+02 7.136565165687951315e-08
1.280000000000000000e+02 9.220915813593263429e-08
1.290000000000000000e+02 1.186735869682153584e-07
1.300000000000000000e+02 1.521487015779579716e-07
1.310000000000000000e+02 1.943365087320579825e-07
1.320000000000000000e+02 2.473142642076659742e-07
1.330000000000000000e+02 3.136087146770588531e-07
1.340000000000000000e+02 3.962833056058164103e-07
1.350000000000000000e+02 4.990403062757518924e-07
1.360000000000000000e+02 6.263400462554103349e-07
1.370000000000000000e+02 7.835397241338861487e-07
1.380000000000000000e+02 9.770545405011290260e-07
1.390000000000000000e+02 1.214544224391882432e-06
1.400000000000000000e+02 1.505128367093483093e-06
1.410000000000000000e+02 1.859634350714101542e-06
1.420000000000000000e+02 2.290882062553825609e-06
1.430000000000000000e+02 2.814010021415154465e-06
1.440000000000000000e+02 3.446848009783340048e-06
1.450000000000000000e+02 4.210341807494675590e-06
1.460000000000000000e+02 5.129036159218930830e-06
1.470000000000000000e+02 6.231622680859753562e-06
1.480000000000000000e+02 7.551560019785487282e-06
1.490000000000000000e+02 9.127774231506960545e-06
1.500000000000000000e+02 1.100544802177521063e-05
1.510000000000000000e+02 1.323690822872254880e-05
1.520000000000000000e+02 1.588262168512992806e-05
1.530000000000000000e+02 1.901231040655546717e-05
1.540000000000000000e+02 2.270619789714375321e-05
1.550000000000000000e+02 2.705639925154510698e-05
1.560000000000000000e+02 3.216846865844619918e-05
1.570000000000000000e+02 3.816311887852244381e-05
1.580000000000000000e+02 4.517812827677815645e-05
1.590000000000000000e+02 5.337045203568133275e-05
1.600000000000000000e+02 6.291855526048699995e-05
1.610000000000000000e+02 7.402498681076687104e-05
1.620000000000000000e+02 8.691921385132756871e-05
1.630000000000000000e+02 1.018607383101334388e-04
1.640000000000000000e+02 1.191425176591032241e-04
1.650000000000000000e+02 1.390947136940884538e-04
1.660000000000000000e+02 1.620887942811590843e-04
1.670000000000000000e+02 1.885420143555387152e-04
1.680000000000000000e+02 2.189223038049901461e-04
1.690000000000000000e+02 2.537535912388421810e-04
1.700000000000000000e+02 2.936215940346825954e-04
1.710000000000000000e+02 3.391801064643959083e-04
1.720000000000000000e+02 3.911578191269140256e-04
1.730000000000000000e+02 4.503657043538552857e-04
1.740000000000000000e+02 5.177050037031025263e-04
1.750000000000000000e+02 5.941758551111463432e-04
1.760000000000000000e+02 6.808865987344089616e-04
1.770000000000000000e+02 7.790638019693760848e-04
1.780000000000000000e+02 8.900630455977544871e-04
1.790000000000000000e+02 1.015380514452423558e-03
1.800000000000000000e+02 1.156665437439126018e-03
1.810000000000000000e+02 1.315733423173878671e-03
1.820000000000000000e+02 1.494580738903313662e-03
1.830000000000000000e+02 1.695399581760816381e-03
1.840000000000000000e+02 1.920594392771614138e-03
1.850000000000000000e+02 2.172799265351145134e-03
1.860000000000000000e+02 2.454896501339278066e-03
1.870000000000000000e+02 2.770036368874576743e-03
1.880000000000000000e+02 3.121658117633966615e-03
1.890000000000000000e+02 3.513512308140355131e-03
1.900000000000000000e+02 3.949684512970112749e-03
1.910000000000000000e+02 4.434620448770586025e-03
1.920000000000000000e+02 4.973152599021153641e-03
1.930000000000000000e+02 5.570528388436682930e-03
1.940000000000000000e+02 6.232439970816063164e-03
1.950000000000000000e+02 6.965055692977711183e-03
1.960000000000000000e+02 7.775053298195507001e-03
1.970000000000000000e+02 8.669654933249486967e-03
1.980000000000000000e+02 9.656664023833083643e-03
1.990000000000000000e+02 1.074450408361013638e-02
2.000000000000000000e+02 1.194225952268758613e-02
2.010000000000000000e+02 1.325971852166176607e-02
2.020000000000000000e+02 1.470741803770468821e-02
2.030000000000000000e+02 1.629669100938063719e-02
2.040000000000000000e+02 1.803971582701972484e-02
2.050000000000000000e+02 1.994956813552332953e-02
2.060000000000000000e+02 2.204027503643418706e-02
2.070000000000000000e+02 2.432687175597053608e-02
2.080000000000000000e+02 2.682546084549791363e-02
2.090000000000000000e+02 2.955327398059315672e-02
2.100000000000000000e+02 3.252873642444157470e-02
2.110000000000000000e+02 3.577153422080125988e-02
2.120000000000000000e+02 3.930268418116489998e-02
2.130000000000000000e+02 4.314460673005305474e-02
2.140000000000000000e+02 4.732120167157922996e-02
2.150000000000000000e+02 5.185792693954091592e-02
2.160000000000000000e+02 5.678188039230874090e-02
2.170000000000000000e+02 6.212188471271153090e-02
2.180000000000000000e+02 6.790857547194689703e-02
2.190000000000000000e+02 7.417449241528847881e-02
2.200000000000000000e+02 8.095417402600971202e-02
2.210000000000000000e+02 8.828425542250631364e-02
2.220000000000000000e+02 9.620356964207175954e-02
2.230000000000000000e+02 1.047532523631671819e-01
2.240000000000000000e+02 1.139768501163308800e-01
2.250000000000000000e+02 1.239204320320914654e-01
2.260000000000000000e+02 1.346327051723914259e-01
2.270000000000000000e+02 1.461651334900876398e-01
2.280000000000000000e+02 1.585720604590852290e-01
2.290000000000000000e+02 1.719108354155730045e-01
2.300000000000000000e+02 1.862419436486732471e-01
2.310000000000000000e+02 2.016291402765947316e-01
2.320000000000000000e+02 2.181395879420880979e-01
2.330000000000000000e+02 2.358439983586536060e-01
2.340000000000000000e+02 2.548167777365386577e-01
2.350000000000000000e+02 2.751361761151006613e-01
2.360000000000000000e+02 2.968844406255892743e-01
2.370000000000000000e+02 3.201479727058369473e-01
2.380000000000000000e+02 3.450174892857308384e-01
2.390000000000000000e+02 3.715881879596851789e-01
2.400000000000000000e+02 3.999599161596341101e-01
2.410000000000000000e+02 4.302373443393355812e-01
2.420000000000000000e+02 4.625301431780112216e-01
2.430000000000000000e+02 4.969531648085541709e-01
2.440000000000000000e+02 5.336266280727148814e-01
2.450000000000000000e+02 5.726763078028376253e-01
2.460000000000000000e+02 6.142337281268583915e-01
2.470000000000000000e+02 6.584363597903961640e-01
2.480000000000000000e+02 7.054278214868877628e-01
2.490000000000000000e+02 7.553580851838211929e-01
2.500000000000000000e+02 8.083836854302135499e-01
2.510000000000000000e+02 8.646679326275904520e-01
2.520000000000000000e+02 9.243811302438145194e-01
2.530000000000000000e+02 9.877007959462191788e-01
2.540000000000000000e+02 1.054811886627621487e+00
2.550000000000000000e+02 1.125907027295903529e+00
2.560000000000000000e+02 1.201186743795006340e+00
2.570000000000000000e+02 1.280859699322325573e+00
2.580000000000000000e+02 1.365142934704687949e+00
2.590000000000000000e+02 1.454262112392283424e+00
2.600000000000000000e+02 1.548451764127162900e+00
2.610000000000000000e+02 1.647955542240175486e+00
2.620000000000000000e+02 1.753026474527501932e+00
2.630000000000000000e+02 1.863927222655275884e+00
2.640000000000000000e+02 1.980930344038154267e+00
2.650000000000000000e+02 2.104318557135098189e+00
2.660000000000000000e+02 2.234385010103073554e+00
2.670000000000000000e+02 2.371433552746882611e+00
2.680000000000000000e+02 2.515779011700876922e+00
2.690000000000000000e+02 2.667747468775888642e+00
2.700000000000000000e+02 2.827676542402362880e+00
2.710000000000000000e+02 2.995915672098374838e+00
2.720000000000000000e+02 3.172826405888963031e+00
2.730000000000000000e+02 3.358782690601020526e+00
2.740000000000000000e+02 3.554171164955848727e+00
2.750000000000000000e+02 3.759391455379418989e+00
2.760000000000000000e+02 3.974856474448368537e+00
2.770000000000000000e+02 4.200992721887820025e+00
2.780000000000000000e+02 4.438240588035210266e+00
2.790000000000000000e+02 4.687054659682535984e+00
2.800000000000000000e+02 4.947904028207647187e+00
2.810000000000000000e+02 5.221272599903542755e+00
2.820000000000000000e+02 5.507659408413013935e+00
2.830000000000000000e+02 5.807578929174471938e+00
2.840000000000000000e+02 6.121561395783233550e+00
2.850000000000000000e+02 6.450153118171273015e+00
2.860000000000000000e+02 6.793916802506992703e+00
2.870000000000000000e+02 7.153431872715378503e+00
2.880000000000000000e+02 7.529294793517733453e+00
2.890000000000000000e+02 7.922119394888987642e+00
2.900000000000000000e+02 8.332537197829680053e+00
2.910000000000000000e+02 8.761197741348592416e+00
2.920000000000000000e+02 9.208768910551249576e+00
2.930000000000000000e+02 9.675937265728595804e+00
2.940000000000000000e+02 1.016340837233947525e+01
2.950000000000000000e+02 1.067190713177980754e+01
2.960000000000000000e+02 1.120217811283082909e+01
2.970000000000000000e+02 1.175498588367814179e+01
2.980000000000000000e+02 1.233111534439295198e+01
2.990000000000000000e+02 1.293137205976645099e+01
3.000000000000000000e+02 1.355658259238796148e+01
3.010000000000000000e+02 1.420759483585725746e+01
3.020000000000000000e+02 1.488527834802128069e+01
3.030000000000000000e+02 1.559052468412538417e+01
3.040000000000000000e+02 1.632424772976916927e+01
3.050000000000000000e+02 1.708738403355701507e+01
3.060000000000000000e+02 1.788089313933355839e+01
3.070000000000000000e+02 1.870575791789443088e+01
3.080000000000000000e+02 1.956298489806287932e+01
3.090000000000000000e+02 2.045360459702320099e+01
3.100000000000000000e+02 2.137867184980212443e+01
3.110000000000000000e+02 2.233926613778988823e+01
3.120000000000000000e+02 2.333649191619310415e+01
3.130000000000000000e+02 2.437147894031208040e+01
3.140000000000000000e+02 2.544538259053581442e+01
3.150000000000000000e+02 2.655938419594863120e+01
3.160000000000000000e+02 2.771469135644301218e+01
3.170000000000000000e+02 2.891253826323399068e+01
3.180000000000000000e+02 3.015418601767126816e+01
3.190000000000000000e+02 3.144092294824622513e+01
3.200000000000000000e+02 3.277406492569150487e+01
3.210000000000000000e+02 3.415495567607234761e+01
3.220000000000000000e+02 3.558496709176951356e+01
3.230000000000000000e+02 3.706549954025464899e+01
3.240000000000000000e+02 3.859798217056038538e+01
3.250000000000000000e+02 4.018387321734821427e+01
3.260000000000000000e+02 4.182466030247869071e+01
3.270000000000000000e+02 4.352186073398947030e+01
3.280000000000000000e+02 4.527702180238820517e+01
3.290000000000000000e+02 4.709172107416843289e+01
3.300000000000000000e+02 4.896756668245801336e+01
3.310000000000000000e+02 5.090619761471107552e+01
3.320000000000000000e+02 5.290928399735579291e+01
3.330000000000000000e+02 5.497852737731173534e+01
3.340000000000000000e+02 5.711566100029206439e+01
3.350000000000000000e+02 5.932245008580736112e+01
3.360000000000000000e+02 6.160069209878929541e+01
3.370000000000000000e+02 6.395221701775400902e+01
3.380000000000000000e+02 6.637888759942666184e+01
3.390000000000000000e+02 6.888259963974998357e+01
3.400000000000000000e+02 7.146528223120181167e+01
3.410000000000000000e+02 7.412889801634761966e+01
3.420000000000000000e+02 7.687544343755594412e+01
3.430000000000000000e+02 7.970694898280683560e+01
3.440000000000000000e+02 8.262547942752395613e+01
3.450000000000000000e+02 8.563313407236407215e+01
3.460000000000000000e+02 8.873204697689835996e+01
3.470000000000000000e+02 9.192438718912214313e+01
3.480000000000000000e+02 9.521235897073134424e+01
3.490000000000000000e+02 9.859820201810589424e+01
3.500000000000000000e+02 1.020841916789416643e+02
3.510000000000000000e+02 1.056726391644748873e+02
3.520000000000000000e+02 1.093658917572440714e+02
3.530000000000000000e+02 1.131663330143371411e+02
3.540000000000000000e+02 1.170763829660724156e+02
3.550000000000000000e+02 1.210984983100643717e+02
3.560000000000000000e+02 1.252351726006270667e+02
3.570000000000000000e+02 1.294889364334693482e+02
3.580000000000000000e+02 1.338623576256382819e+02
3.590000000000000000e+02 1.383580413906689444e+02
3.600000000000000000e+02 1.429786305089002951e+02
3.610000000000000000e+02 1.477268054929188850e+02
3.620000000000000000e+02 1.526052847480941637e+02
3.630000000000000000e+02 1.576168247281700587e+02
3.640000000000000000e+02 1.627642200858806234e+02
3.650000000000000000e+02 1.680503038185581772e+02
3.660000000000000000e+02 1.734779474087047220e+02
3.670000000000000000e+02 1.790500609594991204e+02
3.680000000000000000e+02 1.847695933252140890e+02
3.690000000000000000e+02 1.906395322365190736e+02
3.700000000000000000e+02 1.966629044206466972e+02
3.710000000000000000e+02 2.028427757164018885e+02
3.720000000000000000e+02 2.091822511839956178e+02
3.730000000000000000e+02 2.156844752096848197e+02
3.740000000000000000e+02 2.223526316052046923e+02
3.750000000000000000e+02 2.291899437019774837e+02
3.760000000000000000e+02 2.361996744400881312e+02
3.770000000000000000e+02 2.433851264520139352e+02
3.780000000000000000e+02 2.507496421411013898e+02
3.790000000000000000e+02 2.582966037547807900e+02
3.800000000000000000e+02 2.660294334525162867e+02
3.810000000000000000e+02 2.739515933684829747e+02
3.820000000000000000e+02 2.820665856689730049e+02
3.830000000000000000e+02 2.903779526045263992e+02
3.840000000000000000e+02 2.988892765567893548e+02
3.850000000000000000e+02 3.076041800801008321e+02
3.860000000000000000e+02 3.165263259378118619e+02
3.870000000000000000e+02 3.256594171333422310e+02
3.880000000000000000e+02 3.350071969359812556e+02
3.890000000000000000e+02 3.445734489014410542e+02
3.900000000000000000e+02 3.543619968871703918e+02
3.910000000000000000e+02 3.643767050624415447e+02
3.920000000000000000e+02 3.746214779132210992e+02
3.930000000000000000e+02 3.851002602418388960e+02
3.940000000000000000e+02 3.958170371614692726e+02
3.950000000000000000e+02 4.067758340854417156e+02
3.960000000000000000e+02 4.179807167113969513e+02
3.970000000000000000e+02 4.294357910003085408e+02
3.980000000000000000e+02 4.411452031503887383e+02
3.990000000000000000e+02 4.531131395659002692e+02
4.000000000000000000e+02 4.653438268208969930e+02
4.010000000000000000e+02 4.778415316179145975e+02
4.020000000000000000e+02 4.906105607416388921e+02
4.030000000000000000e+02 5.036552610075751772e+02
4.040000000000000000e+02 5.169800192057464301e+02
4.050000000000000000e+02 5.305892620394486130e+02
4.060000000000000000e+02 5.444874560590899364e+02
4.070000000000000000e+02 5.586791075911477265e+02
4.080000000000000000e+02 5.731687626622701828e+02
4.090000000000000000e+02 5.879610069185554266e+02
4.100000000000000000e+02 6.030604655400451293e+02
4.110000000000000000e+02 6.184718031504590954e+02
4.120000000000000000e+02 6.341997237222122976e+02
4.130000000000000000e+02 6.502489704767461944e+02
4.140000000000000000e+02 6.666243257802115068e+02
4.150000000000000000e+02 6.833306110345404250e+02
4.160000000000000000e+02 7.003726865639457628e+02
4.170000000000000000e+02 7.177554514968859394e+02
4.180000000000000000e+02 7.354838436435359199e+02
4.190000000000000000e+02 7.535628393688037931e+02
4.200000000000000000e+02 7.719974534609344801e+02
4.210000000000000000e+02 7.907927389957428659e+02
4.220000000000000000e+02 8.099537871965178510e+02
4.230000000000000000e+02 8.294857272896406357e+02
4.240000000000000000e+02 8.493937263559621442e+02
4.250000000000000000e+02 8.696829891779825630e+02
4.260000000000000000e+02 8.903587580828784667e+02
4.270000000000000000e+02 9.114263127814233485e+02
4.280000000000000000e+02 9.328909702028466882e+02
4.290000000000000000e+02 9.547580843256796470e+02
4.300000000000000000e+02 9.770330460046325243e+02
4.310000000000000000e+02 9.997212827935535415e+02
4.320000000000000000e+02 1.022828258764515567e+03
4.330000000000000000e+02 1.046359474323078530e+03
4.340000000000000000e+02 1.070320466019780042e+03
4.350000000000000000e+02 1.094716806357897212e+03
4.360000000000000000e+02 1.119554103597537278e+03
4.370000000000000000e+02 1.144838001556097652e+03
4.380000000000000000e+02 1.170574179405155519e+03
4.390000000000000000e+02 1.196768351463829504e+03
4.400000000000000000e+02 1.223426266988668658e+03
4.410000000000000000e+02 1.250553709960118567e+03
4.420000000000000000e+02 1.278156498865617323e+03
4.430000000000000000e+02 1.306240486479369793e+03
4.440000000000000000e+02 1.334811559638857261e+03
4.450000000000000000e+02 1.363875639018129050e+03
4.460000000000000000e+02 1.393438678897931823e+03
4.470000000000000000e+02 1.423506666932729331e+03
4.480000000000000000e+02 1.454085623914661028e+03
4.490000000000000000e+02 1.485181603534498663e+03
4.500000000000000000e+02 1.516800692139649072e+03
4.510000000000000000e+02 1.548949008489254993e+03
4.520000000000000000e+02 1.581632703506453936e+03
4.530000000000000000e+02 1.614857960027839908e+03
4.540000000000000000e+02 1.648630992550184828e+03
4.550000000000000000e+02 1.682958046974476019e+03
4.560000000000000000e+02 1.717845400347317536e+03
4.570000000000000000e+02 1.753299360599749434e+03
4.580000000000000000e+02 1.789326266283541827e+03
4.590000000000000000e+02 1.825932486305015573e+03
4.600000000000000000e+02 1.863124419656438477e+03
4.610000000000000000e+02 1.900908495145057032e+03
4.620000000000000000e+02 1.939291171119809178e+03
4.630000000000000000e+02 1.978278935195780150e+03
4.640000000000000000e+02 2.017878303976444386e+03
4.650000000000000000e+02 2.058095822773756026e+03
4.660000000000000000e+02 2.098938065326129617e+03
4.670000000000000000e+02 2.140411633514376263e+03
4.680000000000000000e+02 2.182523157075635936e+03
4.690000000000000000e+02 2.225279293315367340e+03
4.700000000000000000e+02 2.268686726817440103e+03
4.710000000000000000e+02 2.312752169152387069e+03
4.720000000000000000e+02 2.357482358583863970e+03
4.730000000000000000e+02 2.402884059773372428e+03
4.740000000000000000e+02 2.448964063483292648e+03
4.750000000000000000e+02 2.495729186278280395e+03
4.760000000000000000e+02 2.543186270225080079e+03
4.770000000000000000e+02 2.591342182590799894e+03
4.780000000000000000e+02 2.640203815539704920e+03
4.790000000000000000e+02 2.689778085828570966e+03
4.800000000000000000e+02 2.740071934500665520e+03
4.810000000000000000e+02 2.791092326578376742e+03
4.820000000000000000e+02 2.842846250754573703e+03
4.830000000000000000e+02 2.895340719082719261e+03
4.840000000000000000e+02 2.948582766665798772e+03
4.850000000000000000e+02 3.002579451344112385e+03
4.860000000000000000e+02 3.057337853381974128e+03
4.870000000000000000e+02 3.112865075153366888e+03
4.880000000000000000e+02 3.169168240826603778e+03
4.890000000000000000e+02 3.226254496048042711e+03
4.900000000000000000e+02 3.284131007624895574e+03
4.910000000000000000e+02 3.342804963207189758e+03
4.920000000000000000e+02 3.402283570968911590e+03
4.930000000000000000e+02 3.462574059288396711e+03
4.940000000000000000e+02 3.523683676427998762e+03
4.950000000000000000e+02 3.585619690213084141e+03
4.960000000000000000e+02 3.648389387710405117e+03
4.970000000000000000e+02 3.712000074905889051e+03
4.980000000000000000e+02 3.776459076381884188e+03
4.990000000000000000e+02 3.841773734993912512e+03
5.000000000000000000e+02 3.907951411546978306e+03
5.010000000000000000e+02 3.974999484471453798e+03
5.020000000000000000e+02 4.042925349498613286e+03
5.030000000000000000e+02 4.111736419335833489e+03
5.040000000000000000e+02 4.181440123341509207e+03
5.050000000000000000e+02 4.252043907199738896e+03
5.060000000000000000e+02 4.323555232594800145e+03
5.070000000000000000e+02 4.395981576885467803e+03
5.080000000000000000e+02 4.469330432779209332e+03
5.090000000000000000e+02 4.543609308006311039e+03
5.100000000000000000e+02 4.618825724993941549e+03
5.110000000000000000e+02 4.694987220540240742e+03
5.120000000000000000e+02 4.772101345488417792e+03
5.130000000000000000e+02 4.850175664400939240e+03
5.140000000000000000e+02 4.929217755233828029e+03
5.150000000000000000e+02 5.009235209011101688e+03
5.160000000000000000e+02 5.090235629499400602e+03
5.170000000000000000e+02 5.172226632882842750e+03
5.180000000000000000e+02 5.255215847438124911e+03
5.190000000000000000e+02 5.339210913209926730e+03
5.200000000000000000e+02 5.424219481686633117e+03
5.210000000000000000e+02 5.510249215476419522e+03
5.220000000000000000e+02 5.597307787983743765e+03
5.230000000000000000e+02 5.685402883086255315e+03
5.240000000000000000e+02 5.774542194812158414e+03
5.250000000000000000e+02 5.864733427018103612e+03
5.260000000000000000e+02 5.955984293067567705e+03
5.270000000000000000e+02 6.048302515509815748e+03
5.280000000000000000e+02 6.141695825759448780e+03
5.290000000000000000e+02 6.236171963776570919e+03
5.300000000000000000e+02 6.331738677747608563e+03
5.310000000000000000e+02 6.428403723766813528e+03
5.320000000000000000e+02 6.526174865518473780e+03
5.330000000000000000e+02 6.625059873959872675e+03
5.340000000000000000e+02 6.725066527005004900e+03
5.350000000000000000e+02 6.826202609209102775e+03
5.360000000000000000e+02 6.928475911453981098e+03
5.370000000000000000e+02 7.031894230634240557e+03
5.380000000000000000e+02 7.136465369344337887e+03
5.390000000000000000e+02 7.242197135566582801e+03
5.400000000000000000e+02 7.349097342360048060e+03
5.410000000000000000e+02 7.457173807550448146e+03
5.420000000000000000e+02 7.566434353421004744e+03
5.430000000000000000e+02 7.676886806404306299e+03
5.440000000000000000e+02 7.788538996775219857e+03
5.450000000000000000e+02 7.901398758344842463e+03
5.460000000000000000e+02 8.015473928155533940e+03
5.470000000000000000e+02 8.130772346177071086e+03
5.480000000000000000e+02 8.247301855003910532e+03
5.490000000000000000e+02 8.365070299553601217e+03
5.500000000000000000e+02 8.484085526766371913e+03
5.510000000000000000e+02 8.604355385305914751e+03
5.520000000000000000e+02 8.725887725261363812e+03
5.530000000000000000e+02 8.848690397850534282e+03
5.540000000000000000e+02 8.972771255124389427e+03
5.550000000000000000e+02 9.098138149672788131e+03
5.560000000000000000e+02 9.224798934331545752e+03
5.570000000000000000e+02 9.352761461890771898e+03
5.580000000000000000e+02 9.482033584804561542e+03
5.590000000000000000e+02 9.612623154902030365e+03
5.600000000000000000e+02 9.744538023099723432e+03
5.610000000000000000e+02 9.877786039115382664e+03
5.620000000000000000e+02 1.001237505118314402e+04
5.630000000000000000e+02 1.014831290577014079e+04
5.640000000000000000e+02 1.028560744729453472e+04
5.650000000000000000e+02 1.042426651784500973e+04
5.660000000000000000e+02 1.056429795690171522e+04
5.670000000000000000e+02 1.070570960105869926e+04
5.680000000000000000e+02 1.084850928374784780e+04
5.690000000000000000e+02 1.099270483496431007e+04
5.700000000000000000e+02 1.113830408099345732e+04
5.710000000000000000e+02 1.128531484413938233e+04
5.720000000000000000e+02 1.143374494245495043e+04
5.730000000000000000e+02 1.158360218947341491e+04
5.740000000000000000e+02 1.173489439394159490e+04
5.750000000000000000e+02 1.188762935955464673e+04
5.760000000000000000e+02 1.204181488469245960e+04
5.770000000000000000e+02 1.219745876215761746e+04
5.780000000000000000e+02 1.235456877891503609e+04
5.790000000000000000e+02 1.251315271583318463e+04
5.800000000000000000e+02 1.267321834742698047e+04
5.810000000000000000e+02 1.283477344160234134e+04
5.820000000000000000e+02 1.299782575940237075e+04
5.830000000000000000e+02 1.316238305475527704e+04
5.840000000000000000e+02 1.332845307422388942e+04
5.850000000000000000e+02 1.349604355675694751e+04
5.860000000000000000e+02 1.366516223344205173e+04
5.870000000000000000e+02 1.383581682726031431e+04
5.880000000000000000e+02 1.400801505284276209e+04
5.890000000000000000e+02 1.418176461622842908e+04
5.900000000000000000e+02 1.435707321462419713e+04
5.910000000000000000e+02 1.453394853616637192e+04
5.920000000000000000e+02 1.471239825968401419e+04
5.930000000000000000e+02 1.489243005446399911e+04
5.940000000000000000e+02 1.507405158001786549e+04
5.950000000000000000e+02 1.525727048585040211e+04
5.960000000000000000e+02 1.544209441123001307e+04
5.970000000000000000e+02 1.562853098496086204e+04
5.980000000000000000e+02 1.581658782515679195e+04
5.990000000000000000e+02 1.600627253901703807e+04
6.000000000000000000e+02 1.619759272260370926e+04
6.010000000000000000e+02 1.639055596062108816e+04
6.020000000000000000e+02 1.658516982619670671e+04
6.030000000000000000e+02 1.678144188066423885e+04
6.040000000000000000e+02 1.697937967334818677e+04
6.050000000000000000e+02 1.717899074135038973e+04
6.060000000000000000e+02 1.738028260933832280e+04
6.070000000000000000e+02 1.758326278933521098e+04
6.080000000000000000e+02 1.778793878051199135e+04
6.090000000000000000e+02 1.799431806898105060e+04
6.100000000000000000e+02 1.820240812759179244e+04
6.110000000000000000e+02 1.841221641572806038e+04
6.120000000000000000e+02 1.862375037910733226e+04
6.130000000000000000e+02 1.883701744958177369e+04
6.140000000000000000e+02 1.905202504494111417e+04
6.150000000000000000e+02 1.926878056871732406e+04
6.160000000000000000e+02 1.948729140999115407e+04
6.170000000000000000e+02 1.970756494320046477e+04
6.180000000000000000e+02 1.992960852795042592e+04
6.190000000000000000e+02 2.015342950882548757e+04
6.200000000000000000e+02 2.037903521520323920e+04
6.210000000000000000e+02 2.060643296107004426e+04
6.220000000000000000e+02 2.083563004483853001e+04
6.230000000000000000e+02 2.106663374916688917e+04
6.240000000000000000e+02 2.129945134078000774e+04
6.250000000000000000e+02 2.153409007029243003e+04
6.260000000000000000e+02 2.177055717203309905e+04
6.270000000000000000e+02 2.200885986387198864e+04
6.280000000000000000e+02 2.224900534704847450e+04
6.290000000000000000e+02 2.249100080600158253e+04
6.300000000000000000e+02 2.273485340820201964e+04
6.310000000000000000e+02 2.298057030398602001e+04
6.320000000000000000e+02 2.322815862639100669e+04
6.330000000000000000e+02 2.347762549099303578e+04
6.340000000000000000e+02 2.372897799574609235e+04
6.350000000000000000e+02 2.398222322082313622e+04
6.360000000000000000e+02 2.423736822845895222e+04
6.370000000000000000e+02 2.449442006279484849e+04
6.380000000000000000e+02 2.475338574972503557e+04
6.390000000000000000e+02 2.501427229674490809e+04
6.400000000000000000e+02 2.527708669280105096e+04
6.410000000000000000e+02 2.554183590814300987e+04
6.420000000000000000e+02 2.580852689417686634e+04
6.430000000000000000e+02 2.607716658332059160e+04
6.440000000000000000e+02 2.634776188886110685e+04
6.450000000000000000e+02 2.662031970481319877e+04
6.460000000000000000e+02 2.689484690578009031e+04
6.470000000000000000e+02 2.717135034681582692e+04
6.480000000000000000e+02 2.744983686328942349e+04
6.490000000000000000e+02 2.773031327075066292e+04
6.500000000000000000e+02 2.801278636479776105e+04
6.510000000000000000e+02 2.829726292094662494e+04
6.520000000000000000e+02 2.858374969450198114e+04
6.530000000000000000e+02 2.887225342043008277e+04
6.540000000000000000e+02 2.916278081323322112e+04
6.550000000000000000e+02 2.945533856682594705e+04
6.560000000000000000e+02 2.974993335441293675e+04
6.570000000000000000e+02 3.004657182836862194e+04
6.580000000000000000e+02 3.034526062011844988e+04
6.590000000000000000e+02 3.064600634002187871e+04
6.600000000000000000e+02 3.094881557725703169e+04
6.610000000000000000e+02 3.125369489970700670e+04
6.620000000000000000e+02 3.156065085384788472e+04
6.630000000000000000e+02 3.186968996463838630e+04
6.640000000000000000e+02 3.218081873541116511e+04
6.650000000000000000e+02 3.249404364776576404e+04
6.660000000000000000e+02 3.280937116146321205e+04
6.670000000000000000e+02 3.312680771432223264e+04
6.680000000000000000e+02 3.344635972211710032e+04
6.690000000000000000e+02 3.376803357847713778e+04
6.700000000000000000e+02 3.409183565478774835e+04
6.710000000000000000e+02 3.441777230009312916e+04
6.720000000000000000e+02 3.474584984100054135e+04
6.730000000000000000e+02 3.507607458158621739e+04
6.740000000000000000e+02 3.540845280330273090e+04
6.750000000000000000e+02 3.574299076488812716e+04
6.760000000000000000e+02 3.607969470227643615e+04
6.770000000000000000e+02 3.641857082850985898e+04
6.780000000000000000e+02 3.675962533365250420e+04
6.790000000000000000e+02 3.710286438470558642e+04
6.800000000000000000e+02 3.744829412552424765e+04
6.810000000000000000e+02 3.779592067673587007e+04
6.820000000000000000e+02 3.814575013565989502e+04
6.830000000000000000e+02 3.849778857622921350e+04
6.840000000000000000e+02 3.885204204891295376e+04
6.850000000000000000e+02 3.920851658064090589e+04
6.860000000000000000e+02 3.956721817472932162e+04
6.870000000000000000e+02 3.992815281080824207e+04
6.880000000000000000e+02 4.029132644475030247e+04
6.890000000000000000e+02 4.065674500860094849e+04
6.900000000000000000e+02 4.102441441051021684e+04
6.910000000000000000e+02 4.139434053466584010e+04
6.920000000000000000e+02 4.176652924122786499e+04
6.930000000000000000e+02 4.214098636626469670e+04
6.940000000000000000e+02 4.251771772169053293e+04
6.950000000000000000e+02 4.289672909520422400e+04
6.960000000000000000e+02 4.327802625022956636e+04
6.970000000000000000e+02 4.366161492585696396e+04
6.980000000000000000e+02 4.404750083678647934e+04
6.990000000000000000e+02 4.443568967327228165e+04
7.000000000000000000e+02 4.482618710106844082e+04
7.010000000000000000e+02 4.521899876137611136e+04
7.020000000000000000e+02 4.561413027079204039e+04
7.030000000000000000e+02 4.601158722125847271e+04
7.040000000000000000e+02 4.641137518001431454e+04
7.050000000000000000e+02 4.681349968954767246e+04
7.060000000000000000e+02 4.721796626754975296e+04
7.070000000000000000e+02 4.762478040686999157e+04
7.080000000000000000e+02 4.803394757547247718e+04
7.090000000000000000e+02 4.844547321639379516e+04
7.100000000000000000e+02 4.885936274770203454e+04
7.110000000000000000e+02 4.927562156245704682e+04
7.120000000000000000e+02 4.969425502867212344e+04
7.130000000000000000e+02 5.011526848927679384e+04
7.140000000000000000e+02 5.053866726208089676e+04
7.150000000000000000e+02 5.096445663973996125e+04
7.160000000000000000e+02 5.139264188972168631e+04
7.170000000000000000e+02 5.182322825427382486e+04
7.180000000000000000e+02 5.225622095039308624e+04
7.190000000000000000e+02 5.269162516979542852e+04
7.200000000000000000e+02 5.312944607888739847e+04
7.210000000000000000e+02 5.356968881873868668e+04
7.220000000000000000e+02 5.401235850505596318e+04
7.230000000000000000e+02 5.445746022815777542e+04
7.240000000000000000e+02 5.490499905295063218e+04
7.250000000000000000e+02 5.535498001890625164e+04
7.260000000000000000e+02 5.580740814003997366e+04
7.270000000000000000e+02 5.626228840489019058e+04
7.280000000000000000e+02 5.671962577649913874e+04
7.290000000000000000e+02 5.717942519239452668e+04
7.300000000000000000e+02 5.764169156457245117e+04
7.310000000000000000e+02 5.810642977948138287e+04
7.320000000000000000e+02 5.857364469800719962e+04
7.330000000000000000e+02 5.904334115545934765e+04
7.340000000000000000e+02 5.951552396155799215e+04
7.350000000000000000e+02 5.999019790042235400e+04
7.360000000000000000e+02 6.046736773055999947e+04
7.370000000000000000e+02 6.094703818485727243e+04
7.380000000000000000e+02 6.142921397057061404e+04
7.390000000000000000e+02 6.191389976931904675e+04
7.400000000000000000e+02 6.240110023707767687e+04
7.410000000000000000e+02 6.289082000417205563e+04
7.420000000000000000e+02 6.338306367527379189e+04
7.430000000000000000e+02 6.387783582939689222e+04
7.440000000000000000e+02 6.437514101989527990e+04
7.450000000000000000e+02 6.487498377446121594e+04
7.460000000000000000e+02 6.537736859512470255e+04
7.470000000000000000e+02 6.588229995825375954e+04
7.480000000000000000e+02 6.638978231455586501e+04
7.490000000000000000e+02 6.689982008908010903e+04
7.500000000000000000e+02 6.741241768122042413e+04
7.510000000000000000e+02 6.792757946471960167e+04
7.520000000000000000e+02 6.844530978767445777e+04
7.530000000000000000e+02 6.896561297254169767e+04
7.540000000000000000e+02 6.948849331614468247e+04
7.550000000000000000e+02 7.001395508968128706e+04
7.560000000000000000e+02 7.054200253873244219e+04
7.570000000000000000e+02 7.107263988327157858e+04
7.580000000000000000e+02 7.160587131767504616e+04
7.590000000000000000e+02 7.214170101073331898e+04
7.600000000000000000e+02 7.268013310566300061e+04
7.610000000000000000e+02 7.322117172011976072e+04
7.620000000000000000e+02 7.376482094621211581e+04
7.630000000000000000e+02 7.431108485051589378e+04
7.640000000000000000e+02 7.485996747408971714e+04
7.650000000000000000e+02 7.541147283249109751e+04
7.660000000000000000e+02 7.596560491579350492e+04
7.670000000000000000e+02 7.652236768860410666e+04
7.680000000000000000e+02 7.708176509008236462e+04
7.690000000000000000e+02 7.764380103395928745e+04
7.700000000000000000e+02 7.820847940855778870e+04
7.710000000000000000e+02 7.877580407681320503e+04
7.720000000000000000e+02 7.934577887629529869e+04
7.730000000000000000e+02 7.991840761923036189e+04
7.740000000000000000e+02 8.049369409252448531e+04
7.750000000000000000e+02 8.107164205778727774e+04
7.760000000000000000e+02 8.165225525135660428e+04
7.770000000000000000e+02 8.223553738432371756e+04
7.780000000000000000e+02 8.282149214255932020e+04
7.790000000000000000e+02 8.341012318674025300e+04
7.800000000000000000e+02 8.400143415237683803e+04
7.810000000000000000e+02 8.459542864984099288e+04
7.820000000000000000e+02 8.519211026439495618e+04
7.830000000000000000e+02 8.579148255622066790e+04
7.840000000000000000e+02 8.639354906044993550e+04
7.850000000000000000e+02 8.699831328719502199e+04
7.860000000000000000e+02 8.760577872158016544e+04
7.870000000000000000e+02 8.821594882377350586e+04
7.880000000000000000e+02 8.882882702901973971e+04
7.890000000000000000e+02 8.944441674767344375e+04
7.900000000000000000e+02 9.006272136523290828e+04
7.910000000000000000e+02 9.068374424237465428e+04
7.920000000000000000e+02 9.130748871498860535e+04
7.930000000000000000e+02 9.193395809421365266e+04
7.940000000000000000e+02 9.256315566647404921e+04
7.950000000000000000e+02 9.319508469351631356e+04
7.960000000000000000e+02 9.382974841244654090e+04
7.970000000000000000e+02 9.446715003576854360e+04
7.980000000000000000e+02 9.510729275142232655e+04
7.990000000000000000e+02 9.575017972282337723e+04
8.000000000000000000e+02 9.639581408890211605e+04
8.010000000000000000e+02 9.704419896414436516e+04
8.020000000000000000e+02 9.769533743863190466e+04
8.030000000000000000e+02 9.834923257808384369e+04
8.040000000000000000e+02 9.900588742389838444e+04
8.050000000000000000e+02 9.966530499319519731e+04
8.060000000000000000e+02 1.003274882788581890e+05
8.070000000000000000e+02 1.009924402495787654e+05
8.080000000000000000e+02 1.016601638498998364e+05
8.090000000000000000e+02 1.023306620002599666e+05
8.100000000000000000e+02 1.030039375970381079e+05
8.110000000000000000e+02 1.036799935125990305e+05
8.120000000000000000e+02 1.043588325953389722e+05
8.130000000000000000e+02 1.050404576697317680e+05
8.140000000000000000e+02 1.057248715363756055e+05
8.150000000000000000e+02 1.064120769720399549e+05
8.160000000000000000e+02 1.071020767297133571e+05
8.170000000000000000e+02 1.077948735386510962e+05
8.180000000000000000e+02 1.084904701044238464e+05
8.190000000000000000e+02 1.091888691089664499e+05
8.200000000000000000e+02 1.098900732106269570e+05
8.210000000000000000e+02 1.105940850442166266e+05
8.220000000000000000e+02 1.113009072210597224e+05
8.230000000000000000e+02 1.120105423290440813e+05
8.240000000000000000e+02 1.127229929326719721e+05
8.250000000000000000e+02 1.134382615731113183e+05
8.260000000000000000e+02 1.141563507682474155e+05
8.270000000000000000e+02 1.148772630127347657e+05
8.280000000000000000e+02 1.156010007780496380e+05
8.290000000000000000e+02 1.163275665125426749e+05
8.300000000000000000e+02 1.170569626414921077e+05
8.310000000000000000e+02 1.177891915671571915e+05
8.320000000000000000e+02 1.185242556688319310e+05
8.330000000000000000e+02 1.192621573028993298e+05
8.340000000000000000e+02 1.200028988028858003e+05
8.350000000000000000e+02 1.207464824795160239e+05
8.360000000000000000e+02 1.214929106207681180e+05
8.370000000000000000e+02 1.222421854919290927e+05
8.380000000000000000e+02 1.229943093356506142e+05
8.390000000000000000e+02 1.237492843720050878e+05
8.400000000000000000e+02 1.245071127985420462e+05
8.410000000000000000e+02 1.252677967903450190e+05
8.420000000000000000e+02 1.260313385000882263e+05
8.430000000000000000e+02 1.267977400580941030e+05
8.440000000000000000e+02 1.275670035723907931e+05
8.450000000000000000e+02 1.283391311287699646e+05
8.460000000000000000e+02 1.291141247908449732e+05
8.470000000000000000e+02 1.298919866001092596e+05
8.480000000000000000e+02 1.306727185759949207e+05
8.490000000000000000e+02 1.314563227159317757e+05
8.500000000000000000e+02 1.322428009954064037e+05
8.510000000000000000e+02 1.330321553680216311e+05
8.520000000000000000e+02 1.338243877655561082e+05
8.530000000000000000e+02 1.346195000980243203e+05
8.540000000000000000e+02 1.354174942537367169e+05
8.550000000000000000e+02 1.362183720993600145e+05
8.560000000000000000e+02 1.370221354799778201e+05
8.570000000000000000e+02 1.378287862191514869e+05
8.580000000000000000e+02 1.386383261189810582e+05
8.590000000000000000e+02 1.394507569601666182e+05
8.600000000000000000e+02 1.402660805020696716e+05
8.610000000000000000e+02 1.410842984827748442e+05
8.620000000000000000e+02 1.419054126191517280e+05
8.630000000000000000e+02 1.427294246069169021e+05
8.640000000000000000e+02 1.435563361206961563e+05
8.650000000000000000e+02 1.443861488140870351e+05
8.660000000000000000e+02 1.452188643197212368e+05
8.670000000000000000e+02 1.460544842493276810e+05
8.680000000000000000e+02 1.468930101937951695e+05
8.690000000000000000e+02 1.477344437232356868e+05
8.700000000000000000e+02 1.485787863870476140e+05
8.710000000000000000e+02 1.494260397139792913e+05
8.720000000000000000e+02 1.502762052121924353e+05
8.730000000000000000e+02 1.511292843693260802e+05
8.740000000000000000e+02 1.519852786525603733e+05
8.750000000000000000e+02 1.528441895086806908e+05
8.760000000000000000e+02 1.537060183641416079e+05
8.770000000000000000e+02 1.545707666251317132e+05
8.780000000000000000e+02 1.554384356776374916e+05
8.790000000000000000e+02 1.563090268875083129e+05
8.800000000000000000e+02 1.571825416005210136e+05
8.810000000000000000e+02 1.580589811424446525e+05
8.820000000000000000e+02 1.589383468191055872e+05
8.830000000000000000e+02 1.598206399164524919e+05
8.840000000000000000e+02 1.607058617006214336e+05
8.850000000000000000e+02 1.615940134180013847e+05
8.860000000000000000e+02 1.624850962952993286e+05
8.870000000000000000e+02 1.633791115396059467e+05
8.880000000000000000e+02 1.642760603384610731e+05
8.890000000000000000e+02 1.651759438599194109e+05
8.900000000000000000e+02 1.660787632526163652e+05
8.910000000000000000e+02 1.669845196458337305e+05
8.920000000000000000e+02 1.678932141495656979e+05
8.930000000000000000e+02 1.688048478545848629e+05
8.940000000000000000e+02 1.697194218325082911e+05
8.950000000000000000e+02 1.706369371358636708e+05
8.960000000000000000e+02 1.715573947981555248e+05
8.970000000000000000e+02 1.724807958339314209e+05
8.980000000000000000e+02 1.734071412388485332e+05
8.990000000000000000e+02 1.743364319897397945e+05
9.000000000000000000e+02 1.752686690446803987e+05
9.010000000000000000e+02 1.762038533430545940e+05
9.020000000000000000e+02 1.771419858056217199e+05
9.030000000000000000e+02 1.780830673345834075e+05
9.040000000000000000e+02 1.790270988136497326e+05
9.050000000000000000e+02 1.799740811081061838e+05
9.060000000000000000e+02 1.809240150648803101e+05
9.070000000000000000e+02 1.818769015126084560e+05
9.080000000000000000e+02 1.828327412617027003e+05
9.090000000000000000e+02 1.837915351044173585e+05
9.100000000000000000e+02 1.847532838149162126e+05
9.110000000000000000e+02 1.857179881493391586e+05
9.120000000000000000e+02 1.866856488458690874e+05
9.130000000000000000e+02 1.876562666247988818e+05
9.140000000000000000e+02 1.886298421885983553e+05
9.150000000000000000e+02 1.896063762219810160e+05
9.160000000000000000e+02 1.905858693919712096e+05
9.170000000000000000e+02 1.915683223479709995e+05
9.180000000000000000e+02 1.925537357218270772e+05
9.190000000000000000e+02 1.935421101278976712e+05
9.200000000000000000e+02 1.945334461631198064e+05
9.210000000000000000e+02 1.955277444070757483e+05
9.220000000000000000e+02 1.965250054220604361e+05
9.230000000000000000e+02 1.975252297531481017e+05
9.240000000000000000e+02 1.985284179282592959e+05
9.250000000000000000e+02 1.995345704582278850e+05
9.260000000000000000e+02 2.005436878368677280e+05
9.270000000000000000e+02 2.015557705410398776e+05
9.280000000000000000e+02 2.025708190307190234e+05
9.290000000000000000e+02 2.035888337490607519e+05
9.300000000000000000e+02 2.046098151224679605e+05
9.310000000000000000e+02 2.056337635606579133e+05
9.320000000000000000e+02 2.066606794567289762e+05
9.330000000000000000e+02 2.076905631872271188e+05
9.340000000000000000e+02 2.087234151122128242e+05
9.350000000000000000e+02 2.097592355753275333e+05
9.360000000000000000e+02 2.107980249038604670e+05
9.370000000000000000e+02 2.118397834088150994e+05
9.380000000000000000e+02 2.128845113849756890e+05
9.390000000000000000e+02 2.139322091109736066e+05
9.400000000000000000e+02 2.149828768493540119e+05
9.410000000000000000e+02 2.160365148466421233e+05
9.420000000000000000e+02 2.170931233334094577e+05
9.430000000000000000e+02 2.181527025243403623e+05
9.440000000000000000e+02 2.192152526182979927e+05
9.450000000000000000e+02 2.202807737983905827e+05
9.460000000000000000e+02 2.213492662320374220e+05
9.470000000000000000e+02 2.224207300710352720e+05
9.480000000000000000e+02 2.234951654516238486e+05
9.490000000000000000e+02 2.245725724945521215e+05
9.500000000000000000e+02 2.256529513051441172e+05
9.510000000000000000e+02 2.267363019733644614e+05
9.520000000000000000e+02 2.278226245738843572e+05
9.530000000000000000e+02 2.289119191661471268e+05
9.540000000000000000e+02 2.300041857944337535e+05
9.550000000000000000e+02 2.310994244879285106e+05
9.560000000000000000e+02 2.321976352607842418e+05
9.570000000000000000e+02 2.332988181121877860e+05
9.580000000000000000e+02 2.344029730264251120e+05
9.590000000000000000e+02 2.355100999729468022e+05
9.600000000000000000e+02 2.366201989064326626e+05
9.610000000000000000e+02 2.377332697668572655e+05
9.620000000000000000e+02 2.388493124795545882e+05
9.630000000000000000e+02 2.399683269552827987e+05
9.640000000000000000e+02 2.410903130902891862e+05
9.650000000000000000e+02 2.422152707663747715e+05
9.660000000000000000e+02 2.433431998509587138e+05
9.670000000000000000e+02 2.444741001971429796e+05
9.680000000000000000e+02 2.456079716437768075e+05
9.690000000000000000e+02 2.467448140155206202e+05
9.700000000000000000e+02 2.478846271229105769e+05
9.710000000000000000e+02 2.490274107624224271e+05
9.720000000000000000e+02 2.501731647165355680e+05
9.730000000000000000e+02 2.513218887537971023e+05
9.740000000000000000e+02 2.524735826288851677e+05
9.750000000000000000e+02 2.536282460826732276e+05
9.760000000000000000e+02 2.547858788422931102e+05
9.770000000000000000e+02 2.559464806211985997e+05
9.780000000000000000e+02 2.571100511192292906e+05
9.790000000000000000e+02 2.582765900226726662e+05
9.800000000000000000e+02 2.594460970043286798e+05
9.810000000000000000e+02 2.606185717235717457e+05
9.820000000000000000e+02 2.617940138264139532e+05
9.830000000000000000e+02 2.629724229455679888e+05
9.840000000000000000e+02 2.641537987005095929e+05
9.850000000000000000e+02 2.653381406975402497e+05
9.860000000000000000e+02 2.665254485298497602e+05
9.870000000000000000e+02 2.677157217775781755e+05
9.880000000000000000e+02 2.689089600078784279e+05
9.890000000000000000e+02 2.701051627749780891e+05
9.900000000000000000e+02 2.713043296202417114e+05
9.910000000000000000e+02 2.725064600722321775e+05
9.920000000000000000e+02 2.737115536467728671e+05
9.930000000000000000e+02 2.749196098470089491e+05
9.940000000000000000e+02 2.761306281634689076e+05
9.950000000000000000e+02 2.773446080741260666e+05
9.960000000000000000e+02 2.785615490444595926e+05
9.970000000000000000e+02 2.797814505275155534e+05
9.980000000000000000e+02 2.810043119639681536e+05
9.990000000000000000e+02 2.822301327821800951e+05
