# BB temperature (K); Intensity through filter (ph/s/m^2/mas^2)
1.000000000000000000e+01 0.000000000000000000e+00
1.100000000000000000e+01 0.000000000000000000e+00
1.200000000000000000e+01 0.000000000000000000e+00
1.300000000000000000e+01 0.000000000000000000e+00
1.400000000000000000e+01 0.000000000000000000e+00
1.500000000000000000e+01 0.000000000000000000e+00
1.600000000000000000e+01 0.000000000000000000e+00
1.700000000000000000e+01 0.000000000000000000e+00
1.800000000000000000e+01 0.000000000000000000e+00
1.900000000000000000e+01 0.000000000000000000e+00
2.000000000000000000e+01 0.000000000000000000e+00
2.100000000000000000e+01 2.930018596779906652e-68
2.200000000000000000e+01 5.049730511965792182e-65
2.300000000000000000e+01 4.675735674881349613e-62
2.400000000000000000e+01 2.515360529316430889e-59
2.500000000000000000e+01 8.387331957149536423e-57
2.600000000000000000e+01 1.829538824858012952e-54
2.700000000000000000e+01 2.731890549830901065e-52
2.800000000000000000e+01 2.902415354073648500e-50
2.900000000000000000e+01 2.268084180627876655e-48
3.000000000000000000e+01 1.341841142287435402e-46
3.100000000000000000e+01 6.164171704870135909e-45
3.200000000000000000e+01 2.248418735528129803e-43
3.300000000000000000e+01 6.642195560093467045e-42
3.400000000000000000e+01 1.617496930912702846e-40
3.500000000000000000e+01 3.298574491563808466e-39
3.600000000000000000e+01 5.713552720156432402e-38
3.700000000000000000e+01 8.513520668692849486e-37
3.800000000000000000e+01 1.103863168753473072e-35
3.900000000000000000e+01 1.258411038680695549e-34
4.000000000000000000e+01 1.273217061727310271e-33
4.100000000000000000e+01 1.153048955426619707e-32
4.200000000000000000e+01 9.419205256370822863e-32
4.300000000000000000e+01 6.989684641006746019e-31
4.400000000000000000e+01 4.742038990876903599e-30
4.500000000000000000e+01 2.958586636840790022e-29
4.600000000000000000e+01 1.706661198964359203e-28
4.700000000000000000e+01 9.147303546461076832e-28
4.800000000000000000e+01 4.576005325062385284e-27
4.900000000000000000e+01 2.145535032232246567e-26
5.000000000000000000e+01 9.464695154448698119e-26
5.100000000000000000e+01 3.942190378327958689e-25
5.200000000000000000e+01 1.555429164030764507e-24
5.300000000000000000e+01 5.831237303175485526e-24
5.400000000000000000e+01 2.082999381595423167e-23
5.500000000000000000e+01 7.108338983961163648e-23
5.600000000000000000e+01 2.323006672133575693e-22
5.700000000000000000e+01 7.286448944816877007e-22
5.800000000000000000e+01 2.198252393919374835e-21
5.900000000000000000e+01 6.391269659910313577e-21
6.000000000000000000e+01 1.794073749197559322e-20
6.100000000000000000e+01 4.870583093133232738e-20
6.200000000000000000e+01 1.280871454241243290e-19
6.300000000000000000e+01 3.267884175660360087e-19
6.400000000000000000e+01 8.099840034555077776e-19
6.500000000000000000e+01 1.953033574412607994e-18
6.600000000000000000e+01 4.586767240830821186e-18
6.700000000000000000e+01 1.050450666515595045e-17
6.800000000000000000e+01 2.348524812905051363e-17
6.900000000000000000e+01 5.131167624969204445e-17
7.000000000000000000e+01 1.096640399324656829e-16
7.100000000000000000e+01 2.294779147556274717e-16
7.200000000000000000e+01 4.705715049926535333e-16
7.300000000000000000e+01 9.464054547620302073e-16
7.400000000000000000e+01 1.868251123726332922e-15
7.500000000000000000e+01 3.622606893096421519e-15
7.600000000000000000e+01 6.904620539397717783e-15
7.700000000000000000e+01 1.294434399367001453e-14
7.800000000000000000e+01 2.388449911686244385e-14
7.900000000000000000e+01 4.340187828934572925e-14
8.000000000000000000e+01 7.771497070548794340e-14
8.100000000000000000e+01 1.371955274408711508e-13
8.200000000000000000e+01 2.389121471790799197e-13
8.300000000000000000e+01 4.105940914892070514e-13
8.400000000000000000e+01 6.967330652344435774e-13
8.500000000000000000e+01 1.167865898999360872e-12
8.600000000000000000e+01 1.934536700173409113e-12
8.700000000000000000e+01 3.168068568680598852e-12
8.800000000000000000e+01 5.131141274616348759e-12
8.900000000000000000e+01 8.222347823305514814e-12
9.000000000000000000e+01 1.304048535646647641e-11
9.100000000000000000e+01 2.047644476299632034e-11
9.200000000000000000e+01 3.184334870843971175e-11
9.300000000000000000e+01 4.905923478503934720e-11
9.400000000000000000e+01 7.490131594959923084e-11
9.500000000000000000e+01 1.133569497773309346e-10
9.600000000000000000e+01 1.701042430928343116e-10
9.700000000000000000e+01 2.531651058077496502e-10
9.800000000000000000e+01 3.737860177346616798e-10
9.900000000000000000e+01 5.476173387512227556e-10
1.000000000000000000e+02 7.962813237124234520e-10
1.010000000000000000e+02 1.149442851103615059e-09
1.020000000000000000e+02 1.647526106083844330e-09
1.030000000000000000e+02 2.345256068239908853e-09
1.040000000000000000e+02 3.316246773607753498e-09
1.050000000000000000e+02 4.658910229458256653e-09
1.060000000000000000e+02 6.504021998362764992e-09
1.070000000000000000e+02 9.024353443865739036e-09
1.080000000000000000e+02 1.244686823111241506e-08
1.090000000000000000e+02 1.706808387651309290e-08
1.100000000000000000e+02 2.327332010977142880e-08
1.110000000000000000e+02 3.156069691825937494e-08
1.120000000000000000e+02 4.257090896096903143e-08
1.130000000000000000e+02 5.712399234695307945e-08
1.140000000000000000e+02 7.626451755814506474e-08
1.150000000000000000e+02 1.013168917508117993e-07
1.160000000000000000e+02 1.339527381867843812e-07
1.170000000000000000e+02 1.762726437126946947e-07
1.180000000000000000e+02 2.309049307956953651e-07
1.190000000000000000e+02 3.011245225841505327e-07
1.200000000000000000e+02 3.909954318973070955e-07
1.210000000000000000e+02 5.055409222068268857e-07
1.220000000000000000e+02 6.509459649255545553e-07
1.230000000000000000e+02 8.347972571353557987e-07
1.240000000000000000e+02 1.066366771812078782e-06
1.250000000000000000e+02 1.356945593235794900e-06
1.260000000000000000e+02 1.720235648221674656e-06
1.270000000000000000e+02 2.172807883672370183e-06
1.280000000000000000e+02 2.734636467292738269e-06
1.290000000000000000e+02 3.429719705598963015e-06
1.300000000000000000e+02 4.286799585958279563e-06
1.310000000000000000e+02 5.340193161522643252e-06
1.320000000000000000e+02 6.630750413591084700e-06
1.330000000000000000e+02 8.206954748945937712e-06
1.340000000000000000e+02 1.012618392358887927e-05
1.350000000000000000e+02 1.245615093228369394e-05
1.360000000000000000e+02 1.527654626828680440e-05
1.370000000000000000e+02 1.868090494213371736e-05
1.380000000000000000e+02 2.277872375446255505e-05
1.390000000000000000e+02 2.769785654726860134e-05
1.400000000000000000e+02 3.358721751189943776e-05
1.410000000000000000e+02 4.061982511122467761e-05
1.420000000000000000e+02 4.899622177792834128e-05
1.430000000000000000e+02 5.894830728040913084e-05
1.440000000000000000e+02 7.074362650140160295e-05
1.450000000000000000e+02 8.469015535062914750e-05
1.460000000000000000e+02 1.011416316294529638e-04
1.470000000000000000e+02 1.205034808798600559e-04
1.480000000000000000e+02 1.432393905788996826e-04
1.490000000000000000e+02 1.698785894788639307e-04
1.500000000000000000e+02 2.010238924385353873e-04
1.510000000000000000e+02 2.373605747364940103e-04
1.520000000000000000e+02 2.796661435979802155e-04
1.530000000000000000e+02 3.288210784957402641e-04
1.540000000000000000e+02 3.858206156956593214e-04
1.550000000000000000e+02 4.517876565022413936e-04
1.560000000000000000e+02 5.279868827090413146e-04
1.570000000000000000e+02 6.158401668663620763e-04
1.580000000000000000e+02 7.169433691337851128e-04
1.590000000000000000e+02 8.330846166788183566e-04
1.600000000000000000e+02 9.662641658051301409e-04
1.610000000000000000e+02 1.118715951234038096e-03
1.620000000000000000e+02 1.292930931210425688e-03
1.630000000000000000e+02 1.491682341347894646e-03
1.640000000000000000e+02 1.718052974356439793e-03
1.650000000000000000e+02 1.975464606997544802e-03
1.660000000000000000e+02 2.267709699774599075e-03
1.670000000000000000e+02 2.598985498978930928e-03
1.680000000000000000e+02 2.973930674761407836e-03
1.690000000000000000e+02 3.397664632874471905e-03
1.700000000000000000e+02 3.875829641617271372e-03
1.710000000000000000e+02 4.414635919305329864e-03
1.720000000000000000e+02 5.020909831263616584e-03
1.730000000000000000e+02 5.702145348896302084e-03
1.740000000000000000e+02 6.466558926805763934e-03
1.750000000000000000e+02 7.323147957206231282e-03
1.760000000000000000e+02 8.281752963992278227e-03
1.770000000000000000e+02 9.353123701768200488e-03
1.780000000000000000e+02 1.054898932791037240e-02
1.790000000000000000e+02 1.188213281831047331e-02
1.800000000000000000e+02 1.336646979982318226e-02
1.810000000000000000e+02 1.501713197460766841e-02
1.820000000000000000e+02 1.685055531349920546e-02
1.830000000000000000e+02 1.888457319726640285e-02
1.840000000000000000e+02 2.113851468609319328e-02
1.850000000000000000e+02 2.363330809886476230e-02
1.860000000000000000e+02 2.639159008482646826e-02
1.870000000000000000e+02 2.943782037091760215e-02
1.880000000000000000e+02 3.279840236855188773e-02
1.890000000000000000e+02 3.650180982381878020e-02
1.900000000000000000e+02 4.057871969500873727e-02
1.910000000000000000e+02 4.506215144101829995e-02
1.920000000000000000e+02 4.998761290356364129e-02
1.930000000000000000e+02 5.539325296522002590e-02
1.940000000000000000e+02 6.132002116411035958e-02
1.950000000000000000e+02 6.781183444458369070e-02
1.960000000000000000e+02 7.491575122145560650e-02
1.970000000000000000e+02 8.268215293332720206e-02
1.980000000000000000e+02 9.116493325815518134e-02
1.990000000000000000e+02 1.004216951616181963e-01
2.000000000000000000e+02 1.105139559459111381e-01
2.010000000000000000e+02 1.215073604634059612e-01
2.020000000000000000e+02 1.334719026561441424e-01
2.030000000000000000e+02 1.464821555783785700e-01
2.040000000000000000e+02 1.606175100553650648e-01
2.050000000000000000e+02 1.759624221273167199e-01
2.060000000000000000e+02 1.926066694228913967e-01
2.070000000000000000e+02 2.106456166017792175e-01
2.080000000000000000e+02 2.301804900009081223e-01
2.090000000000000000e+02 2.513186616134929219e-01
2.100000000000000000e+02 2.741739425246251249e-01
2.110000000000000000e+02 2.988668859213463036e-01
2.120000000000000000e+02 3.255250997891707687e-01
2.130000000000000000e+02 3.542835694008415470e-01
2.140000000000000000e+02 3.852849896967064369e-01
2.150000000000000000e+02 4.186801076495288432e-01
2.160000000000000000e+02 4.546280746997717337e-01
2.170000000000000000e+02 4.932968093404571097e-01
2.180000000000000000e+02 5.348633699235951777e-01
2.190000000000000000e+02 5.795143377529161643e-01
2.200000000000000000e+02 6.274462105202327500e-01
2.210000000000000000e+02 6.788658061352208506e-01
2.220000000000000000e+02 7.339906769907460493e-01
2.230000000000000000e+02 7.930495346980799276e-01
2.240000000000000000e+02 8.562826853184873910e-01
2.250000000000000000e+02 9.239424751096781963e-01
2.260000000000000000e+02 9.962937467975865324e-01
2.270000000000000000e+02 1.073614306375811456e+00
2.280000000000000000e+02 1.156195400426883069e+00
2.290000000000000000e+02 1.244342203951291914e+00
2.300000000000000000e+02 1.338374318681962105e+00
2.310000000000000000e+02 1.438626281853566891e+00
2.320000000000000000e+02 1.545448085387780779e+00
2.330000000000000000e+02 1.659205705447261314e+00
2.340000000000000000e+02 1.780281642302864231e+00
2.350000000000000000e+02 1.909075470450303902e+00
2.360000000000000000e+02 2.046004398904225141e+00
2.370000000000000000e+02 2.191503841589447887e+00
2.380000000000000000e+02 2.346027997740950610e+00
2.390000000000000000e+02 2.510050442216085642e+00
2.400000000000000000e+02 2.684064725614437208e+00
2.410000000000000000e+02 2.868584984092791945e+00
2.420000000000000000e+02 3.064146558754796246e+00
2.430000000000000000e+02 3.271306624487083425e+00
2.440000000000000000e+02 3.490644828105963882e+00
2.450000000000000000e+02 3.722763935671207669e+00
2.460000000000000000e+02 3.968290488815956696e+00
2.470000000000000000e+02 4.227875469934505581e+00
2.480000000000000000e+02 4.502194976062463994e+00
2.490000000000000000e+02 4.791950901276760710e+00
2.500000000000000000e+02 5.097871627436030728e+00
2.510000000000000000e+02 5.420712723075167716e+00
2.520000000000000000e+02 5.761257650261240926e+00
2.530000000000000000e+02 6.120318479211491969e+00
2.540000000000000000e+02 6.498736610467911845e+00
2.550000000000000000e+02 6.897383504416804811e+00
2.560000000000000000e+02 7.317161417935795775e+00
2.570000000000000000e+02 7.759004147945052665e+00
2.580000000000000000e+02 8.223877781633976980e+00
2.590000000000000000e+02 8.712781453129242237e+00
2.600000000000000000e+02 9.226748106364922819e+00
2.610000000000000000e+02 9.766845263910553854e+00
2.620000000000000000e+02 1.033417580150819148e+01
2.630000000000000000e+02 1.092987872806503979e+01
2.640000000000000000e+02 1.155512997084382221e+01
2.650000000000000000e+02 1.221114316558913515e+01
2.660000000000000000e+02 1.289917045132387230e+01
2.670000000000000000e+02 1.362050326954641122e+01
2.680000000000000000e+02 1.437647316755550797e+01
2.690000000000000000e+02 1.516845260562688047e+01
2.700000000000000000e+02 1.599785576776213958e+01
2.710000000000000000e+02 1.686613937572817434e+01
2.720000000000000000e+02 1.777480350610234794e+01
2.730000000000000000e+02 1.872539241003647703e+01
2.740000000000000000e+02 1.971949533545053868e+01
2.750000000000000000e+02 2.075874735136497407e+01
2.760000000000000000e+02 2.184483017407874428e+01
2.770000000000000000e+02 2.297947299489889872e+01
2.780000000000000000e+02 2.416445330912592127e+01
2.790000000000000000e+02 2.540159774599829490e+01
2.800000000000000000e+02 2.669278289929850345e+01
2.810000000000000000e+02 2.803993615832242625e+01
2.820000000000000000e+02 2.944503653891322870e+01
2.830000000000000000e+02 3.091011551426089810e+01
2.840000000000000000e+02 3.243725784516832533e+01
2.850000000000000000e+02 3.402860240948513137e+01
2.860000000000000000e+02 3.568634303041055489e+01
2.870000000000000000e+02 3.741272930336759828e+01
2.880000000000000000e+02 3.921006742115088883e+01
2.890000000000000000e+02 4.108072099705213986e+01
2.900000000000000000e+02 4.302711188566773615e+01
2.910000000000000000e+02 4.505172100109457745e+01
2.920000000000000000e+02 4.715708913222151466e+01
2.930000000000000000e+02 4.934581775482556054e+01
2.940000000000000000e+02 5.162056984018367700e+01
2.950000000000000000e+02 5.398407065991294473e+01
2.960000000000000000e+02 5.643910858675418751e+01
2.970000000000000000e+02 5.898853589101628359e+01
2.980000000000000000e+02 6.163526953240049266e+01
2.990000000000000000e+02 6.438229194692769397e+01
3.000000000000000000e+02 6.723265182869282341e+01
3.010000000000000000e+02 7.018946490617493339e+01
3.020000000000000000e+02 7.325591471283335920e+01
3.030000000000000000e+02 7.643525335172417101e+01
3.040000000000000000e+02 7.973080225387411701e+01
3.050000000000000000e+02 8.314595293015273114e+01
3.060000000000000000e+02 8.668416771638678142e+01
3.070000000000000000e+02 9.034898051146488740e+01
3.080000000000000000e+02 9.414399750818370194e+01
3.090000000000000000e+02 9.807289791659118805e+01
3.100000000000000000e+02 1.021394346795862020e+02
3.110000000000000000e+02 1.063474351805379570e+02
3.120000000000000000e+02 1.107008019426923084e+02
3.130000000000000000e+02 1.152035133201373753e+02
3.140000000000000000e+02 1.198596241801037934e+02
3.150000000000000000e+02 1.246732665763804278e+02
3.160000000000000000e+02 1.296486504136302926e+02
3.170000000000000000e+02 1.347900641023960304e+02
3.180000000000000000e+02 1.401018752045890494e+02
3.190000000000000000e+02 1.455885310692609380e+02
3.200000000000000000e+02 1.512545594584604487e+02
3.210000000000000000e+02 1.571045691629842338e+02
3.220000000000000000e+02 1.631432506078347728e+02
3.230000000000000000e+02 1.693753764472025409e+02
3.240000000000000000e+02 1.758058021487955500e+02
3.250000000000000000e+02 1.824394665673444820e+02
3.260000000000000000e+02 1.892813925071151857e+02
3.270000000000000000e+02 1.963366872732670458e+02
3.280000000000000000e+02 2.036105432118995964e+02
3.290000000000000000e+02 2.111082382386353515e+02
3.300000000000000000e+02 2.188351363555914304e+02
3.310000000000000000e+02 2.267966881565989752e+02
3.320000000000000000e+02 2.349984313205320063e+02
3.330000000000000000e+02 2.434459910926155999e+02
3.340000000000000000e+02 2.521450807535851482e+02
3.350000000000000000e+02 2.611015020765769350e+02
3.360000000000000000e+02 2.703211457716321320e+02
3.370000000000000000e+02 2.798099919177039396e+02
3.380000000000000000e+02 2.895741103820615763e+02
3.390000000000000000e+02 2.996196612269898196e+02
3.400000000000000000e+02 3.099528951036892295e+02
3.410000000000000000e+02 3.205801536332841692e+02
3.420000000000000000e+02 3.315078697748554077e+02
3.430000000000000000e+02 3.427425681804151054e+02
3.440000000000000000e+02 3.542908655367483561e+02
3.450000000000000000e+02 3.661594708940517080e+02
3.460000000000000000e+02 3.783551859813020428e+02
3.470000000000000000e+02 3.908849055082952191e+02
3.480000000000000000e+02 4.037556174542986582e+02
3.490000000000000000e+02 4.169744033432674541e+02
3.500000000000000000e+02 4.305484385055765415e+02
3.510000000000000000e+02 4.444849923262285074e+02
3.520000000000000000e+02 4.587914284795004392e+02
3.530000000000000000e+02 4.734752051499971799e+02
3.540000000000000000e+02 4.885438752400845033e+02
3.550000000000000000e+02 5.040050865636787307e+02
3.560000000000000000e+02 5.198665820263752266e+02
3.570000000000000000e+02 5.361361997919021860e+02
3.580000000000000000e+02 5.528218734348905627e+02
3.590000000000000000e+02 5.699316320799546247e+02
3.600000000000000000e+02 5.874736005270842725e+02
3.610000000000000000e+02 6.054559993633513386e+02
3.620000000000000000e+02 6.238871450609402700e+02
3.630000000000000000e+02 6.427754500615119468e+02
3.640000000000000000e+02 6.621294228469214431e+02
3.650000000000000000e+02 6.819576679963071228e+02
3.660000000000000000e+02 7.022688862295767649e+02
3.670000000000000000e+02 7.230718744373187974e+02
3.680000000000000000e+02 7.443755256971714971e+02
3.690000000000000000e+02 7.661888292766861923e+02
3.700000000000000000e+02 7.885208706227231232e+02
3.710000000000000000e+02 8.113808313374265708e+02
3.720000000000000000e+02 8.347779891408218873e+02
3.730000000000000000e+02 8.587217178200894523e+02
3.740000000000000000e+02 8.832214871655679644e+02
3.750000000000000000e+02 9.082868628935437982e+02
3.760000000000000000e+02 9.339275065558886126e+02
3.770000000000000000e+02 9.601531754366103542e+02
3.780000000000000000e+02 9.869737224353810916e+02
3.790000000000000000e+02 1.014399095938118762e+03
3.800000000000000000e+02 1.042439339674688426e+03
3.810000000000000000e+02 1.071104592563808637e+03
3.820000000000000000e+02 1.100405088545233411e+03
3.830000000000000000e+02 1.130351156399299043e+03
3.840000000000000000e+02 1.160953219553918643e+03
3.850000000000000000e+02 1.192221795879110005e+03
3.860000000000000000e+02 1.224167497469153659e+03
3.870000000000000000e+02 1.256801030412463206e+03
3.880000000000000000e+02 1.290133194549278642e+03
3.890000000000000000e+02 1.324174883217267052e+03
3.900000000000000000e+02 1.358937082985137749e+03
3.910000000000000000e+02 1.394430873374373732e+03
3.920000000000000000e+02 1.430667426569185636e+03
3.930000000000000000e+02 1.467658007114791872e+03
3.940000000000000000e+02 1.505413971604137259e+03
3.950000000000000000e+02 1.543946768353158859e+03
3.960000000000000000e+02 1.583267937064716534e+03
3.970000000000000000e+02 1.623389108481297399e+03
3.980000000000000000e+02 1.664322004026616469e+03
3.990000000000000000e+02 1.706078435436228574e+03
4.000000000000000000e+02 1.748670304377274533e+03
4.010000000000000000e+02 1.792109602057480743e+03
4.020000000000000000e+02 1.836408408823537911e+03
4.030000000000000000e+02 1.881578893748986047e+03
4.040000000000000000e+02 1.927633314211724610e+03
4.050000000000000000e+02 1.974584015461284480e+03
4.060000000000000000e+02 2.022443430175986578e+03
4.070000000000000000e+02 2.071224078010118774e+03
4.080000000000000000e+02 2.120938565131257747e+03
4.090000000000000000e+02 2.171599583747880843e+03
4.100000000000000000e+02 2.223219911627386409e+03
4.110000000000000000e+02 2.275812411604668796e+03
4.120000000000000000e+02 2.329390031081379675e+03
4.130000000000000000e+02 2.383965801516011197e+03
4.140000000000000000e+02 2.439552837904942407e+03
4.150000000000000000e+02 2.496164338254581253e+03
4.160000000000000000e+02 2.553813583044748157e+03
4.170000000000000000e+02 2.612513934683435764e+03
4.180000000000000000e+02 2.672278836953086739e+03
4.190000000000000000e+02 2.733121814448532405e+03
4.200000000000000000e+02 2.795056472006729564e+03
4.210000000000000000e+02 2.858096494128441009e+03
4.220000000000000000e+02 2.922255644392000249e+03
4.230000000000000000e+02 2.987547764859304152e+03
4.240000000000000000e+02 3.053986775474176738e+03
4.250000000000000000e+02 3.121586673453243293e+03
4.260000000000000000e+02 3.190361532669463031e+03
4.270000000000000000e+02 3.260325503028467665e+03
4.280000000000000000e+02 3.331492809837832283e+03
4.290000000000000000e+02 3.403877753169446351e+03
4.300000000000000000e+02 3.477494707215111248e+03
4.310000000000000000e+02 3.552358119635513049e+03
4.320000000000000000e+02 3.628482510902718332e+03
4.330000000000000000e+02 3.705882473636329451e+03
4.340000000000000000e+02 3.784572671933448873e+03
4.350000000000000000e+02 3.864567840692597656e+03
4.360000000000000000e+02 3.945882784931717651e+03
4.370000000000000000e+02 4.028532379100424350e+03
4.380000000000000000e+02 4.112531566386624036e+03
4.390000000000000000e+02 4.197895358017665785e+03
4.400000000000000000e+02 4.284638832556145644e+03
4.410000000000000000e+02 4.372777135190529407e+03
4.420000000000000000e+02 4.462325477020709513e+03
4.430000000000000000e+02 4.553299134338656586e+03
4.440000000000000000e+02 4.645713447904295208e+03
4.450000000000000000e+02 4.739583822216749468e+03
4.460000000000000000e+02 4.834925724781094686e+03
4.470000000000000000e+02 4.931754685370751758e+03
4.480000000000000000e+02 5.030086295285667802e+03
4.490000000000000000e+02 5.129936206606415908e+03
4.500000000000000000e+02 5.231320131444352228e+03
4.510000000000000000e+02 5.334253841187968646e+03
4.520000000000000000e+02 5.438753165745565639e+03
4.530000000000000000e+02 5.544833992784400834e+03
4.540000000000000000e+02 5.652512266966426068e+03
4.550000000000000000e+02 5.761803989180753888e+03
4.560000000000000000e+02 5.872725215772990850e+03
4.570000000000000000e+02 5.985292057771561304e+03
4.580000000000000000e+02 6.099520680111149886e+03
4.590000000000000000e+02 6.215427300853413726e+03
4.600000000000000000e+02 6.333028190405051646e+03
4.610000000000000000e+02 6.452339670733410458e+03
4.620000000000000000e+02 6.573378114579702014e+03
4.630000000000000000e+02 6.696159944670005643e+03
4.640000000000000000e+02 6.820701632924140540e+03
4.650000000000000000e+02 6.947019699662558196e+03
4.660000000000000000e+02 7.075130712811366720e+03
4.670000000000000000e+02 7.205051287105610754e+03
4.680000000000000000e+02 7.336798083290932482e+03
4.690000000000000000e+02 7.470387807323717425e+03
4.700000000000000000e+02 7.605837209569871447e+03
4.710000000000000000e+02 7.743163084002313553e+03
4.720000000000000000e+02 7.882382267397337273e+03
4.730000000000000000e+02 8.023511638529918855e+03
4.740000000000000000e+02 8.166568117368111416e+03
4.750000000000000000e+02 8.311568664266638734e+03
4.760000000000000000e+02 8.458530279159776910e+03
4.770000000000000000e+02 8.607470000753670320e+03
4.780000000000000000e+02 8.758404905718147347e+03
4.790000000000000000e+02 8.911352107878208699e+03
4.800000000000000000e+02 9.066328757405204669e+03
4.810000000000000000e+02 9.223352040007906908e+03
4.820000000000000000e+02 9.382439176123505604e+03
4.830000000000000000e+02 9.543607420108659426e+03
4.840000000000000000e+02 9.706874059430738271e+03
4.850000000000000000e+02 9.872256413859266104e+03
4.860000000000000000e+02 1.003977183465779126e+04
4.870000000000000000e+02 1.020943770377615692e+04
4.880000000000000000e+02 1.038127143304337005e+04
4.890000000000000000e+02 1.055529046336109968e+04
4.900000000000000000e+02 1.073151226389793374e+04
4.910000000000000000e+02 1.090995433128447621e+04
4.920000000000000000e+02 1.109063418880937388e+04
4.930000000000000000e+02 1.127356938561637799e+04
4.940000000000000000e+02 1.145877749590253188e+04
4.950000000000000000e+02 1.164627611811752831e+04
4.960000000000000000e+02 1.183608287416441090e+04
4.970000000000000000e+02 1.202821540860161986e+04
4.980000000000000000e+02 1.222269138784651295e+04
4.990000000000000000e+02 1.241952849938044528e+04
5.000000000000000000e+02 1.261874445095547708e+04
5.010000000000000000e+02 1.282035696980278954e+04
5.020000000000000000e+02 1.302438380184291236e+04
5.030000000000000000e+02 1.323084271089780304e+04
5.040000000000000000e+02 1.343975147790490701e+04
5.050000000000000000e+02 1.365112790013320955e+04
5.060000000000000000e+02 1.386498979040144150e+04
5.070000000000000000e+02 1.408135497629841120e+04
5.080000000000000000e+02 1.430024129940562852e+04
5.090000000000000000e+02 1.452166661452224434e+04
5.100000000000000000e+02 1.474564878889234751e+04
5.110000000000000000e+02 1.497220570143479017e+04
5.120000000000000000e+02 1.520135524197549785e+04
5.130000000000000000e+02 1.543311531048238612e+04
5.140000000000000000e+02 1.566750381630294942e+04
5.150000000000000000e+02 1.590453867740458008e+04
5.160000000000000000e+02 1.614423781961767781e+04
5.170000000000000000e+02 1.638661917588160577e+04
5.180000000000000000e+02 1.663170068549357529e+04
5.190000000000000000e+02 1.687950029336048829e+04
5.200000000000000000e+02 1.713003594925384823e+04
5.210000000000000000e+02 1.738332560706770892e+04
5.220000000000000000e+02 1.763938722407983732e+04
5.230000000000000000e+02 1.789823876021600881e+04
5.240000000000000000e+02 1.815989817731762014e+04
5.250000000000000000e+02 1.842438343841256574e+04
5.260000000000000000e+02 1.869171250698953372e+04
5.270000000000000000e+02 1.896190334627563425e+04
5.280000000000000000e+02 1.923497391851755674e+04
5.290000000000000000e+02 1.951094218426621228e+04
5.300000000000000000e+02 1.978982610166492668e+04
5.310000000000000000e+02 2.007164362574126426e+04
5.320000000000000000e+02 2.035641270770246047e+04
5.330000000000000000e+02 2.064415129423457984e+04
5.340000000000000000e+02 2.093487732680540648e+04
5.350000000000000000e+02 2.122860874097108535e+04
5.360000000000000000e+02 2.152536346568661611e+04
5.370000000000000000e+02 2.182515942262019598e+04
5.380000000000000000e+02 2.212801452547143708e+04
5.390000000000000000e+02 2.243394667929356729e+04
5.400000000000000000e+02 2.274297377981952741e+04
5.410000000000000000e+02 2.305511371279216837e+04
5.420000000000000000e+02 2.337038435329839558e+04
5.430000000000000000e+02 2.368880356510750062e+04
5.440000000000000000e+02 2.401038920001345832e+04
5.450000000000000000e+02 2.433515909718150942e+04
5.460000000000000000e+02 2.466313108249880315e+04
5.470000000000000000e+02 2.499432296792932175e+04
5.480000000000000000e+02 2.532875255087297046e+04
5.490000000000000000e+02 2.566643761352896036e+04
5.500000000000000000e+02 2.600739592226348032e+04
5.510000000000000000e+02 2.635164522698164728e+04
5.520000000000000000e+02 2.669920326050384028e+04
5.530000000000000000e+02 2.705008773794634180e+04
5.540000000000000000e+02 2.740431635610639569e+04
5.550000000000000000e+02 2.776190679285167789e+04
5.560000000000000000e+02 2.812287670651415101e+04
5.570000000000000000e+02 2.848724373528845172e+04
5.580000000000000000e+02 2.885502549663461105e+04
5.590000000000000000e+02 2.922623958668542036e+04
5.600000000000000000e+02 2.960090357965817020e+04
5.610000000000000000e+02 2.997903502727100567e+04
5.620000000000000000e+02 3.036065145816375298e+04
5.630000000000000000e+02 3.074577037732335157e+04
5.640000000000000000e+02 3.113440926551383018e+04
5.650000000000000000e+02 3.152658557871085941e+04
5.660000000000000000e+02 3.192231674754094274e+04
5.670000000000000000e+02 3.232162017672515867e+04
5.680000000000000000e+02 3.272451324452759218e+04
5.690000000000000000e+02 3.313101330220832460e+04
5.700000000000000000e+02 3.354113767348116380e+04
5.710000000000000000e+02 3.395490365397588903e+04
5.720000000000000000e+02 3.437232851070533798e+04
5.730000000000000000e+02 3.479342948153698671e+04
5.740000000000000000e+02 3.521822377466934267e+04
5.750000000000000000e+02 3.564672856811292877e+04
5.760000000000000000e+02 3.607896100917602598e+04
5.770000000000000000e+02 3.651493821395507257e+04
5.780000000000000000e+02 3.695467726682977809e+04
5.790000000000000000e+02 3.739819521996293042e+04
5.800000000000000000e+02 3.784550909280496126e+04
5.810000000000000000e+02 3.829663587160315365e+04
5.820000000000000000e+02 3.875159250891557167e+04
5.830000000000000000e+02 3.921039592312979221e+04
5.840000000000000000e+02 3.967306299798626424e+04
5.850000000000000000e+02 4.013961058210636111e+04
5.860000000000000000e+02 4.061005548852530774e+04
5.870000000000000000e+02 4.108441449422961159e+04
5.880000000000000000e+02 4.156270433969938313e+04
5.890000000000000000e+02 4.204494172845526191e+04
5.900000000000000000e+02 4.253114332661012304e+04
5.910000000000000000e+02 4.302132576242544746e+04
5.920000000000000000e+02 4.351550562587239256e+04
5.930000000000000000e+02 4.401369946819760662e+04
5.940000000000000000e+02 4.451592380149370001e+04
5.950000000000000000e+02 4.502219509827443107e+04
5.960000000000000000e+02 4.553252979105451959e+04
5.970000000000000000e+02 4.604694427193426964e+04
5.980000000000000000e+02 4.656545489218868897e+04
5.990000000000000000e+02 4.708807796186141786e+04
6.000000000000000000e+02 4.761482974936326355e+04
6.010000000000000000e+02 4.814572648107534042e+04
6.020000000000000000e+02 4.868078434095693228e+04
6.030000000000000000e+02 4.922001947015793849e+04
6.040000000000000000e+02 4.976344796663595480e+04
6.050000000000000000e+02 5.031108588477798912e+04
6.060000000000000000e+02 5.086294923502665188e+04
6.070000000000000000e+02 5.141905398351122858e+04
6.080000000000000000e+02 5.197941605168298702e+04
6.090000000000000000e+02 5.254405131595529383e+04
6.100000000000000000e+02 5.311297560734818398e+04
6.110000000000000000e+02 5.368620471113757230e+04
6.120000000000000000e+02 5.426375436650883057e+04
6.130000000000000000e+02 5.484564026621507219e+04
6.140000000000000000e+02 5.543187805623983149e+04
6.150000000000000000e+02 5.602248333546427602e+04
6.160000000000000000e+02 5.661747165533887164e+04
6.170000000000000000e+02 5.721685851955955150e+04
6.180000000000000000e+02 5.782065938374834514e+04
6.190000000000000000e+02 5.842888965513833682e+04
6.200000000000000000e+02 5.904156469226322224e+04
6.210000000000000000e+02 5.965869980465111439e+04
6.220000000000000000e+02 6.028031025252280233e+04
6.230000000000000000e+02 6.090641124649443373e+04
6.240000000000000000e+02 6.153701794728444656e+04
6.250000000000000000e+02 6.217214546542492462e+04
6.260000000000000000e+02 6.281180886097723851e+04
6.270000000000000000e+02 6.345602314325205225e+04
6.280000000000000000e+02 6.410480327053349902e+04
6.290000000000000000e+02 6.475816414980776608e+04
6.300000000000000000e+02 6.541612063649582706e+04
6.310000000000000000e+02 6.607868753419051063e+04
6.320000000000000000e+02 6.674587959439764381e+04
6.330000000000000000e+02 6.741771151628157531e+04
6.340000000000000000e+02 6.809419794641467161e+04
6.350000000000000000e+02 6.877535347853120766e+04
6.360000000000000000e+02 6.946119265328517940e+04
6.370000000000000000e+02 7.015172995801233628e+04
6.380000000000000000e+02 7.084697982649639016e+04
6.390000000000000000e+02 7.154695663873912417e+04
6.400000000000000000e+02 7.225167472073476529e+04
6.410000000000000000e+02 7.296114834424815490e+04
6.420000000000000000e+02 7.367539172659729957e+04
6.430000000000000000e+02 7.439441903043951606e+04
6.440000000000000000e+02 7.511824436356173828e+04
6.450000000000000000e+02 7.584688177867501508e+04
6.460000000000000000e+02 7.658034527321245696e+04
6.470000000000000000e+02 7.731864878913149005e+04
6.480000000000000000e+02 7.806180621271990822e+04
6.490000000000000000e+02 7.880983137440562132e+04
6.500000000000000000e+02 7.956273804857055075e+04
6.510000000000000000e+02 8.032053995336816297e+04
6.520000000000000000e+02 8.108325075054475747e+04
6.530000000000000000e+02 8.185088404526474187e+04
6.540000000000000000e+02 8.262345338593954511e+04
6.550000000000000000e+02 8.340097226406019763e+04
6.560000000000000000e+02 8.418345411403381149e+04
6.570000000000000000e+02 8.497091231302364031e+04
6.580000000000000000e+02 8.576336018079283531e+04
6.590000000000000000e+02 8.656081097955181031e+04
6.600000000000000000e+02 8.736327791380931740e+04
6.610000000000000000e+02 8.817077413022708788e+04
6.620000000000000000e+02 8.898331271747802384e+04
6.630000000000000000e+02 8.980090670610799862e+04
6.640000000000000000e+02 9.062356906840117881e+04
6.650000000000000000e+02 9.145131271824882424e+04
6.660000000000000000e+02 9.228415051102160942e+04
6.670000000000000000e+02 9.312209524344539386e+04
6.680000000000000000e+02 9.396515965348054306e+04
6.690000000000000000e+02 9.481335642020443629e+04
6.700000000000000000e+02 9.566669816369752516e+04
6.710000000000000000e+02 9.652519744493286998e+04
6.720000000000000000e+02 9.738886676566876122e+04
6.730000000000000000e+02 9.825771856834486243e+04
6.740000000000000000e+02 9.913176523598158383e+04
6.750000000000000000e+02 1.000110190920827736e+05
6.760000000000000000e+02 1.008954924005416106e+05
6.770000000000000000e+02 1.017851973655497422e+05
6.780000000000000000e+02 1.026801461315096822e+05
6.790000000000000000e+02 1.035803507829502778e+05
6.800000000000000000e+02 1.044858233444455109e+05
6.810000000000000000e+02 1.053965757805362227e+05
6.820000000000000000e+02 1.063126199956551136e+05
6.830000000000000000e+02 1.072339678340547835e+05
6.840000000000000000e+02 1.081606310797388433e+05
6.850000000000000000e+02 1.090926214563959657e+05
6.860000000000000000e+02 1.100299506273371517e+05
6.870000000000000000e+02 1.109726301954357768e+05
6.880000000000000000e+02 1.119206717030707514e+05
6.890000000000000000e+02 1.128740866320726636e+05
6.900000000000000000e+02 1.138328864036726009e+05
6.910000000000000000e+02 1.147970823784541280e+05
6.920000000000000000e+02 1.157666858563080314e+05
6.930000000000000000e+02 1.167417080763899430e+05
6.940000000000000000e+02 1.177221602170807600e+05
6.950000000000000000e+02 1.187080533959498280e+05
6.960000000000000000e+02 1.196993986697210348e+05
6.970000000000000000e+02 1.206962070342415245e+05
6.980000000000000000e+02 1.216984894244532916e+05
6.990000000000000000e+02 1.227062567143672786e+05
7.000000000000000000e+02 1.237195197170402971e+05
7.010000000000000000e+02 1.247382891845547565e+05
7.020000000000000000e+02 1.257625758080006199e+05
7.030000000000000000e+02 1.267923902174603572e+05
7.040000000000000000e+02 1.278277429819964018e+05
7.050000000000000000e+02 1.288686446096410073e+05
7.060000000000000000e+02 1.299151055473888700e+05
7.070000000000000000e+02 1.309671361811921088e+05
7.080000000000000000e+02 1.320247468359579216e+05
7.090000000000000000e+02 1.330879477755484404e+05
7.100000000000000000e+02 1.341567492027834523e+05
7.110000000000000000e+02 1.352311612594450125e+05
7.120000000000000000e+02 1.363111940262851131e+05
7.130000000000000000e+02 1.373968575230350252e+05
7.140000000000000000e+02 1.384881617084177560e+05
7.150000000000000000e+02 1.395851164801620762e+05
7.160000000000000000e+02 1.406877316750194877e+05
7.170000000000000000e+02 1.417960170687833161e+05
7.180000000000000000e+02 1.429099823763096938e+05
7.190000000000000000e+02 1.440296372515414841e+05
7.200000000000000000e+02 1.451549912875337177e+05
7.210000000000000000e+02 1.462860540164819104e+05
7.220000000000000000e+02 1.474228349097519531e+05
7.230000000000000000e+02 1.485653433779125917e+05
7.240000000000000000e+02 1.497135887707698275e+05
7.250000000000000000e+02 1.508675803774036467e+05
7.260000000000000000e+02 1.520273274262064951e+05
7.270000000000000000e+02 1.531928390849242278e+05
7.280000000000000000e+02 1.543641244606988330e+05
7.290000000000000000e+02 1.555411926001133397e+05
7.300000000000000000e+02 1.567240524892385583e+05
7.310000000000000000e+02 1.579127130536821496e+05
7.320000000000000000e+02 1.591071831586392072e+05
7.330000000000000000e+02 1.603074716089451977e+05
7.340000000000000000e+02 1.615135871491305297e+05
7.350000000000000000e+02 1.627255384634772490e+05
7.360000000000000000e+02 1.639433341760774783e+05
7.370000000000000000e+02 1.651669828508937499e+05
7.380000000000000000e+02 1.663964929918211419e+05
7.390000000000000000e+02 1.676318730427515111e+05
7.400000000000000000e+02 1.688731313876390923e+05
7.410000000000000000e+02 1.701202763505680487e+05
7.420000000000000000e+02 1.713733161958219716e+05
7.430000000000000000e+02 1.726322591279550688e+05
7.440000000000000000e+02 1.738971132918646326e+05
7.450000000000000000e+02 1.751678867728658952e+05
7.460000000000000000e+02 1.764445875967681059e+05
7.470000000000000000e+02 1.777272237299523840e+05
7.480000000000000000e+02 1.790158030794511142e+05
7.490000000000000000e+02 1.803103334930292913e+05
7.500000000000000000e+02 1.816108227592671756e+05
7.510000000000000000e+02 1.829172786076443736e+05
7.520000000000000000e+02 1.842297087086261017e+05
7.530000000000000000e+02 1.855481206737502944e+05
7.540000000000000000e+02 1.868725220557166322e+05
7.550000000000000000e+02 1.882029203484770842e+05
7.560000000000000000e+02 1.895393229873277014e+05
7.570000000000000000e+02 1.908817373490020982e+05
7.580000000000000000e+02 1.922301707517664181e+05
7.590000000000000000e+02 1.935846304555153474e+05
7.600000000000000000e+02 1.949451236618701369e+05
7.610000000000000000e+02 1.963116575142774091e+05
7.620000000000000000e+02 1.976842390981098579e+05
7.630000000000000000e+02 1.990628754407679371e+05
7.640000000000000000e+02 2.004475735117831500e+05
7.650000000000000000e+02 2.018383402229225030e+05
7.660000000000000000e+02 2.032351824282941525e+05
7.670000000000000000e+02 2.046381069244547980e+05
7.680000000000000000e+02 2.060471204505178612e+05
7.690000000000000000e+02 2.074622296882630326e+05
7.700000000000000000e+02 2.088834412622473319e+05
7.710000000000000000e+02 2.103107617399169831e+05
7.720000000000000000e+02 2.117441976317207736e+05
7.730000000000000000e+02 2.131837553912245203e+05
7.740000000000000000e+02 2.146294414152266108e+05
7.750000000000000000e+02 2.160812620438749145e+05
7.760000000000000000e+02 2.175392235607844486e+05
7.770000000000000000e+02 2.190033321931567625e+05
7.780000000000000000e+02 2.204735941118996707e+05
7.790000000000000000e+02 2.219500154317486740e+05
7.800000000000000000e+02 2.234326022113893414e+05
7.810000000000000000e+02 2.249213604535803024e+05
7.820000000000000000e+02 2.264162961052779865e+05
7.830000000000000000e+02 2.279174150577616529e+05
7.840000000000000000e+02 2.294247231467601669e+05
7.850000000000000000e+02 2.309382261525789800e+05
7.860000000000000000e+02 2.324579298002288560e+05
7.870000000000000000e+02 2.339838397595548304e+05
7.880000000000000000e+02 2.355159616453666822e+05
7.890000000000000000e+02 2.370543010175702511e+05
7.900000000000000000e+02 2.385988633812990156e+05
7.910000000000000000e+02 2.401496541870477085e+05
7.920000000000000000e+02 2.417066788308057003e+05
7.930000000000000000e+02 2.432699426541920984e+05
7.940000000000000000e+02 2.448394509445910808e+05
7.950000000000000000e+02 2.464152089352884213e+05
7.960000000000000000e+02 2.479972218056087731e+05
7.970000000000000000e+02 2.495854946810537949e+05
7.980000000000000000e+02 2.511800326334408019e+05
7.990000000000000000e+02 2.527808406810426386e+05
8.000000000000000000e+02 2.543879237887279014e+05
8.010000000000000000e+02 2.560012868681023829e+05
8.020000000000000000e+02 2.576209347776505747e+05
8.030000000000000000e+02 2.592468723228786257e+05
8.040000000000000000e+02 2.608791042564575328e+05
8.050000000000000000e+02 2.625176352783673210e+05
8.060000000000000000e+02 2.641624700360415736e+05
8.070000000000000000e+02 2.658136131245128927e+05
8.080000000000000000e+02 2.674710690865591750e+05
8.090000000000000000e+02 2.691348424128500046e+05
8.100000000000000000e+02 2.708049375420941506e+05
8.110000000000000000e+02 2.724813588611875894e+05
8.120000000000000000e+02 2.741641107053619344e+05
8.130000000000000000e+02 2.758531973583336221e+05
8.140000000000000000e+02 2.775486230524538551e+05
8.150000000000000000e+02 2.792503919688584865e+05
8.160000000000000000e+02 2.809585082376194187e+05
8.170000000000000000e+02 2.826729759378957096e+05
8.180000000000000000e+02 2.843937990980854956e+05
8.190000000000000000e+02 2.861209816959786112e+05
8.200000000000000000e+02 2.878545276589096757e+05
8.210000000000000000e+02 2.895944408639111789e+05
8.220000000000000000e+02 2.913407251378679066e+05
8.230000000000000000e+02 2.930933842576710740e+05
8.240000000000000000e+02 2.948524219503733329e+05
8.250000000000000000e+02 2.966178418933441862e+05
8.260000000000000000e+02 2.983896477144256933e+05
8.270000000000000000e+02 3.001678429920888157e+05
8.280000000000000000e+02 3.019524312555899960e+05
8.290000000000000000e+02 3.037434159851281438e+05
8.300000000000000000e+02 3.055408006120022037e+05
8.310000000000000000e+02 3.073445885187690146e+05
8.320000000000000000e+02 3.091547830394013436e+05
8.330000000000000000e+02 3.109713874594466761e+05
8.340000000000000000e+02 3.127944050161861232e+05
8.350000000000000000e+02 3.146238388987933868e+05
8.360000000000000000e+02 3.164596922484949464e+05
8.370000000000000000e+02 3.183019681587293744e+05
8.380000000000000000e+02 3.201506696753079304e+05
8.390000000000000000e+02 3.220057997965753311e+05
8.400000000000000000e+02 3.238673614735697629e+05
8.410000000000000000e+02 3.257353576101851650e+05
8.420000000000000000e+02 3.276097910633315332e+05
8.430000000000000000e+02 3.294906646430972032e+05
8.440000000000000000e+02 3.313779811129109003e+05
8.450000000000000000e+02 3.332717431897033239e+05
8.460000000000000000e+02 3.351719535440698965e+05
8.470000000000000000e+02 3.370786148004333954e+05
8.480000000000000000e+02 3.389917295372067601e+05
8.490000000000000000e+02 3.409113002869561315e+05
8.500000000000000000e+02 3.428373295365641243e+05
8.510000000000000000e+02 3.447698197273930418e+05
8.520000000000000000e+02 3.467087732554489048e+05
8.530000000000000000e+02 3.486541924715449568e+05
8.540000000000000000e+02 3.506060796814656351e+05
8.550000000000000000e+02 3.525644371461309493e+05
8.560000000000000000e+02 3.545292670817601029e+05
8.570000000000000000e+02 3.565005716600368032e+05
8.580000000000000000e+02 3.584783530082729994e+05
8.590000000000000000e+02 3.604626132095739595e+05
8.600000000000000000e+02 3.624533543030028231e+05
8.610000000000000000e+02 3.644505782837456209e+05
8.620000000000000000e+02 3.664542871032762341e+05
8.630000000000000000e+02 3.684644826695211232e+05
8.640000000000000000e+02 3.704811668470251607e+05
8.650000000000000000e+02 3.725043414571161265e+05
8.660000000000000000e+02 3.745340082780703669e+05
8.670000000000000000e+02 3.765701690452779876e+05
8.680000000000000000e+02 3.786128254514083965e+05
8.690000000000000000e+02 3.806619791465756716e+05
8.700000000000000000e+02 3.827176317385041039e+05
8.710000000000000000e+02 3.847797847926932736e+05
8.720000000000000000e+02 3.868484398325842340e+05
8.730000000000000000e+02 3.889235983397245873e+05
8.740000000000000000e+02 3.910052617539343191e+05
8.750000000000000000e+02 3.930934314734712243e+05
8.760000000000000000e+02 3.951881088551962166e+05
8.770000000000000000e+02 3.972892952147393371e+05
8.780000000000000000e+02 3.993969918266650056e+05
8.790000000000000000e+02 4.015111999246372725e+05
8.800000000000000000e+02 4.036319207015861175e+05
8.810000000000000000e+02 4.057591553098716540e+05
8.820000000000000000e+02 4.078929048614505446e+05
8.830000000000000000e+02 4.100331704280410195e+05
8.840000000000000000e+02 4.121799530412877211e+05
8.850000000000000000e+02 4.143332536929275375e+05
8.860000000000000000e+02 4.164930733349544462e+05
8.870000000000000000e+02 4.186594128797844751e+05
8.880000000000000000e+02 4.208322732004208956e+05
8.890000000000000000e+02 4.230116551306189504e+05
8.900000000000000000e+02 4.251975594650509302e+05
8.910000000000000000e+02 4.273899869594703778e+05
8.920000000000000000e+02 4.295889383308773395e+05
8.930000000000000000e+02 4.317944142576822778e+05
8.940000000000000000e+02 4.340064153798706830e+05
8.950000000000000000e+02 4.362249422991675092e+05
8.960000000000000000e+02 4.384499955792009714e+05
8.970000000000000000e+02 4.406815757456666324e+05
8.980000000000000000e+02 4.429196832864914322e+05
8.990000000000000000e+02 4.451643186519972514e+05
9.000000000000000000e+02 4.474154822550644167e+05
9.010000000000000000e+02 4.496731744712954387e+05
9.020000000000000000e+02 4.519373956391778775e+05
9.030000000000000000e+02 4.542081460602476727e+05
9.040000000000000000e+02 4.564854259992520092e+05
9.050000000000000000e+02 4.587692356843119487e+05
9.060000000000000000e+02 4.610595753070855280e+05
9.070000000000000000e+02 4.633564450229292270e+05
9.080000000000000000e+02 4.656598449510612991e+05
9.090000000000000000e+02 4.679697751747228904e+05
9.100000000000000000e+02 4.702862357413401478e+05
9.110000000000000000e+02 4.726092266626862111e+05
9.120000000000000000e+02 4.749387479150420404e+05
9.130000000000000000e+02 4.772747994393581757e+05
9.140000000000000000e+02 4.796173811414153315e+05
9.150000000000000000e+02 4.819664928919853410e+05
9.160000000000000000e+02 4.843221345269918675e+05
9.170000000000000000e+02 4.866843058476705919e+05
9.180000000000000000e+02 4.890530066207291093e+05
9.190000000000000000e+02 4.914282365785074071e+05
9.200000000000000000e+02 4.938099954191368888e+05
9.210000000000000000e+02 4.961982828067000373e+05
9.220000000000000000e+02 4.985930983713897876e+05
9.230000000000000000e+02 5.009944417096679099e+05
9.240000000000000000e+02 5.034023123844242655e+05
9.250000000000000000e+02 5.058167099251346663e+05
9.260000000000000000e+02 5.082376338280194905e+05
9.270000000000000000e+02 5.106650835562011343e+05
9.280000000000000000e+02 5.130990585398619878e+05
9.290000000000000000e+02 5.155395581764015369e+05
9.300000000000000000e+02 5.179865818305935827e+05
9.310000000000000000e+02 5.204401288347427617e+05
9.320000000000000000e+02 5.229001984888415900e+05
9.330000000000000000e+02 5.253667900607259944e+05
9.340000000000000000e+02 5.278399027862320654e+05
9.350000000000000000e+02 5.303195358693508897e+05
9.360000000000000000e+02 5.328056884823843138e+05
9.370000000000000000e+02 5.352983597661003005e+05
9.380000000000000000e+02 5.377975488298871787e+05
9.390000000000000000e+02 5.403032547519081272e+05
9.400000000000000000e+02 5.428154765792556573e+05
9.410000000000000000e+02 5.453342133281056304e+05
9.420000000000000000e+02 5.478594639838702278e+05
9.430000000000000000e+02 5.503912275013513863e+05
9.440000000000000000e+02 5.529295028048937675e+05
9.450000000000000000e+02 5.554742887885376113e+05
9.460000000000000000e+02 5.580255843161705416e+05
9.470000000000000000e+02 5.605833882216798374e+05
9.480000000000000000e+02 5.631476993091038894e+05
9.490000000000000000e+02 5.657185163527836557e+05
9.500000000000000000e+02 5.682958380975136533e+05
9.510000000000000000e+02 5.708796632586920168e+05
9.520000000000000000e+02 5.734699905224716058e+05
9.530000000000000000e+02 5.760668185459098313e+05
9.540000000000000000e+02 5.786701459571174346e+05
9.550000000000000000e+02 5.812799713554091286e+05
9.560000000000000000e+02 5.838962933114508633e+05
9.570000000000000000e+02 5.865191103674102342e+05
9.580000000000000000e+02 5.891484210371033987e+05
9.590000000000000000e+02 5.917842238061431563e+05
9.600000000000000000e+02 5.944265171320869122e+05
9.610000000000000000e+02 5.970752994445838267e+05
9.620000000000000000e+02 5.997305691455209162e+05
9.630000000000000000e+02 6.023923246091706678e+05
9.640000000000000000e+02 6.050605641823360929e+05
9.650000000000000000e+02 6.077352861844965955e+05
9.660000000000000000e+02 6.104164889079541899e+05
9.670000000000000000e+02 6.131041706179777393e+05
9.680000000000000000e+02 6.157983295529474271e+05
9.690000000000000000e+02 6.184989639244996943e+05
9.700000000000000000e+02 6.212060719176707789e+05
9.710000000000000000e+02 6.239196516910400242e+05
9.720000000000000000e+02 6.266397013768736506e+05
9.730000000000000000e+02 6.293662190812665503e+05
9.740000000000000000e+02 6.320992028842859436e+05
9.750000000000000000e+02 6.348386508401117753e+05
9.760000000000000000e+02 6.375845609771803720e+05
9.770000000000000000e+02 6.403369312983236741e+05
9.780000000000000000e+02 6.430957597809112631e+05
9.790000000000000000e+02 6.458610443769908743e+05
9.800000000000000000e+02 6.486327830134276301e+05
9.810000000000000000e+02 6.514109735920450184e+05
9.820000000000000000e+02 6.541956139897626126e+05
9.830000000000000000e+02 6.569867020587365841e+05
9.840000000000000000e+02 6.597842356264973059e+05
9.850000000000000000e+02 6.625882124960875371e+05
9.860000000000000000e+02 6.653986304462004919e+05
9.870000000000000000e+02 6.682154872313169762e+05
9.880000000000000000e+02 6.710387805818425259e+05
9.890000000000000000e+02 6.738685082042436115e+05
9.900000000000000000e+02 6.767046677811841946e+05
9.910000000000000000e+02 6.795472569716612343e+05
9.920000000000000000e+02 6.823962734111403115e+05
9.930000000000000000e+02 6.852517147116900887e+05
9.940000000000000000e+02 6.881135784621173516e+05
9.950000000000000000e+02 6.909818622281011194e+05
9.960000000000000000e+02 6.938565635523262899e+05
9.970000000000000000e+02 6.967376799546164693e+05
9.980000000000000000e+02 6.996252089320679661e+05
9.990000000000000000e+02 7.025191479591815732e+05
