# BB temperature (K); Intensity through filter (ph/s/m^2/mas^2)
1.000000000000000000e+01 0.000000000000000000e+00
1.100000000000000000e+01 0.000000000000000000e+00
1.200000000000000000e+01 0.000000000000000000e+00
1.300000000000000000e+01 0.000000000000000000e+00
1.400000000000000000e+01 0.000000000000000000e+00
1.500000000000000000e+01 0.000000000000000000e+00
1.600000000000000000e+01 0.000000000000000000e+00
1.700000000000000000e+01 0.000000000000000000e+00
1.800000000000000000e+01 0.000000000000000000e+00
1.900000000000000000e+01 0.000000000000000000e+00
2.000000000000000000e+01 0.000000000000000000e+00
2.100000000000000000e+01 5.449760919363707897e-72
2.200000000000000000e+01 1.552568242350680423e-68
2.300000000000000000e+01 2.277837094919625386e-65
2.400000000000000000e+01 1.860955280759585164e-62
2.500000000000000000e+01 9.047818627132778255e-60
2.600000000000000000e+01 2.771210855273469722e-57
2.700000000000000000e+01 5.615994346717056709e-55
2.800000000000000000e+01 7.857451478906759260e-53
2.900000000000000000e+01 7.875978851372427760e-51
3.000000000000000000e+01 5.841648667016377428e-49
3.100000000000000000e+01 3.298281874783314826e-47
3.200000000000000000e+01 1.453447706475740877e-45
3.300000000000000000e+01 5.110255358064724963e-44
3.400000000000000000e+01 1.461840434197863518e-42
3.500000000000000000e+01 3.461885509701064144e-41
3.600000000000000000e+01 6.892959378253409647e-40
3.700000000000000000e+01 1.170021427374442135e-38
3.800000000000000000e+01 1.714241206408408835e-37
3.900000000000000000e+01 2.192260818599622202e-36
4.000000000000000000e+01 2.471895295394818793e-35
4.100000000000000000e+01 2.479937862720977626e-34
4.200000000000000000e+01 2.232073882013819283e-33
4.300000000000000000e+01 1.815886293810852246e-32
4.400000000000000000e+01 1.344448393398036011e-31
4.500000000000000000e+01 9.115443895023833965e-31
4.600000000000000000e+01 5.691936831543766792e-30
4.700000000000000000e+01 3.290433975583026707e-29
4.800000000000000000e+01 1.769427450824986591e-28
4.900000000000000000e+01 8.890097957819290461e-28
5.000000000000000000e+01 4.190163685732697468e-27
5.100000000000000000e+01 1.859627337062094614e-26
5.200000000000000000e+01 7.798077803002232153e-26
5.300000000000000000e+01 3.099560125904700268e-25
5.400000000000000000e+01 1.171239712669025688e-24
5.500000000000000000e+01 4.219048183727152051e-24
5.600000000000000000e+01 1.452484439518096310e-23
5.700000000000000000e+01 4.790325971439739432e-23
5.800000000000000000e+01 1.516816402453726424e-22
5.900000000000000000e+01 4.620708662108736791e-22
6.000000000000000000e+01 1.356831219813946507e-21
6.100000000000000000e+01 3.847374011384666232e-21
6.200000000000000000e+01 1.055246618303032942e-20
6.300000000000000000e+01 2.804000465947768973e-20
6.400000000000000000e+01 7.228993155638913343e-20
6.500000000000000000e+01 1.810735379655850792e-19
6.600000000000000000e+01 4.412402626113282440e-19
6.700000000000000000e+01 1.047297798532534944e-18
6.800000000000000000e+01 2.424046538938520556e-18
6.900000000000000000e+01 5.477209186318518694e-18
7.000000000000000000e+01 1.209401156772690451e-17
7.100000000000000000e+01 2.612126574657597618e-17
7.200000000000000000e+01 5.523669917216623040e-17
7.300000000000000000e+01 1.144579888682321625e-16
7.400000000000000000e+01 2.325971736055367297e-16
7.500000000000000000e+01 4.639154891464059344e-16
7.600000000000000000e+01 9.087993384981374370e-16
7.700000000000000000e+01 1.749822180320152991e-15
7.800000000000000000e+01 3.313624481391119105e-15
7.900000000000000000e+01 6.175446192110934678e-15
8.000000000000000000e+01 1.133307445896540829e-14
8.100000000000000000e+01 2.049214603130409103e-14
8.200000000000000000e+01 3.652762605300425982e-14
8.300000000000000000e+01 6.422033080508308546e-14
8.400000000000000000e+01 1.114173766371685059e-13
8.500000000000000000e+01 1.908380156247677474e-13
8.600000000000000000e+01 3.228504044022153466e-13
8.700000000000000000e+01 5.396924377623231748e-13
8.800000000000000000e+01 8.918167638750716276e-13
8.900000000000000000e+01 1.457327344206011477e-12
9.000000000000000000e+01 2.355869515960992607e-12
9.100000000000000000e+01 3.768872282859175049e-12
9.200000000000000000e+01 5.968764844774175082e-12
9.300000000000000000e+01 9.360755119990299571e-12
9.400000000000000000e+01 1.454203615693194630e-11
9.500000000000000000e+01 2.238496356163481432e-11
9.600000000000000000e+01 3.415292992051154060e-11
9.700000000000000000e+01 5.166048054307255657e-11
9.800000000000000000e+01 7.749282574222932302e-11
9.900000000000000000e+01 1.153044967889179930e-10
1.000000000000000000e+02 1.702226901235946872e-10
1.010000000000000000e+02 2.493881128482437329e-10
1.020000000000000000e+02 3.626751936566974917e-10
1.030000000000000000e+02 5.236447206509295154e-10
1.040000000000000000e+02 7.507957319220024772e-10
1.050000000000000000e+02 1.069200300772195106e-09
1.060000000000000000e+02 1.512625278888074086e-09
1.070000000000000000e+02 2.126269716958486184e-09
1.080000000000000000e+02 2.970276283841050581e-09
1.090000000000000000e+02 4.124210350166227194e-09
1.100000000000000000e+02 5.692742380470562561e-09
1.110000000000000000e+02 7.812818877298170750e-09
1.120000000000000000e+02 1.066266543087797577e-08
1.130000000000000000e+02 1.447303364440305272e-08
1.140000000000000000e+02 1.954118313182168437e-08
1.150000000000000000e+02 2.624818183753740945e-08
1.160000000000000000e+02 3.508021413270945861e-08
1.170000000000000000e+02 4.665470814024331400e-08
1.180000000000000000e+02 6.175223328028491699e-08
1.190000000000000000e+02 8.135527796877015218e-08
1.200000000000000000e+02 1.066951977066797237e-07
1.210000000000000000e+02 1.393088275298800433e-07
1.220000000000000000e+02 1.811064821043324184e-07
1.230000000000000000e+02 2.344533238891532178e-07
1.240000000000000000e+02 3.022663670656402056e-07
1.250000000000000000e+02 3.881297047229478155e-07
1.260000000000000000e+02 4.964309015310190283e-07
1.270000000000000000e+02 6.325218862865495133e-07
1.280000000000000000e+02 8.029081107784214331e-07
1.290000000000000000e+02 1.015470215881364793e-06
1.300000000000000000e+02 1.279722965135199358e-06
1.310000000000000000e+02 1.607116772756518474e-06
1.320000000000000000e+02 2.011387769465443672e-06
1.330000000000000000e+02 2.508963018028154876e-06
1.340000000000000000e+02 3.119428213262708437e-06
1.350000000000000000e+02 3.866065980566916582e-06
1.360000000000000000e+02 4.776473724807101171e-06
1.370000000000000000e+02 5.883270879507075419e-06
1.380000000000000000e+02 7.224906366376291496e-06
1.390000000000000000e+02 8.846578098799668657e-06
1.400000000000000000e+02 1.080127745125063438e-05
1.410000000000000000e+02 1.315097277072293422e-05
1.420000000000000000e+02 1.596794722699428120e-05
1.430000000000000000e+02 1.933630758635766902e-05
1.440000000000000000e+02 2.335368184862309684e-05
1.450000000000000000e+02 2.813312510964431718e-05
1.460000000000000000e+02 3.380525450099453044e-05
1.470000000000000000e+02 4.052063561401159021e-05
1.480000000000000000e+02 4.845244443623935318e-05
1.490000000000000000e+02 5.779943051294914936e-05
1.500000000000000000e+02 6.878920879323666897e-05
1.510000000000000000e+02 8.168190942710769613e-05
1.520000000000000000e+02 9.677421664460163719e-05
1.530000000000000000e+02 1.144038297676097611e-04
1.540000000000000000e+02 1.349543813765522284e-04
1.550000000000000000e+02 1.588608496740503907e-04
1.560000000000000000e+02 1.866155041524277056e-04
1.570000000000000000e+02 2.187744257772077647e-04
1.580000000000000000e+02 2.559646450403668953e-04
1.590000000000000000e+02 2.988919434102562962e-04
1.600000000000000000e+02 3.483493659048545062e-04
1.610000000000000000e+02 4.052264947361148813e-04
1.620000000000000000e+02 4.705195362101307396e-04
1.630000000000000000e+02 5.453422753149350048e-04
1.640000000000000000e+02 6.309379546790573048e-04
1.650000000000000000e+02 7.286921368333224187e-04
1.660000000000000000e+02 8.401466109495448094e-04
1.670000000000000000e+02 9.670144074562837550e-04
1.680000000000000000e+02 1.111195986137125885e-03
1.690000000000000000e+02 1.274796665494438335e-03
1.700000000000000000e+02 1.460145363304432477e-03
1.710000000000000000e+02 1.669814720390968166e-03
1.720000000000000000e+02 1.906642681699018257e-03
1.730000000000000000e+02 2.173755610747382227e-03
1.740000000000000000e+02 2.474593015477283709e-03
1.750000000000000000e+02 2.812933965382333201e-03
1.760000000000000000e+02 3.192925281599335099e-03
1.770000000000000000e+02 3.619111583352147346e-03
1.780000000000000000e+02 4.096467275765909577e-03
1.790000000000000000e+02 4.630430565600239870e-03
1.800000000000000000e+02 5.226939592881603078e-03
1.810000000000000000e+02 5.892470767740917194e-03
1.820000000000000000e+02 6.634079402977407711e-03
1.830000000000000000e+02 7.459442733967999381e-03
1.840000000000000000e+02 8.376905418518517180e-03
1.850000000000000000e+02 9.395527610103406035e-03
1.860000000000000000e+02 1.052513569866062731e-02
1.870000000000000000e+02 1.177637581369307337e-02
1.880000000000000000e+02 1.316077018487402973e-02
1.890000000000000000e+02 1.469077645565774679e-02
1.900000000000000000e+02 1.637985004555441229e-02
1.910000000000000000e+02 1.824250965673867089e-02
1.920000000000000000e+02 2.029440602051973963e-02
1.930000000000000000e+02 2.255239397890727165e-02
1.940000000000000000e+02 2.503460799605864567e-02
1.950000000000000000e+02 2.776054119378842597e-02
1.960000000000000000e+02 3.075112800455958098e-02
1.970000000000000000e+02 3.402883053445637795e-02
1.980000000000000000e+02 3.761772872756203451e-02
1.990000000000000000e+02 4.154361442192906761e-02
2.000000000000000000e+02 4.583408938593884485e-02
2.010000000000000000e+02 5.051866742229738777e-02
2.020000000000000000e+02 5.562888062521186006e-02
2.030000000000000000e+02 6.119838987443440570e-02
2.040000000000000000e+02 6.726309964785136264e-02
2.050000000000000000e+02 7.386127723213754825e-02
2.060000000000000000e+02 8.103367640869013622e-02
2.070000000000000000e+02 8.882366568960778364e-02
2.080000000000000000e+02 9.727736117589030895e-02
2.090000000000000000e+02 1.064437641073077145e-01
2.100000000000000000e+02 1.163749031705258591e-01
2.110000000000000000e+02 1.271259816290864209e-01
2.120000000000000000e+02 1.387555293357227437e-01
2.130000000000000000e+02 1.513255596842575379e-01
2.140000000000000000e+02 1.649017315549750062e-01
2.150000000000000000e+02 1.795535163038976534e-01
2.160000000000000000e+02 1.953543698428276687e-01
2.170000000000000000e+02 2.123819098533435423e-01
2.180000000000000000e+02 2.307180981741766834e-01
2.190000000000000000e+02 2.504494283975371438e-01
2.200000000000000000e+02 2.716671187060215598e-01
2.210000000000000000e+02 2.944673099777154746e-01
2.220000000000000000e+02 3.189512691830183044e-01
2.230000000000000000e+02 3.452255980925584278e-01
2.240000000000000000e+02 3.734024473113585207e-01
2.250000000000000000e+02 4.035997356501341837e-01
2.260000000000000000e+02 4.359413748403029309e-01
2.270000000000000000e+02 4.705574995949119987e-01
2.280000000000000000e+02 5.075847030133118221e-01
2.290000000000000000e+02 5.471662773229737375e-01
2.300000000000000000e+02 5.894524599474095794e-01
2.310000000000000000e+02 6.346006848846894588e-01
2.320000000000000000e+02 6.827758393765853695e-01
2.330000000000000000e+02 7.341505258438917325e-01
2.340000000000000000e+02 7.889053290590037903e-01
2.350000000000000000e+02 8.472290885223648926e-01
2.360000000000000000e+02 9.093191760049501582e-01
2.370000000000000000e+02 9.753817782145178805e-01
2.380000000000000000e+02 1.045632184538950238e+00
2.390000000000000000e+02 1.120295079815640804e+00
2.400000000000000000e+02 1.199604842071530175e+00
2.410000000000000000e+02 1.283805845174113669e+00
2.420000000000000000e+02 1.373152766329472474e+00
2.430000000000000000e+02 1.467910898359197969e+00
2.440000000000000000e+02 1.568356466683926698e+00
2.450000000000000000e+02 1.674776950937118869e+00
2.460000000000000000e+02 1.787471411128715770e+00
2.470000000000000000e+02 1.906750818274337345e+00
2.480000000000000000e+02 2.032938389401839352e+00
2.490000000000000000e+02 2.166369926843235927e+00
2.500000000000000000e+02 2.307394161716297631e+00
2.510000000000000000e+02 2.456373101496500233e+00
2.520000000000000000e+02 2.613682381576477365e+00
2.530000000000000000e+02 2.779711620706670772e+00
2.540000000000000000e+02 2.954864780207556940e+00
2.550000000000000000e+02 3.139560526840544874e+00
2.560000000000000000e+02 3.334232599221528481e+00
2.570000000000000000e+02 3.539330177658016385e+00
2.580000000000000000e+02 3.755318257287843409e+00
2.590000000000000000e+02 3.982678024394628036e+00
2.600000000000000000e+02 4.221907235772446754e+00
2.610000000000000000e+02 4.473520601009576936e+00
2.620000000000000000e+02 4.738050167558683690e+00
2.630000000000000000e+02 5.016045708458459984e+00
2.640000000000000000e+02 5.308075112569470733e+00
2.650000000000000000e+02 5.614724777184814997e+00
2.660000000000000000e+02 5.936600002874213189e+00
2.670000000000000000e+02 6.274325390418223236e+00
2.680000000000000000e+02 6.628545239687534618e+00
2.690000000000000000e+02 6.999923950320605215e+00
2.700000000000000000e+02 7.389146424051393325e+00
2.710000000000000000e+02 7.796918468537539226e+00
2.720000000000000000e+02 8.223967202538034371e+00
2.730000000000000000e+02 8.671041462288266999e+00
2.740000000000000000e+02 9.138912208919299118e+00
2.750000000000000000e+02 9.628372936767242152e+00
2.760000000000000000e+02 1.014024008241792529e+01
2.770000000000000000e+02 1.067535343433116957e+01
2.780000000000000000e+02 1.123457654288861107e+01
2.790000000000000000e+02 1.181879713070846272e+01
2.800000000000000000e+02 1.242892750307021466e+01
2.810000000000000000e+02 1.306590495829223997e+01
2.820000000000000000e+02 1.373069219790494699e+01
2.830000000000000000e+02 1.442427773646230804e+01
2.840000000000000000e+02 1.514767631083457999e+01
2.850000000000000000e+02 1.590192928882536805e+01
2.860000000000000000e+02 1.668810507695643963e+01
2.870000000000000000e+02 1.750729952726414140e+01
2.880000000000000000e+02 1.836063634295191349e+01
2.890000000000000000e+02 1.924926748274388899e+01
2.900000000000000000e+02 2.017437356378544777e+01
2.910000000000000000e+02 2.113716426293737527e+01
2.920000000000000000e+02 2.213887871631118998e+01
2.930000000000000000e+02 2.318078591689434376e+01
2.940000000000000000e+02 2.426418511011500101e+01
2.950000000000000000e+02 2.539040618719736031e+01
2.960000000000000000e+02 2.656081007615992462e+01
2.970000000000000000e+02 2.777678913031017061e+01
2.980000000000000000e+02 2.903976751409095769e+01
2.990000000000000000e+02 3.035120158613522534e+01
3.000000000000000000e+02 3.171258027938731772e+01
3.010000000000000000e+02 3.312542547815101557e+01
3.020000000000000000e+02 3.459129239192591143e+01
3.030000000000000000e+02 3.611176992589587087e+01
3.040000000000000000e+02 3.768848104793504206e+01
3.050000000000000000e+02 3.932308315199892945e+01
3.060000000000000000e+02 4.101726841777004040e+01
3.070000000000000000e+02 4.277276416642984458e+01
3.080000000000000000e+02 4.459133321243059811e+01
3.090000000000000000e+02 4.647477421114329843e+01
3.100000000000000000e+02 4.842492200225979104e+01
3.110000000000000000e+02 5.044364794882964986e+01
3.120000000000000000e+02 5.253286027181478346e+01
3.130000000000000000e+02 5.469450438004697901e+01
3.140000000000000000e+02 5.693056319547622479e+01
3.150000000000000000e+02 5.924305747359984053e+01
3.160000000000000000e+02 6.163404611896540075e+01
3.170000000000000000e+02 6.410562649564256787e+01
3.180000000000000000e+02 6.665993473256160939e+01
3.190000000000000000e+02 6.929914602361937170e+01
3.200000000000000000e+02 7.202547492245550131e+01
3.210000000000000000e+02 7.484117563180481625e+01
3.220000000000000000e+02 7.774854228733444472e+01
3.230000000000000000e+02 8.074990923587648695e+01
3.240000000000000000e+02 8.384765130797055122e+01
3.250000000000000000e+02 8.704418408463243395e+01
3.260000000000000000e+02 9.034196415826855286e+01
3.270000000000000000e+02 9.374348938765811567e+01
3.280000000000000000e+02 9.725129914692811894e+01
3.290000000000000000e+02 1.008679745684485169e+02
3.300000000000000000e+02 1.045961387795787374e+02
3.310000000000000000e+02 1.084384571331978577e+02
3.320000000000000000e+02 1.123976374319556015e+02
3.330000000000000000e+02 1.164764301461819684e+02
3.340000000000000000e+02 1.206776286253979720e+02
3.350000000000000000e+02 1.250040693033714092e+02
3.360000000000000000e+02 1.294586318966653948e+02
3.370000000000000000e+02 1.340442395966287563e+02
3.380000000000000000e+02 1.387638592547825169e+02
3.390000000000000000e+02 1.436205015615561251e+02
3.400000000000000000e+02 1.486172212183335546e+02
3.410000000000000000e+02 1.537571171027688024e+02
3.420000000000000000e+02 1.590433324273353435e+02
3.430000000000000000e+02 1.644790548910758048e+02
3.440000000000000000e+02 1.700675168245206805e+02
3.450000000000000000e+02 1.758119953277476668e+02
3.460000000000000000e+02 1.817158124015572866e+02
3.470000000000000000e+02 1.877823350717396806e+02
3.480000000000000000e+02 1.940149755064144586e+02
3.490000000000000000e+02 2.004171911264237735e+02
3.500000000000000000e+02 2.069924847087650619e+02
3.510000000000000000e+02 2.137444044830492658e+02
3.520000000000000000e+02 2.206765442209754440e+02
3.530000000000000000e+02 2.277925433188132445e+02
3.540000000000000000e+02 2.350960868728882645e+02
3.550000000000000000e+02 2.425909057480672573e+02
3.560000000000000000e+02 2.502807766392423332e+02
3.570000000000000000e+02 2.581695221258169681e+02
3.580000000000000000e+02 2.662610107191964630e+02
3.590000000000000000e+02 2.745591569032907273e+02
3.600000000000000000e+02 2.830679211680366052e+02
3.610000000000000000e+02 2.917913100359518239e+02
3.620000000000000000e+02 3.007333760817334110e+02
3.630000000000000000e+02 3.098982179449147338e+02
3.640000000000000000e+02 3.192899803355995800e+02
3.650000000000000000e+02 3.289128540332928878e+02
3.660000000000000000e+02 3.387710758788479097e+02
3.670000000000000000e+02 3.488689287595552173e+02
3.680000000000000000e+02 3.592107415873974787e+02
3.690000000000000000e+02 3.698008892704983737e+02
3.700000000000000000e+02 3.806437926777936127e+02
3.710000000000000000e+02 3.917439185969565187e+02
3.720000000000000000e+02 4.031057796856099458e+02
3.730000000000000000e+02 4.147339344158598919e+02
3.740000000000000000e+02 4.266329870121867316e+02
3.750000000000000000e+02 4.388075873827323221e+02
3.760000000000000000e+02 4.512624310440220370e+02
3.770000000000000000e+02 4.640022590391650965e+02
3.780000000000000000e+02 4.770318578495733846e+02
3.790000000000000000e+02 4.903560593002453061e+02
3.800000000000000000e+02 5.039797404586592506e+02
3.810000000000000000e+02 5.179078235273254904e+02
3.820000000000000000e+02 5.321452757300442045e+02
3.830000000000000000e+02 5.466971091919192531e+02
3.840000000000000000e+02 5.615683808131826709e+02
3.850000000000000000e+02 5.767641921368773410e+02
3.860000000000000000e+02 5.922896892104569133e+02
3.870000000000000000e+02 6.081500624413562264e+02
3.880000000000000000e+02 6.243505464465874866e+02
3.890000000000000000e+02 6.408964198964229126e+02
3.900000000000000000e+02 6.577930053522200069e+02
3.910000000000000000e+02 6.750456690984515262e+02
3.920000000000000000e+02 6.926598209689980195e+02
3.930000000000000000e+02 7.106409141677683010e+02
3.940000000000000000e+02 7.289944450837083423e+02
3.950000000000000000e+02 7.477259531002639505e+02
3.960000000000000000e+02 7.668410203993599907e+02
3.970000000000000000e+02 7.863452717599636799e+02
3.980000000000000000e+02 8.062443743512967558e+02
3.990000000000000000e+02 8.265440375207651869e+02
4.000000000000000000e+02 8.472500125766722476e+02
4.010000000000000000e+02 8.683680925657857870e+02
4.020000000000000000e+02 8.899041120458268779e+02
4.030000000000000000e+02 9.118639468529509031e+02
4.040000000000000000e+02 9.342535138642919037e+02
4.050000000000000000e+02 9.570787707556396526e+02
4.060000000000000000e+02 9.803457157543234644e+02
4.070000000000000000e+02 1.004060387387371179e+03
4.080000000000000000e+02 1.028228864225020743e+03
4.090000000000000000e+02 1.052857264619652597e+03
4.100000000000000000e+02 1.077951746440220404e+03
4.110000000000000000e+02 1.103518506802250158e+03
4.120000000000000000e+02 1.129563781793485077e+03
4.130000000000000000e+02 1.156093846195249171e+03
4.140000000000000000e+02 1.183115013199602572e+03
4.150000000000000000e+02 1.210633634122369813e+03
4.160000000000000000e+02 1.238656098112106974e+03
4.170000000000000000e+02 1.267188831855091848e+03
4.180000000000000000e+02 1.296238299276407361e+03
4.190000000000000000e+02 1.325811001237195796e+03
4.200000000000000000e+02 1.355913475228162952e+03
4.210000000000000000e+02 1.386552295059397693e+03
4.220000000000000000e+02 1.417734070546599924e+03
4.230000000000000000e+02 1.449465447193774480e+03
4.240000000000000000e+02 1.481753105872483275e+03
4.250000000000000000e+02 1.514603762497720254e+03
4.260000000000000000e+02 1.548024167700490125e+03
4.270000000000000000e+02 1.582021106497169285e+03
4.280000000000000000e+02 1.616601397955719221e+03
4.290000000000000000e+02 1.651771894858832184e+03
4.300000000000000000e+02 1.687539483364084617e+03
4.310000000000000000e+02 1.723911082661171804e+03
4.320000000000000000e+02 1.760893644626301921e+03
4.330000000000000000e+02 1.798494153473823417e+03
4.340000000000000000e+02 1.836719625405160741e+03
4.350000000000000000e+02 1.875577108255134590e+03
4.360000000000000000e+02 1.915073681135735342e+03
4.370000000000000000e+02 1.955216454077437675e+03
4.380000000000000000e+02 1.996012567668114116e+03
4.390000000000000000e+02 2.037469192689632109e+03
4.400000000000000000e+02 2.079593529752204631e+03
4.410000000000000000e+02 2.122392808926568250e+03
4.420000000000000000e+02 2.165874289374060936e+03
4.430000000000000000e+02 2.210045258974670105e+03
4.440000000000000000e+02 2.254913033953129798e+03
4.450000000000000000e+02 2.300484958503128382e+03
4.460000000000000000e+02 2.346768404409708182e+03
4.470000000000000000e+02 2.393770770669921149e+03
4.480000000000000000e+02 2.441499483111813788e+03
4.490000000000000000e+02 2.489961994011813204e+03
4.500000000000000000e+02 2.539165781710574265e+03
4.510000000000000000e+02 2.589118350227375686e+03
4.520000000000000000e+02 2.639827228873110926e+03
4.530000000000000000e+02 2.691299971861960785e+03
4.540000000000000000e+02 2.743544157921803162e+03
4.550000000000000000e+02 2.796567389903435924e+03
4.560000000000000000e+02 2.850377294388669725e+03
4.570000000000000000e+02 2.904981521297368090e+03
4.580000000000000000e+02 2.960387743493491143e+03
4.590000000000000000e+02 3.016603656390209835e+03
4.600000000000000000e+02 3.073636977554160694e+03
4.610000000000000000e+02 3.131495446308897044e+03
4.620000000000000000e+02 3.190186823337602618e+03
4.630000000000000000e+02 3.249718890285137604e+03
4.640000000000000000e+02 3.310099449359464415e+03
4.650000000000000000e+02 3.371336322932525945e+03
4.660000000000000000e+02 3.433437353140638152e+03
4.670000000000000000e+02 3.496410401484441536e+03
4.680000000000000000e+02 3.560263348428500649e+03
4.690000000000000000e+02 3.625004093000573448e+03
4.700000000000000000e+02 3.690640552390640551e+03
4.710000000000000000e+02 3.757180661549733486e+03
4.720000000000000000e+02 3.824632372788628800e+03
4.730000000000000000e+02 3.893003655376456209e+03
4.740000000000000000e+02 3.962302495139286293e+03
4.750000000000000000e+02 4.032536894058741382e+03
4.760000000000000000e+02 4.103714869870695111e+03
4.770000000000000000e+02 4.175844455664108864e+03
4.780000000000000000e+02 4.248933699480052383e+03
4.790000000000000000e+02 4.322990663910979492e+03
4.800000000000000000e+02 4.398023425700286680e+03
4.810000000000000000e+02 4.474040075342228192e+03
4.820000000000000000e+02 4.551048716682214945e+03
4.830000000000000000e+02 4.629057466517573630e+03
4.840000000000000000e+02 4.708074454198792409e+03
4.850000000000000000e+02 4.788107821231311391e+03
4.860000000000000000e+02 4.869165720877907916e+03
4.870000000000000000e+02 4.951256317761717582e+03
4.880000000000000000e+02 5.034387787469934665e+03
4.890000000000000000e+02 5.118568316158261950e+03
4.900000000000000000e+02 5.203806100156111825e+03
4.910000000000000000e+02 5.290109345572648635e+03
4.920000000000000000e+02 5.377486267903675980e+03
4.930000000000000000e+02 5.465945091639445309e+03
4.940000000000000000e+02 5.555494049873408585e+03
4.950000000000000000e+02 5.646141383911957746e+03
4.960000000000000000e+02 5.737895342885201899e+03
4.970000000000000000e+02 5.830764183358811351e+03
4.980000000000000000e+02 5.924756168946979415e+03
4.990000000000000000e+02 6.019879569926521981e+03
5.000000000000000000e+02 6.116142662852182184e+03
5.010000000000000000e+02 6.213553730173146505e+03
5.020000000000000000e+02 6.312121059850840538e+03
5.030000000000000000e+02 6.411852944977999869e+03
5.040000000000000000e+02 6.512757683399102461e+03
5.050000000000000000e+02 6.614843577332153473e+03
5.060000000000000000e+02 6.718118932991876136e+03
5.070000000000000000e+02 6.822592060214357844e+03
5.080000000000000000e+02 6.928271272083133226e+03
5.090000000000000000e+02 7.035164884556807920e+03
5.100000000000000000e+02 7.143281216098184814e+03
5.110000000000000000e+02 7.252628587304987377e+03
5.120000000000000000e+02 7.363215320542143672e+03
5.130000000000000000e+02 7.475049739575739295e+03
5.140000000000000000e+02 7.588140169208571024e+03
5.150000000000000000e+02 7.702494934917448518e+03
5.160000000000000000e+02 7.818122362492147658e+03
5.170000000000000000e+02 7.935030777676141952e+03
5.180000000000000000e+02 8.053228505809089256e+03
5.190000000000000000e+02 8.172723871471092934e+03
5.200000000000000000e+02 8.293525198128812917e+03
5.210000000000000000e+02 8.415640807783387572e+03
5.220000000000000000e+02 8.539079020620241863e+03
5.230000000000000000e+02 8.663848154660770888e+03
5.240000000000000000e+02 8.789956525415947908e+03
5.250000000000000000e+02 8.917412445541862326e+03
5.260000000000000000e+02 9.046224224497218529e+03
5.270000000000000000e+02 9.176400168202802888e+03
5.280000000000000000e+02 9.307948578702958912e+03
5.290000000000000000e+02 9.440877753829081485e+03
5.300000000000000000e+02 9.575195986865153827e+03
5.310000000000000000e+02 9.710911566215327184e+03
5.320000000000000000e+02 9.848032775073590528e+03
5.330000000000000000e+02 9.986567891095533923e+03
5.340000000000000000e+02 1.012652518607222373e+04
5.350000000000000000e+02 1.026791292560618604e+04
5.360000000000000000e+02 1.041073936878958193e+04
5.370000000000000000e+02 1.055501276788448740e+04
5.380000000000000000e+02 1.070074136800539418e+04
5.390000000000000000e+02 1.084793340680387701e+04
5.400000000000000000e+02 1.099659711415547099e+04
5.410000000000000000e+02 1.114674071184878267e+04
5.420000000000000000e+02 1.129837241327680385e+04
5.430000000000000000e+02 1.145150042313050653e+04
5.440000000000000000e+02 1.160613293709465506e+04
5.450000000000000000e+02 1.176227814154593034e+04
5.460000000000000000e+02 1.191994421325330040e+04
5.470000000000000000e+02 1.207913931908069208e+04
5.480000000000000000e+02 1.223987161569199088e+04
5.490000000000000000e+02 1.240214924925829109e+04
5.500000000000000000e+02 1.256598035516753771e+04
5.510000000000000000e+02 1.273137305773644766e+04
5.520000000000000000e+02 1.289833546992479751e+04
5.530000000000000000e+02 1.306687569305204670e+04
5.540000000000000000e+02 1.323700181651630191e+04
5.550000000000000000e+02 1.340872191751568607e+04
5.560000000000000000e+02 1.358204406077201929e+04
5.570000000000000000e+02 1.375697629825693002e+04
5.580000000000000000e+02 1.393352666892029447e+04
5.590000000000000000e+02 1.411170319842110621e+04
5.600000000000000000e+02 1.429151389886072138e+04
5.610000000000000000e+02 1.447296676851848315e+04
5.620000000000000000e+02 1.465606979158978356e+04
5.630000000000000000e+02 1.484083093792649379e+04
5.640000000000000000e+02 1.502725816277982267e+04
5.650000000000000000e+02 1.521535940654559636e+04
5.660000000000000000e+02 1.540514259451193357e+04
5.670000000000000000e+02 1.559661563660932734e+04
5.680000000000000000e+02 1.578978642716318791e+04
5.690000000000000000e+02 1.598466284464877754e+04
5.700000000000000000e+02 1.618125275144856641e+04
5.710000000000000000e+02 1.637956399361202239e+04
5.720000000000000000e+02 1.657960440061781992e+04
5.730000000000000000e+02 1.678138178513848106e+04
5.740000000000000000e+02 1.698490394280744295e+04
5.750000000000000000e+02 1.719017865198852815e+04
5.760000000000000000e+02 1.739721367354787435e+04
5.770000000000000000e+02 1.760601675062825234e+04
5.780000000000000000e+02 1.781659560842583596e+04
5.790000000000000000e+02 1.802895795396936592e+04
5.800000000000000000e+02 1.824311147590177643e+04
5.810000000000000000e+02 1.845906384426418663e+04
5.820000000000000000e+02 1.867682271028232935e+04
5.830000000000000000e+02 1.889639570615539560e+04
5.840000000000000000e+02 1.911779044484731639e+04
5.850000000000000000e+02 1.934101451988036933e+04
5.860000000000000000e+02 1.956607550513128444e+04
5.870000000000000000e+02 1.979298095462968195e+04
5.880000000000000000e+02 2.002173840235892931e+04
5.890000000000000000e+02 2.025235536205940298e+04
5.900000000000000000e+02 2.048483932703409664e+04
5.910000000000000000e+02 2.071919776995666325e+04
5.920000000000000000e+02 2.095543814268178903e+04
5.930000000000000000e+02 2.119356787605796126e+04
5.940000000000000000e+02 2.143359437974261527e+04
5.950000000000000000e+02 2.167552504201958800e+04
5.960000000000000000e+02 2.191936722961900887e+04
5.970000000000000000e+02 2.216512828753944996e+04
5.980000000000000000e+02 2.241281553887251357e+04
5.990000000000000000e+02 2.266243628462966080e+04
6.000000000000000000e+02 2.291399780357143391e+04
6.010000000000000000e+02 2.316750735203898148e+04
6.020000000000000000e+02 2.342297216378790472e+04
6.030000000000000000e+02 2.368039944982438465e+04
6.040000000000000000e+02 2.393979639824365586e+04
6.050000000000000000e+02 2.420117017407073581e+04
6.060000000000000000e+02 2.446452791910345331e+04
6.070000000000000000e+02 2.472987675175775803e+04
6.080000000000000000e+02 2.499722376691528189e+04
6.090000000000000000e+02 2.526657603577319969e+04
6.100000000000000000e+02 2.553794060569626890e+04
6.110000000000000000e+02 2.581132450007120497e+04
6.120000000000000000e+02 2.608673471816322126e+04
6.130000000000000000e+02 2.636417823497483550e+04
6.140000000000000000e+02 2.664366200110683712e+04
6.150000000000000000e+02 2.692519294262155017e+04
6.160000000000000000e+02 2.720877796090821357e+04
6.170000000000000000e+02 2.749442393255057323e+04
6.180000000000000000e+02 2.778213770919669696e+04
6.190000000000000000e+02 2.807192611743087764e+04
6.200000000000000000e+02 2.836379595864776275e+04
6.210000000000000000e+02 2.865775400892859761e+04
6.220000000000000000e+02 2.895380701891961871e+04
6.230000000000000000e+02 2.925196171371258242e+04
6.240000000000000000e+02 2.955222479272738565e+04
6.250000000000000000e+02 2.985460292959683284e+04
6.260000000000000000e+02 3.015910277205344028e+04
6.270000000000000000e+02 3.046573094181842316e+04
6.280000000000000000e+02 3.077449403449262900e+04
6.290000000000000000e+02 3.108539861944965742e+04
6.300000000000000000e+02 3.139845123973093359e+04
6.310000000000000000e+02 3.171365841194293171e+04
6.320000000000000000e+02 3.203102662615629743e+04
6.330000000000000000e+02 3.235056234580710588e+04
6.340000000000000000e+02 3.267227200760006235e+04
6.350000000000000000e+02 3.299616202141372924e+04
6.360000000000000000e+02 3.332223877020769578e+04
6.370000000000000000e+02 3.365050860993180686e+04
6.380000000000000000e+02 3.398097786943724350e+04
6.390000000000000000e+02 3.431365285038966249e+04
6.400000000000000000e+02 3.464853982718416228e+04
6.410000000000000000e+02 3.498564504686227883e+04
6.420000000000000000e+02 3.532497472903083690e+04
6.430000000000000000e+02 3.566653506578272209e+04
6.440000000000000000e+02 3.601033222161950835e+04
6.450000000000000000e+02 3.635637233337605721e+04
6.460000000000000000e+02 3.670466151014684874e+04
6.470000000000000000e+02 3.705520583321431332e+04
6.480000000000000000e+02 3.740801135597884422e+04
6.490000000000000000e+02 3.776308410389080382e+04
6.500000000000000000e+02 3.812043007438422501e+04
6.510000000000000000e+02 3.848005523681238265e+04
6.520000000000000000e+02 3.884196553238509659e+04
6.530000000000000000e+02 3.920616687410793384e+04
6.540000000000000000e+02 3.957266514672300400e+04
6.550000000000000000e+02 3.994146620665169030e+04
6.560000000000000000e+02 4.031257588193895936e+04
6.570000000000000000e+02 4.068599997219955549e+04
6.580000000000000000e+02 4.106174424856575206e+04
6.590000000000000000e+02 4.143981445363700186e+04
6.600000000000000000e+02 4.182021630143104994e+04
6.610000000000000000e+02 4.220295547733693820e+04
6.620000000000000000e+02 4.258803763806954521e+04
6.630000000000000000e+02 4.297546841162583587e+04
6.640000000000000000e+02 4.336525339724270452e+04
6.650000000000000000e+02 4.375739816535655700e+04
6.660000000000000000e+02 4.415190825756431150e+04
6.670000000000000000e+02 4.454878918658626208e+04
6.680000000000000000e+02 4.494804643623031006e+04
6.690000000000000000e+02 4.534968546135787619e+04
6.700000000000000000e+02 4.575371168785137706e+04
6.710000000000000000e+02 4.616013051258322957e+04
6.720000000000000000e+02 4.656894730338643421e+04
6.730000000000000000e+02 4.698016739902658446e+04
6.740000000000000000e+02 4.739379610917558603e+04
6.750000000000000000e+02 4.780983871438664210e+04
6.760000000000000000e+02 4.822830046607092663e+04
6.770000000000000000e+02 4.864918658647561097e+04
6.780000000000000000e+02 4.907250226866343291e+04
6.790000000000000000e+02 4.949825267649363377e+04
6.800000000000000000e+02 4.992644294460443780e+04
6.810000000000000000e+02 5.035707817839689233e+04
6.820000000000000000e+02 5.079016345402010484e+04
6.830000000000000000e+02 5.122570381835797161e+04
6.840000000000000000e+02 5.166370428901718697e+04
6.850000000000000000e+02 5.210416985431667126e+04
6.860000000000000000e+02 5.254710547327845416e+04
6.870000000000000000e+02 5.299251607561974379e+04
6.880000000000000000e+02 5.344040656174648029e+04
6.890000000000000000e+02 5.389078180274809711e+04
6.900000000000000000e+02 5.434364664039370109e+04
6.910000000000000000e+02 5.479900588712951867e+04
6.920000000000000000e+02 5.525686432607761526e+04
6.930000000000000000e+02 5.571722671103586617e+04
6.940000000000000000e+02 5.618009776647928811e+04
6.950000000000000000e+02 5.664548218756252027e+04
6.960000000000000000e+02 5.711338464012365148e+04
6.970000000000000000e+02 5.758380976068913878e+04
6.980000000000000000e+02 5.805676215648012294e+04
6.990000000000000000e+02 5.853224640541972622e+04
7.000000000000000000e+02 5.901026705614181992e+04
7.010000000000000000e+02 5.949082862800067232e+04
7.020000000000000000e+02 5.997393561108200811e+04
7.030000000000000000e+02 6.045959246621507918e+04
7.040000000000000000e+02 6.094780362498603063e+04
7.050000000000000000e+02 6.143857348975211789e+04
7.060000000000000000e+02 6.193190643365748110e+04
7.070000000000000000e+02 6.242780680064953049e+04
7.080000000000000000e+02 6.292627890549685253e+04
7.090000000000000000e+02 6.342732703380796738e+04
7.100000000000000000e+02 6.393095544205124315e+04
7.110000000000000000e+02 6.443716835757581430e+04
7.120000000000000000e+02 6.494596997863367142e+04
7.130000000000000000e+02 6.545736447440262418e+04
7.140000000000000000e+02 6.597135598501047934e+04
7.150000000000000000e+02 6.648794862156003364e+04
7.160000000000000000e+02 6.700714646615533275e+04
7.170000000000000000e+02 6.752895357192860683e+04
7.180000000000000000e+02 6.805337396306847222e+04
7.190000000000000000e+02 6.858041163484894787e+04
7.200000000000000000e+02 6.911007055365953420e+04
7.210000000000000000e+02 6.964235465703610680e+04
7.220000000000000000e+02 7.017726785369287245e+04
7.230000000000000000e+02 7.071481402355522732e+04
7.240000000000000000e+02 7.125499701779354655e+04
7.250000000000000000e+02 7.179782065885775955e+04
7.260000000000000000e+02 7.234328874051297316e+04
7.270000000000000000e+02 7.289140502787596779e+04
7.280000000000000000e+02 7.344217325745249400e+04
7.290000000000000000e+02 7.399559713717541308e+04
7.300000000000000000e+02 7.455168034644384170e+04
7.310000000000000000e+02 7.511042653616295138e+04
7.320000000000000000e+02 7.567183932878475753e+04
7.330000000000000000e+02 7.623592231834962149e+04
7.340000000000000000e+02 7.680267907052871305e+04
7.350000000000000000e+02 7.737211312266699679e+04
7.360000000000000000e+02 7.794422798382735346e+04
7.370000000000000000e+02 7.851902713483522530e+04
7.380000000000000000e+02 7.909651402832413442e+04
7.390000000000000000e+02 7.967669208878204518e+04
7.400000000000000000e+02 8.025956471259822138e+04
7.410000000000000000e+02 8.084513526811113115e+04
7.420000000000000000e+02 8.143340709565686120e+04
7.430000000000000000e+02 8.202438350761841866e+04
7.440000000000000000e+02 8.261806778847555688e+04
7.450000000000000000e+02 8.321446319485548884e+04
7.460000000000000000e+02 8.381357295558419719e+04
7.470000000000000000e+02 8.441540027173844283e+04
7.480000000000000000e+02 8.501994831669839914e+04
7.490000000000000000e+02 8.562722023620110122e+04
7.500000000000000000e+02 8.623721914839441888e+04
7.510000000000000000e+02 8.684994814389158273e+04
7.520000000000000000e+02 8.746541028582671424e+04
7.530000000000000000e+02 8.808360860991050140e+04
7.540000000000000000e+02 8.870454612448689295e+04
7.550000000000000000e+02 8.932822581059014192e+04
7.560000000000000000e+02 8.995465062200266402e+04
7.570000000000000000e+02 9.058382348531325988e+04
7.580000000000000000e+02 9.121574729997606482e+04
7.590000000000000000e+02 9.185042493837006623e+04
7.600000000000000000e+02 9.248785924585918838e+04
7.610000000000000000e+02 9.312805304085282842e+04
7.620000000000000000e+02 9.377100911486703262e+04
7.630000000000000000e+02 9.441673023258626927e+04
7.640000000000000000e+02 9.506521913192563807e+04
7.650000000000000000e+02 9.571647852409348707e+04
7.660000000000000000e+02 9.637051109365484444e+04
7.670000000000000000e+02 9.702731949859518500e+04
7.680000000000000000e+02 9.768690637038456043e+04
7.690000000000000000e+02 9.834927431404248637e+04
7.700000000000000000e+02 9.901442590820316400e+04
7.710000000000000000e+02 9.968236370518110925e+04
7.720000000000000000e+02 1.003530902310374222e+05
7.730000000000000000e+02 1.010266079856463766e+05
7.740000000000000000e+02 1.017029194427625043e+05
7.750000000000000000e+02 1.023820270500881161e+05
7.760000000000000000e+02 1.030639332293412881e+05
7.770000000000000000e+02 1.037486403763241542e+05
7.780000000000000000e+02 1.044361508609918528e+05
7.790000000000000000e+02 1.051264670275215758e+05
7.800000000000000000e+02 1.058195911943823157e+05
7.810000000000000000e+02 1.065155256544047443e+05
7.820000000000000000e+02 1.072142726748517161e+05
7.830000000000000000e+02 1.079158344974889769e+05
7.840000000000000000e+02 1.086202133386563510e+05
7.850000000000000000e+02 1.093274113893392205e+05
7.860000000000000000e+02 1.100374308152403828e+05
7.870000000000000000e+02 1.107502737568524317e+05
7.880000000000000000e+02 1.114659423295300221e+05
7.890000000000000000e+02 1.121844386235630809e+05
7.900000000000000000e+02 1.129057647042497993e+05
7.910000000000000000e+02 1.136299226119703962e+05
7.920000000000000000e+02 1.143569143622608681e+05
7.930000000000000000e+02 1.150867419458872319e+05
7.940000000000000000e+02 1.158194073289199150e+05
7.950000000000000000e+02 1.165549124528086977e+05
7.960000000000000000e+02 1.172932592344576842e+05
7.970000000000000000e+02 1.180344495663006237e+05
7.980000000000000000e+02 1.187784853163766966e+05
7.990000000000000000e+02 1.195253683284062427e+05
8.000000000000000000e+02 1.202751004218671005e+05
8.010000000000000000e+02 1.210276833920709032e+05
8.020000000000000000e+02 1.217831190102398105e+05
8.030000000000000000e+02 1.225414090235834592e+05
8.040000000000000000e+02 1.233025551553760597e+05
8.050000000000000000e+02 1.240665591050338699e+05
8.060000000000000000e+02 1.248334225481928006e+05
8.070000000000000000e+02 1.256031471367861668e+05
8.080000000000000000e+02 1.263757344991229038e+05
8.090000000000000000e+02 1.271511862399657548e+05
8.100000000000000000e+02 1.279295039406097494e+05
8.110000000000000000e+02 1.287106891589607985e+05
8.120000000000000000e+02 1.294947434296147840e+05
8.130000000000000000e+02 1.302816682639362989e+05
8.140000000000000000e+02 1.310714651501382032e+05
8.150000000000000000e+02 1.318641355533607421e+05
8.160000000000000000e+02 1.326596809157513489e+05
8.170000000000000000e+02 1.334581026565441862e+05
8.180000000000000000e+02 1.342594021721402532e+05
8.190000000000000000e+02 1.350635808361872332e+05
8.200000000000000000e+02 1.358706399996598484e+05
8.210000000000000000e+02 1.366805809909401578e+05
8.220000000000000000e+02 1.374934051158980001e+05
8.230000000000000000e+02 1.383091136579716986e+05
8.240000000000000000e+02 1.391277078782486496e+05
8.250000000000000000e+02 1.399491890155463479e+05
8.260000000000000000e+02 1.407735582864933531e+05
8.270000000000000000e+02 1.416008168856102566e+05
8.280000000000000000e+02 1.424309659853910271e+05
8.290000000000000000e+02 1.432640067363842390e+05
8.300000000000000000e+02 1.440999402672745346e+05
8.310000000000000000e+02 1.449387676849640266e+05
8.320000000000000000e+02 1.457804900746540516e+05
8.330000000000000000e+02 1.466251084999266313e+05
8.340000000000000000e+02 1.474726240028264292e+05
8.350000000000000000e+02 1.483230376039424445e+05
8.360000000000000000e+02 1.491763503024900565e+05
8.370000000000000000e+02 1.500325630763926602e+05
8.380000000000000000e+02 1.508916768823641469e+05
8.390000000000000000e+02 1.517536926559906569e+05
8.400000000000000000e+02 1.526186113118128560e+05
8.410000000000000000e+02 1.534864337434081244e+05
8.420000000000000000e+02 1.543571608234726591e+05
8.430000000000000000e+02 1.552307934039039537e+05
8.440000000000000000e+02 1.561073323158829298e+05
8.450000000000000000e+02 1.569867783699563588e+05
8.460000000000000000e+02 1.578691323561192839e+05
8.470000000000000000e+02 1.587543950438972679e+05
8.480000000000000000e+02 1.596425671824289311e+05
8.490000000000000000e+02 1.605336495005483448e+05
8.500000000000000000e+02 1.614276427068674820e+05
8.510000000000000000e+02 1.623245474898586981e+05
8.520000000000000000e+02 1.632243645179371233e+05
8.530000000000000000e+02 1.641270944395431434e+05
8.540000000000000000e+02 1.650327378832249669e+05
8.550000000000000000e+02 1.659412954577208729e+05
8.560000000000000000e+02 1.668527677520418656e+05
8.570000000000000000e+02 1.677671553355540382e+05
8.580000000000000000e+02 1.686844587580607913e+05
8.590000000000000000e+02 1.696046785498856334e+05
8.600000000000000000e+02 1.705278152219541953e+05
8.610000000000000000e+02 1.714538692658766813e+05
8.620000000000000000e+02 1.723828411540303205e+05
8.630000000000000000e+02 1.733147313396414102e+05
8.640000000000000000e+02 1.742495402568677382e+05
8.650000000000000000e+02 1.751872683208807721e+05
8.660000000000000000e+02 1.761279159279477899e+05
8.670000000000000000e+02 1.770714834555139532e+05
8.680000000000000000e+02 1.780179712622844963e+05
8.690000000000000000e+02 1.789673796883065952e+05
8.700000000000000000e+02 1.799197090550514986e+05
8.710000000000000000e+02 1.808749596654962224e+05
8.720000000000000000e+02 1.818331318042055937e+05
8.730000000000000000e+02 1.827942257374139444e+05
8.740000000000000000e+02 1.837582417131068360e+05
8.750000000000000000e+02 1.847251799611026363e+05
8.760000000000000000e+02 1.856950406931341277e+05
8.770000000000000000e+02 1.866678241029301425e+05
8.780000000000000000e+02 1.876435303662967635e+05
8.790000000000000000e+02 1.886221596411987266e+05
8.800000000000000000e+02 1.896037120678407955e+05
8.810000000000000000e+02 1.905881877687487286e+05
8.820000000000000000e+02 1.915755868488505366e+05
8.830000000000000000e+02 1.925659093955573626e+05
8.840000000000000000e+02 1.935591554788444773e+05
8.850000000000000000e+02 1.945553251513318100e+05
8.860000000000000000e+02 1.955544184483650897e+05
8.870000000000000000e+02 1.965564353880960552e+05
8.880000000000000000e+02 1.975613759715631604e+05
8.890000000000000000e+02 1.985692401827717549e+05
8.900000000000000000e+02 1.995800279887747893e+05
8.910000000000000000e+02 2.005937393397523556e+05
8.920000000000000000e+02 2.016103741690923925e+05
8.930000000000000000e+02 2.026299323934701388e+05
8.940000000000000000e+02 2.036524139129281975e+05
8.950000000000000000e+02 2.046778186109562521e+05
8.960000000000000000e+02 2.057061463545706356e+05
8.970000000000000000e+02 2.067373969943935226e+05
8.980000000000000000e+02 2.077715703647327609e+05
8.990000000000000000e+02 2.088086662836607429e+05
9.000000000000000000e+02 2.098486845530935097e+05
9.010000000000000000e+02 2.108916249588698265e+05
9.020000000000000000e+02 2.119374872708298499e+05
9.030000000000000000e+02 2.129862712428939412e+05
9.040000000000000000e+02 2.140379766131412471e+05
9.050000000000000000e+02 2.150926031038877845e+05
9.060000000000000000e+02 2.161501504217651382e+05
9.070000000000000000e+02 2.172106182577983709e+05
9.080000000000000000e+02 2.182740062874838768e+05
9.090000000000000000e+02 2.193403141708674375e+05
9.100000000000000000e+02 2.204095415526218712e+05
9.110000000000000000e+02 2.214816880621243617e+05
9.120000000000000000e+02 2.225567533135341364e+05
9.130000000000000000e+02 2.236347369058694458e+05
9.140000000000000000e+02 2.247156384230847470e+05
9.150000000000000000e+02 2.257994574341477710e+05
9.160000000000000000e+02 2.268861934931158612e+05
9.170000000000000000e+02 2.279758461392130412e+05
9.180000000000000000e+02 2.290684148969063535e+05
9.190000000000000000e+02 2.301638992759817920e+05
9.200000000000000000e+02 2.312622987716208154e+05
9.210000000000000000e+02 2.323636128644762211e+05
9.220000000000000000e+02 2.334678410207477282e+05
9.230000000000000000e+02 2.345749826922578504e+05
9.240000000000000000e+02 2.356850373165272176e+05
9.250000000000000000e+02 2.367980043168497796e+05
9.260000000000000000e+02 2.379138831023681560e+05
9.270000000000000000e+02 2.390326730681482586e+05
9.280000000000000000e+02 2.401543735952542920e+05
9.290000000000000000e+02 2.412789840508233174e+05
9.300000000000000000e+02 2.424065037881394674e+05
9.310000000000000000e+02 2.435369321467083937e+05
9.320000000000000000e+02 2.446702684523311909e+05
9.330000000000000000e+02 2.458065120171783492e+05
9.340000000000000000e+02 2.469456621398632997e+05
9.350000000000000000e+02 2.480877181055161636e+05
9.360000000000000000e+02 2.492326791858568904e+05
9.370000000000000000e+02 2.503805446392683662e+05
9.380000000000000000e+02 2.515313137108694646e+05
9.390000000000000000e+02 2.526849856325879518e+05
9.400000000000000000e+02 2.538415596232326061e+05
9.410000000000000000e+02 2.550010348885661806e+05
9.420000000000000000e+02 2.561634106213772320e+05
9.430000000000000000e+02 2.573286860015521524e+05
9.440000000000000000e+02 2.584968601961472887e+05
9.450000000000000000e+02 2.596679323594600428e+05
9.460000000000000000e+02 2.608419016331007006e+05
9.470000000000000000e+02 2.620187671460638812e+05
9.480000000000000000e+02 2.631985280147988815e+05
9.490000000000000000e+02 2.643811833432812127e+05
9.500000000000000000e+02 2.655667322230827995e+05
9.510000000000000000e+02 2.667551737334426143e+05
9.520000000000000000e+02 2.679465069413370220e+05
9.530000000000000000e+02 2.691407309015496867e+05
9.540000000000000000e+02 2.703378446567414794e+05
9.550000000000000000e+02 2.715378472375202109e+05
9.560000000000000000e+02 2.727407376625100151e+05
9.570000000000000000e+02 2.739465149384204997e+05
9.580000000000000000e+02 2.751551780601160717e+05
9.590000000000000000e+02 2.763667260106846225e+05
9.600000000000000000e+02 2.775811577615061542e+05
9.610000000000000000e+02 2.787984722723212908e+05
9.620000000000000000e+02 2.800186684912994970e+05
9.630000000000000000e+02 2.812417453551070648e+05
9.640000000000000000e+02 2.824677017889751005e+05
9.650000000000000000e+02 2.836965367067669868e+05
9.660000000000000000e+02 2.849282490110458457e+05
9.670000000000000000e+02 2.861628375931417686e+05
9.680000000000000000e+02 2.874003013332188712e+05
9.690000000000000000e+02 2.886406391003419412e+05
9.700000000000000000e+02 2.898838497525431449e+05
9.710000000000000000e+02 2.911299321368884994e+05
9.720000000000000000e+02 2.923788850895436481e+05
9.730000000000000000e+02 2.936307074358404498e+05
9.740000000000000000e+02 2.948853979903419386e+05
9.750000000000000000e+02 2.961429555569086224e+05
9.760000000000000000e+02 2.974033789287633263e+05
9.770000000000000000e+02 2.986666668885565014e+05
9.780000000000000000e+02 2.999328182084310683e+05
9.790000000000000000e+02 3.012018316500870860e+05
9.800000000000000000e+02 3.024737059648463037e+05
9.810000000000000000e+02 3.037484398937164224e+05
9.820000000000000000e+02 3.050260321674549486e+05
9.830000000000000000e+02 3.063064815066334559e+05
9.840000000000000000e+02 3.075897866217006813e+05
9.850000000000000000e+02 3.088759462130464381e+05
9.860000000000000000e+02 3.101649589710645378e+05
9.870000000000000000e+02 3.114568235762157128e+05
9.880000000000000000e+02 3.127515386990905390e+05
9.890000000000000000e+02 3.140491030004720669e+05
9.900000000000000000e+02 3.153495151313979877e+05
9.910000000000000000e+02 3.166527737332226243e+05
9.920000000000000000e+02 3.179588774376794463e+05
9.930000000000000000e+02 3.192678248669420136e+05
9.940000000000000000e+02 3.205796146336859092e+05
9.950000000000000000e+02 3.218942453411499737e+05
9.960000000000000000e+02 3.232117155831970740e+05
9.970000000000000000e+02 3.245320239443753380e+05
9.980000000000000000e+02 3.258551689999785740e+05
9.990000000000000000e+02 3.271811493161065737e+05
