# BB temperature (K); Intensity through filter (ph/s/m^2/mas^2)
1.000000000000000000e+01 0.000000000000000000e+00
1.100000000000000000e+01 0.000000000000000000e+00
1.200000000000000000e+01 0.000000000000000000e+00
1.300000000000000000e+01 0.000000000000000000e+00
1.400000000000000000e+01 0.000000000000000000e+00
1.500000000000000000e+01 0.000000000000000000e+00
1.600000000000000000e+01 0.000000000000000000e+00
1.700000000000000000e+01 0.000000000000000000e+00
1.800000000000000000e+01 0.000000000000000000e+00
1.900000000000000000e+01 0.000000000000000000e+00
2.000000000000000000e+01 0.000000000000000000e+00
2.100000000000000000e+01 2.246755608794523092e-63
2.200000000000000000e+01 2.609166821923565371e-60
2.300000000000000000e+01 1.681606965206181812e-57
2.400000000000000000e+01 6.450229695531424560e-55
2.500000000000000000e+01 1.562124356940712189e-52
2.600000000000000000e+01 2.512232360962371908e-50
2.700000000000000000e+01 2.801989376204271479e-48
2.800000000000000000e+01 2.250423169669596193e-46
2.900000000000000000e+01 1.344813130812354628e-44
3.000000000000000000e+01 6.152875948690150747e-43
3.100000000000000000e+01 2.210084623250361704e-41
3.200000000000000000e+01 6.371611764097548280e-40
3.300000000000000000e+01 1.503411883636825984e-38
3.400000000000000000e+01 2.954007183863196008e-37
3.500000000000000000e+01 4.908341671808379016e-36
3.600000000000000000e+01 6.992149041932898920e-35
3.700000000000000000e+01 8.645175485394233057e-34
3.800000000000000000e+01 9.380153955387110992e-33
3.900000000000000000e+01 9.020364245683121837e-32
4.000000000000000000e+01 7.757084752038753425e-31
4.100000000000000000e+01 6.013721948692262148e-30
4.200000000000000000e+01 4.233887748992300005e-29
4.300000000000000000e+01 2.725057334762836364e-28
4.400000000000000000e+01 1.613177465061029514e-27
4.500000000000000000e+01 8.831974008950645928e-27
4.600000000000000000e+01 4.494643179639861500e-26
4.700000000000000000e+01 2.136005998636270463e-25
4.800000000000000000e+01 9.519668869876356312e-25
4.900000000000000000e+01 3.994354912490207249e-24
5.000000000000000000e+01 1.583565080997316821e-23
5.100000000000000000e+01 5.951513104844652062e-23
5.200000000000000000e+01 2.126909977154390168e-22
5.300000000000000000e+01 7.248190594035684151e-22
5.400000000000000000e+01 2.361603996992941408e-21
5.500000000000000000e+01 7.374583570650707142e-21
5.600000000000000000e+01 2.212085634453247634e-20
5.700000000000000000e+01 6.387236842472095856e-20
5.800000000000000000e+01 1.778774299032860663e-19
5.900000000000000000e+01 4.786501635067882069e-19
6.000000000000000000e+01 1.246652379211306039e-18
6.100000000000000000e+01 3.147707051312695439e-18
6.200000000000000000e+01 7.716362270343083736e-18
6.300000000000000000e+01 1.839106875739698555e-17
6.400000000000000000e+01 4.267233019931186894e-17
6.500000000000000000e+01 9.650835743034511223e-17
6.600000000000000000e+01 2.129926412673850927e-16
6.700000000000000000e+01 4.592165222413661643e-16
6.800000000000000000e+01 9.682068029633837911e-16
6.900000000000000000e+01 1.998183278592750105e-15
7.000000000000000000e+01 4.040304593719686403e-15
7.100000000000000000e+01 8.010827391105701886e-15
7.200000000000000000e+01 1.558753310030524077e-14
7.300000000000000000e+01 2.978840223733509753e-14
7.400000000000000000e+01 5.595024316543471954e-14
7.500000000000000000e+01 1.033570510819225945e-13
7.600000000000000000e+01 1.879076182120583485e-13
7.700000000000000000e+01 3.364209062061301576e-13
7.800000000000000000e+01 5.934858290012234195e-13
7.900000000000000000e+01 1.032210266403333288e-12
8.000000000000000000e+01 1.770867505483476688e-12
8.100000000000000000e+01 2.998350385549450625e-12
8.200000000000000000e+01 5.012620918632250382e-12
8.300000000000000000e+01 8.278111843068619066e-12
8.400000000000000000e+01 1.351045814548988971e-11
8.500000000000000000e+01 2.180021667988887156e-11
8.600000000000000000e+01 3.479162933393495261e-11
8.700000000000000000e+01 5.493832192899392487e-11
8.800000000000000000e+01 8.586550446611650690e-11
8.900000000000000000e+01 1.328782336298638816e-10
9.000000000000000000e+01 2.036682026995881990e-10
9.100000000000000000e+01 3.092880411582090187e-10
9.200000000000000000e+01 4.654830731229543894e-10
9.300000000000000000e+01 6.944968865138173559e-10
9.400000000000000000e+01 1.027500056486997726e-09
9.500000000000000000e+01 1.507832283891717047e-09
9.600000000000000000e+01 2.195298590316830630e-09
9.700000000000000000e+01 3.171821811546186175e-09
9.800000000000000000e+01 4.548828440609857907e-09
9.900000000000000000e+01 6.476835128199007528e-09
1.000000000000000000e+02 9.157811351447496852e-09
1.010000000000000000e+02 1.286102268354278423e-08
1.020000000000000000e+02 1.794321178821560973e-08
1.030000000000000000e+02 2.487415406231950715e-08
1.040000000000000000e+02 3.426883538125235953e-08
1.050000000000000000e+02 4.692774457610503815e-08
1.060000000000000000e+02 6.388705727772533801e-08
1.070000000000000000e+02 8.648081505990816134e-08
1.080000000000000000e+02 1.164175791142079260e-07
1.090000000000000000e+02 1.558744659392679557e-07
1.100000000000000000e+02 2.076119588847382480e-07
1.110000000000000000e+02 2.751134391910338958e-07
1.120000000000000000e+02 3.627539988951522931e-07
1.130000000000000000e+02 4.760037912213617523e-07
1.140000000000000000e+02 6.216719475008491021e-07
1.150000000000000000e+02 8.081979489418416811e-07
1.160000000000000000e+02 1.045998292344765035e-06
1.170000000000000000e+02 1.347877336683598570e-06
1.180000000000000000e+02 1.729512367770946932e-06
1.190000000000000000e+02 2.210024176206787047e-06
1.200000000000000000e+02 2.812645814436046988e-06
1.210000000000000000e+02 3.565503686644886869e-06
1.220000000000000000e+02 4.502526734665849506e-06
1.230000000000000000e+02 5.664501217853608683e-06
1.240000000000000000e+02 7.100290448352001156e-06
1.250000000000000000e+02 8.868240838059920992e-06
1.260000000000000000e+02 1.103779774206814134e-05
1.270000000000000000e+02 1.369135684687062393e-05
1.280000000000000000e+02 1.692637925103274255e-05
1.290000000000000000e+02 2.085780092125534302e-05
1.300000000000000000e+02 2.562076987714937201e-05
1.310000000000000000e+02 3.137374726195141982e-05
1.320000000000000000e+02 3.830201139144029506e-05
1.330000000000000000e+02 4.662160693616406002e-05
1.340000000000000000e+02 5.658378457858142797e-05
1.350000000000000000e+02 6.847997979179581203e-05
1.360000000000000000e+02 8.264738280426213543e-05
1.370000000000000000e+02 9.947515533833761682e-05
1.380000000000000000e+02 1.194113533321206137e-04
1.390000000000000000e+02 1.429706185651176333e-04
1.400000000000000000e+02 1.707427058995133616e-04
1.410000000000000000e+02 2.034019167100144568e-04
1.420000000000000000e+02 2.417175129954631560e-04
1.430000000000000000e+02 2.865651906330282076e-04
1.440000000000000000e+02 3.389396942384750996e-04
1.450000000000000000e+02 3.999686601208773430e-04
1.460000000000000000e+02 4.709277778537052745e-04
1.470000000000000000e+02 5.532573650125517922e-04
1.480000000000000000e+02 6.485804536384789411e-04
1.490000000000000000e+02 7.587224909603538375e-04
1.500000000000000000e+02 8.857327608345965742e-04
1.510000000000000000e+02 1.031907636221269988e-03
1.520000000000000000e+02 1.199815776796067917e-03
1.530000000000000000e+02 1.392325389483074077e-03
1.540000000000000000e+02 1.612633673267835398e-03
1.550000000000000000e+02 1.864298573098947332e-03
1.560000000000000000e+02 2.151272970993940280e-03
1.570000000000000000e+02 2.477941445616828157e-03
1.580000000000000000e+02 2.849159734575677175e-03
1.590000000000000000e+02 3.270297036484772803e-03
1.600000000000000000e+02 3.747281292433625802e-03
1.610000000000000000e+02 4.286647588890944889e-03
1.620000000000000000e+02 4.895589826233051264e-03
1.630000000000000000e+02 5.582015799011090865e-03
1.640000000000000000e+02 6.354605835748215574e-03
1.650000000000000000e+02 7.222875147476317745e-03
1.660000000000000000e+02 8.197240035371495398e-03
1.670000000000000000e+02 9.289088108719856934e-03
1.680000000000000000e+02 1.051085266503147195e-02
1.690000000000000000e+02 1.187609138441347162e-02
1.700000000000000000e+02 1.339956949030693574e-02
1.710000000000000000e+02 1.509734752838031747e-02
1.720000000000000000e+02 1.698687391475066366e-02
1.730000000000000000e+02 1.908708240376898874e-02
1.740000000000000000e+02 2.141849462435470308e-02
1.750000000000000000e+02 2.400332783229504677e-02
1.760000000000000000e+02 2.686560802403744827e-02
1.770000000000000000e+02 3.003128855529639540e-02
1.780000000000000000e+02 3.352837440527253743e-02
1.790000000000000000e+02 3.738705222444237836e-02
1.800000000000000000e+02 4.163982630072528279e-02
1.810000000000000000e+02 4.632166057537444315e-02
1.820000000000000000e+02 5.147012683617374629e-02
1.830000000000000000e+02 5.712555921146089677e-02
1.840000000000000000e+02 6.333121508414185641e-02
1.850000000000000000e+02 7.013344254022314816e-02
1.860000000000000000e+02 7.758185446147239372e-02
1.870000000000000000e+02 8.572950936663303878e-02
1.880000000000000000e+02 9.463309910017625448e-02
1.890000000000000000e+02 1.043531434618799741e-01
1.900000000000000000e+02 1.149541918645958505e-01
1.910000000000000000e+02 1.265050321014039025e-01
1.920000000000000000e+02 1.390789062969830792e-01
1.930000000000000000e+02 1.527537341114460490e-01
1.940000000000000000e+02 1.676123432581167472e-01
1.950000000000000000e+02 1.837427073897824892e-01
1.960000000000000000e+02 2.012381914008356809e-01
1.970000000000000000e+02 2.201978041854579238e-01
1.980000000000000000e+02 2.407264588845901554e-01
1.990000000000000000e+02 2.629352406469078751e-01
2.000000000000000000e+02 2.869416819213768677e-01
2.010000000000000000e+02 3.128700452912316354e-01
2.020000000000000000e+02 3.408516138513978389e-01
2.030000000000000000e+02 3.710249891234934649e-01
2.040000000000000000e+02 4.035363964946064863e-01
2.050000000000000000e+02 4.385399981580578865e-01
2.060000000000000000e+02 4.761982135263629345e-01
2.070000000000000000e+02 5.166820470785782327e-01
2.080000000000000000e+02 5.601714235962074184e-01
2.090000000000000000e+02 6.068555307338401317e-01
2.100000000000000000e+02 6.569331688627262356e-01
2.110000000000000000e+02 7.106131081175537378e-01
2.120000000000000000e+02 7.681144525688317071e-01
2.130000000000000000e+02 8.296670114354666170e-01
2.140000000000000000e+02 8.955116772443922901e-01
2.150000000000000000e+02 9.659008108364836032e-01
2.160000000000000000e+02 1.041098633110445260e+00
2.170000000000000000e+02 1.121381623388949089e+00
2.180000000000000000e+02 1.207038924284003834e+00
2.190000000000000000e+02 1.298372752931377327e+00
2.200000000000000000e+02 1.395698818456881263e+00
2.210000000000000000e+02 1.499346745530465652e+00
2.220000000000000000e+02 1.609660503857384128e+00
2.230000000000000000e+02 1.726998843449153442e+00
2.240000000000000000e+02 1.851735735510700032e+00
2.250000000000000000e+02 1.984260818773929236e+00
2.260000000000000000e+02 2.124979851101982842e+00
2.270000000000000000e+02 2.274315166182705905e+00
2.280000000000000000e+02 2.432706135124279356e+00
2.290000000000000000e+02 2.600609632760650936e+00
2.300000000000000000e+02 2.778500508469256225e+00
2.310000000000000000e+02 2.966872061298658991e+00
2.320000000000000000e+02 3.166236519199028709e+00
2.330000000000000000e+02 3.377125522143980874e+00
2.340000000000000000e+02 3.600090608928060210e+00
2.350000000000000000e+02 3.835703707420222486e+00
2.360000000000000000e+02 4.084557628049904743e+00
2.370000000000000000e+02 4.347266560298832516e+00
2.380000000000000000e+02 4.624466571968430806e+00
2.390000000000000000e+02 4.916816110989745248e+00
2.400000000000000000e+02 5.224996509540003942e+00
2.410000000000000000e+02 5.549712490227465267e+00
2.420000000000000000e+02 5.891692674103925498e+00
2.430000000000000000e+02 6.251690090262239430e+00
2.440000000000000000e+02 6.630482686774461953e+00
2.450000000000000000e+02 7.028873842724667753e+00
2.460000000000000000e+02 7.447692881089222894e+00
2.470000000000000000e+02 7.887795582216249102e+00
2.480000000000000000e+02 8.350064697655195545e+00
2.490000000000000000e+02 8.835410464086884019e+00
2.500000000000000000e+02 9.344771117103995550e+00
2.510000000000000000e+02 9.879113404591954861e+00
2.520000000000000000e+02 1.043943309946013898e+01
2.530000000000000000e+02 1.102675551147383004e+01
2.540000000000000000e+02 1.164213599793773923e+01
2.550000000000000000e+02 1.228666047298282216e+01
2.560000000000000000e+02 1.296144591520896228e+01
2.570000000000000000e+02 1.366764087343740819e+01
2.580000000000000000e+02 1.440642597032813299e+01
2.590000000000000000e+02 1.517901440361890053e+01
2.600000000000000000e+02 1.598665244474463876e+01
2.610000000000000000e+02 1.683061993459760686e+01
2.620000000000000000e+02 1.771223077619102071e+01
2.630000000000000000e+02 1.863283342399113707e+01
2.640000000000000000e+02 1.959381136968524828e+01
2.650000000000000000e+02 2.059658362415569144e+01
2.660000000000000000e+02 2.164260519543287131e+01
2.670000000000000000e+02 2.273336756240307466e+01
2.680000000000000000e+02 2.387039914405022500e+01
2.690000000000000000e+02 2.505526576401376815e+01
2.700000000000000000e+02 2.628957111024834603e+01
2.710000000000000000e+02 2.757495718957450492e+01
2.720000000000000000e+02 2.891310477691327563e+01
2.730000000000000000e+02 3.030573385900115824e+01
2.740000000000000000e+02 3.175460407238611538e+01
2.750000000000000000e+02 3.326151513550901484e+01
2.760000000000000000e+02 3.482830727467908360e+01
2.770000000000000000e+02 3.645686164375619143e+01
2.780000000000000000e+02 3.814910073735696017e+01
2.790000000000000000e+02 3.990698879740624250e+01
2.800000000000000000e+02 4.173253221285968095e+01
2.810000000000000000e+02 4.362777991242779763e+01
2.820000000000000000e+02 4.559482375013665489e+01
2.830000000000000000e+02 4.763579888356461112e+01
2.840000000000000000e+02 4.975288414459954822e+01
2.850000000000000000e+02 5.194830240256560216e+01
2.860000000000000000e+02 5.422432091957347211e+01
2.870000000000000000e+02 5.658325169795271847e+01
2.880000000000000000e+02 5.902745181963008037e+01
2.890000000000000000e+02 6.155932377732192151e+01
2.900000000000000000e+02 6.418131579741481119e+01
2.910000000000000000e+02 6.689592215441203393e+01
2.920000000000000000e+02 6.970568347683006039e+01
2.930000000000000000e+02 7.261318704443314687e+01
2.940000000000000000e+02 7.562106707669929051e+01
2.950000000000000000e+02 7.873200501241642257e+01
2.960000000000000000e+02 8.194872978031182242e+01
2.970000000000000000e+02 8.527401806062357537e+01
2.980000000000000000e+02 8.871069453752713230e+01
2.990000000000000000e+02 9.226163214233568510e+01
3.000000000000000000e+02 9.592975228739766180e+01
3.010000000000000000e+02 9.971802509061944875e+01
3.020000000000000000e+02 1.036294695905469325e+02
3.030000000000000000e+02 1.076671539519436465e+02
3.040000000000000000e+02 1.118341956618087067e+02
3.050000000000000000e+02 1.161337617157825264e+02
3.060000000000000000e+02 1.205690687948924023e+02
3.070000000000000000e+02 1.251433834325959538e+02
3.080000000000000000e+02 1.298600221720840864e+02
3.090000000000000000e+02 1.347223517138103830e+02
3.100000000000000000e+02 1.397337890532184019e+02
3.110000000000000000e+02 1.448978016086425669e+02
3.120000000000000000e+02 1.502179073393633075e+02
3.130000000000000000e+02 1.556976748538014022e+02
3.140000000000000000e+02 1.613407235078405222e+02
3.150000000000000000e+02 1.671507234932723236e+02
3.160000000000000000e+02 1.731313959163611003e+02
3.170000000000000000e+02 1.792865128665313534e+02
3.180000000000000000e+02 1.856198974751831088e+02
3.190000000000000000e+02 1.921354239646472593e+02
3.200000000000000000e+02 1.988370176872937236e+02
3.210000000000000000e+02 2.057286551548119178e+02
3.220000000000000000e+02 2.128143640576852533e+02
3.230000000000000000e+02 2.200982232748860952e+02
3.240000000000000000e+02 2.275843628738210498e+02
3.250000000000000000e+02 2.352769641005600079e+02
3.260000000000000000e+02 2.431802593603857758e+02
3.270000000000000000e+02 2.512985321887057921e+02
3.280000000000000000e+02 2.596361172123690153e+02
3.290000000000000000e+02 2.681974001014363012e+02
3.300000000000000000e+02 2.769868175114544329e+02
3.310000000000000000e+02 2.860088570162873793e+02
3.320000000000000000e+02 2.952680570315643536e+02
3.330000000000000000e+02 3.047690067288002069e+02
3.340000000000000000e+02 3.145163459402562580e+02
3.350000000000000000e+02 3.245147650546041405e+02
3.360000000000000000e+02 3.347690049034632693e+02
3.370000000000000000e+02 3.452838566388820709e+02
3.380000000000000000e+02 3.560641616018391460e+02
3.390000000000000000e+02 3.671148111818394000e+02
3.400000000000000000e+02 3.784407466676847775e+02
3.410000000000000000e+02 3.900469590895025931e+02
3.420000000000000000e+02 4.019384890521138232e+02
3.430000000000000000e+02 4.141204265598286156e+02
3.440000000000000000e+02 4.265979108327577478e+02
3.450000000000000000e+02 4.393761301147297900e+02
3.460000000000000000e+02 4.524603214729073670e+02
3.470000000000000000e+02 4.658557705891967089e+02
3.480000000000000000e+02 4.795678115435472932e+02
3.490000000000000000e+02 4.936018265892397494e+02
3.500000000000000000e+02 5.079632459202615564e+02
3.510000000000000000e+02 5.226575474308729099e+02
3.520000000000000000e+02 5.376902564674655878e+02
3.530000000000000000e+02 5.530669455728198045e+02
3.540000000000000000e+02 5.687932342228644984e+02
3.550000000000000000e+02 5.848747885560494524e+02
3.560000000000000000e+02 6.013173210954380465e+02
3.570000000000000000e+02 6.181265904636293271e+02
3.580000000000000000e+02 6.353084010906226240e+02
3.590000000000000000e+02 6.528686029147349927e+02
3.600000000000000000e+02 6.708130910766861916e+02
3.610000000000000000e+02 6.891478056069646527e+02
3.620000000000000000e+02 7.078787311065894983e+02
3.630000000000000000e+02 7.270118964213849040e+02
3.640000000000000000e+02 7.465533743098837931e+02
3.650000000000000000e+02 7.665092811049765942e+02
3.660000000000000000e+02 7.868857763694245477e+02
3.670000000000000000e+02 8.076890625453564780e+02
3.680000000000000000e+02 8.289253845978662412e+02
3.690000000000000000e+02 8.506010296528315848e+02
3.700000000000000000e+02 8.727223266290748143e+02
3.710000000000000000e+02 8.952956458649828164e+02
3.720000000000000000e+02 9.183273987397121800e+02
3.730000000000000000e+02 9.418240372890936669e+02
3.740000000000000000e+02 9.657920538163609763e+02
3.750000000000000000e+02 9.902379804978263564e+02
3.760000000000000000e+02 1.015168388983617206e+03
3.770000000000000000e+02 1.040589889993603947e+03
3.780000000000000000e+02 1.066509132908632409e+03
3.790000000000000000e+02 1.092932805357186908e+03
3.800000000000000000e+02 1.119867632797601800e+03
3.810000000000000000e+02 1.147320378095943852e+03
3.820000000000000000e+02 1.175297841099686138e+03
3.830000000000000000e+02 1.203806858207291498e+03
3.840000000000000000e+02 1.232854301933828538e+03
3.850000000000000000e+02 1.262447080472737980e+03
3.860000000000000000e+02 1.292592137253868032e+03
3.870000000000000000e+02 1.323296450497901333e+03
3.880000000000000000e+02 1.354567032767284218e+03
3.890000000000000000e+02 1.386410930513785843e+03
3.900000000000000000e+02 1.418835223622797457e+03
3.910000000000000000e+02 1.451847024954491189e+03
3.920000000000000000e+02 1.485453479881953626e+03
3.930000000000000000e+02 1.519661765826411283e+03
3.940000000000000000e+02 1.554479091789662107e+03
3.950000000000000000e+02 1.589912697883825331e+03
3.960000000000000000e+02 1.625969854858527924e+03
3.970000000000000000e+02 1.662657863625634491e+03
3.980000000000000000e+02 1.699984054781637042e+03
3.990000000000000000e+02 1.737955788127814685e+03
4.000000000000000000e+02 1.776580452188271011e+03
4.010000000000000000e+02 1.815865463725964219e+03
4.020000000000000000e+02 1.855818267256832769e+03
4.030000000000000000e+02 1.896446334562127504e+03
4.040000000000000000e+02 1.937757164199056660e+03
4.050000000000000000e+02 1.979758281009849725e+03
4.060000000000000000e+02 2.022457235629342449e+03
4.070000000000000000e+02 2.065861603991192624e+03
4.080000000000000000e+02 2.109978986832825285e+03
4.090000000000000000e+02 2.154817009199204676e+03
4.100000000000000000e+02 2.200383319945549829e+03
4.110000000000000000e+02 2.246685591239071982e+03
4.120000000000000000e+02 2.293731518059852533e+03
4.130000000000000000e+02 2.341528817700944728e+03
4.140000000000000000e+02 2.390085229267804152e+03
4.150000000000000000e+02 2.439408513177138047e+03
4.160000000000000000e+02 2.489506450655276694e+03
4.170000000000000000e+02 2.540386843236144159e+03
4.180000000000000000e+02 2.592057512258939823e+03
4.190000000000000000e+02 2.644526298365609364e+03
4.200000000000000000e+02 2.697801060998191133e+03
4.210000000000000000e+02 2.751889677896145258e+03
4.220000000000000000e+02 2.806800044593731400e+03
4.230000000000000000e+02 2.862540073917534755e+03
4.240000000000000000e+02 2.919117695484223077e+03
4.250000000000000000e+02 2.976540855198614736e+03
4.260000000000000000e+02 3.034817514752143325e+03
4.270000000000000000e+02 3.093955651121802930e+03
4.280000000000000000e+02 3.153963256069649105e+03
4.290000000000000000e+02 3.214848335642935126e+03
4.300000000000000000e+02 3.276618909674973565e+03
4.310000000000000000e+02 3.339283011286773217e+03
4.320000000000000000e+02 3.402848686389561408e+03
4.330000000000000000e+02 3.467323993188233544e+03
4.340000000000000000e+02 3.532717001685825835e+03
4.350000000000000000e+02 3.599035793189072592e+03
4.360000000000000000e+02 3.666288459815118586e+03
4.370000000000000000e+02 3.734483103999458763e+03
4.380000000000000000e+02 3.803627838005179001e+03
4.390000000000000000e+02 3.873730783433547003e+03
4.400000000000000000e+02 3.944800070736037924e+03
4.410000000000000000e+02 4.016843838727853836e+03
4.420000000000000000e+02 4.089870234102991162e+03
4.430000000000000000e+02 4.163887410950934282e+03
4.440000000000000000e+02 4.238903530275019875e+03
4.450000000000000000e+02 4.314926759512540229e+03
4.460000000000000000e+02 4.391965272056650974e+03
4.470000000000000000e+02 4.470027246780120549e+03
4.480000000000000000e+02 4.549120867561001432e+03
4.490000000000000000e+02 4.629254322810257690e+03
4.500000000000000000e+02 4.710435805001415247e+03
4.510000000000000000e+02 4.792673510202280340e+03
4.520000000000000000e+02 4.875975637608789839e+03
4.530000000000000000e+02 4.960350389081017056e+03
4.540000000000000000e+02 5.045805968681426748e+03
4.550000000000000000e+02 5.132350582215367467e+03
4.560000000000000000e+02 5.219992436773909503e+03
4.570000000000000000e+02 5.308739740279032048e+03
4.580000000000000000e+02 5.398600701031216886e+03
4.590000000000000000e+02 5.489583527259503171e+03
4.600000000000000000e+02 5.581696426674022405e+03
4.610000000000000000e+02 5.674947606021079991e+03
4.620000000000000000e+02 5.769345270640806120e+03
4.630000000000000000e+02 5.864897624027416896e+03
4.640000000000000000e+02 5.961612867392142107e+03
4.650000000000000000e+02 6.059499199228825091e+03
4.660000000000000000e+02 6.158564814882254723e+03
4.670000000000000000e+02 6.258817906119267718e+03
4.680000000000000000e+02 6.360266660702627632e+03
4.690000000000000000e+02 6.462919261967738748e+03
4.700000000000000000e+02 6.566783888402226694e+03
4.710000000000000000e+02 6.671868713228395791e+03
4.720000000000000000e+02 6.778181903988608610e+03
4.730000000000000000e+02 6.885731622133625933e+03
4.740000000000000000e+02 6.994526022613905297e+03
4.750000000000000000e+02 7.104573253473916338e+03
4.760000000000000000e+02 7.215881455449482019e+03
4.770000000000000000e+02 7.328458761568165755e+03
4.780000000000000000e+02 7.442313296752749920e+03
4.790000000000000000e+02 7.557453177427810260e+03
4.800000000000000000e+02 7.673886511129412611e+03
4.810000000000000000e+02 7.791621396117958284e+03
4.820000000000000000e+02 7.910665920994184489e+03
4.830000000000000000e+02 8.031028164318376184e+03
4.840000000000000000e+02 8.152716194232747512e+03
4.850000000000000000e+02 8.275738068087070133e+03
4.860000000000000000e+02 8.400101832067543000e+03
4.870000000000000000e+02 8.525815520828889930e+03
4.880000000000000000e+02 8.652887157129751358e+03
4.890000000000000000e+02 8.781324751471365744e+03
4.900000000000000000e+02 8.911136301739528790e+03
4.910000000000000000e+02 9.042329792849879595e+03
4.920000000000000000e+02 9.174913196396508283e+03
4.930000000000000000e+02 9.308894470303890557e+03
4.940000000000000000e+02 9.444281558482191031e+03
4.950000000000000000e+02 9.581082390485895303e+03
4.960000000000000000e+02 9.719304881175823539e+03
4.970000000000000000e+02 9.858956930384516454e+03
4.980000000000000000e+02 1.000004642258499553e+04
4.990000000000000000e+02 1.014258122656292471e+04
5.000000000000000000e+02 1.028656919509215550e+04
5.010000000000000000e+02 1.043201816461367707e+04
5.020000000000000000e+02 1.057893595491796805e+04
5.030000000000000000e+02 1.072733036883077511e+04
5.040000000000000000e+02 1.087720919190227505e+04
5.050000000000000000e+02 1.102858019209968188e+04
5.060000000000000000e+02 1.118145111950326100e+04
5.070000000000000000e+02 1.133582970600576664e+04
5.080000000000000000e+02 1.149172366501528813e+04
5.090000000000000000e+02 1.164914069116155406e+04
5.100000000000000000e+02 1.180808846000560879e+04
5.110000000000000000e+02 1.196857462775296517e+04
5.120000000000000000e+02 1.213060683097013680e+04
5.130000000000000000e+02 1.229419268630459919e+04
5.140000000000000000e+02 1.245933979020819606e+04
5.150000000000000000e+02 1.262605571866391620e+04
5.160000000000000000e+02 1.279434802691611549e+04
5.170000000000000000e+02 1.296422424920412413e+04
5.180000000000000000e+02 1.313569189849928443e+04
5.190000000000000000e+02 1.330875846624534461e+04
5.200000000000000000e+02 1.348343142210229053e+04
5.210000000000000000e+02 1.365971821369353347e+04
5.220000000000000000e+02 1.383762626635650122e+04
5.230000000000000000e+02 1.401716298289657425e+04
5.240000000000000000e+02 1.419833574334442164e+04
5.250000000000000000e+02 1.438115190471667847e+04
5.260000000000000000e+02 1.456561880077997375e+04
5.270000000000000000e+02 1.475174374181831445e+04
5.280000000000000000e+02 1.493953401440378366e+04
5.290000000000000000e+02 1.512899688117058759e+04
5.300000000000000000e+02 1.532013958059240758e+04
5.310000000000000000e+02 1.551296932676303186e+04
5.320000000000000000e+02 1.570749330918034320e+04
5.330000000000000000e+02 1.590371869253353361e+04
5.340000000000000000e+02 1.610165261649361491e+04
5.350000000000000000e+02 1.630130219550719266e+04
5.360000000000000000e+02 1.650267451859349239e+04
5.370000000000000000e+02 1.670577664914460911e+04
5.380000000000000000e+02 1.691061562472900550e+04
5.390000000000000000e+02 1.711719845689818612e+04
5.400000000000000000e+02 1.732553213099663481e+04
5.410000000000000000e+02 1.753562360597485895e+04
5.420000000000000000e+02 1.774747981420567157e+04
5.430000000000000000e+02 1.796110766130359116e+04
5.440000000000000000e+02 1.817651402594742103e+04
5.450000000000000000e+02 1.839370575970591381e+04
5.460000000000000000e+02 1.861268968686660082e+04
5.470000000000000000e+02 1.883347260426769935e+04
5.480000000000000000e+02 1.905606128113307204e+04
5.490000000000000000e+02 1.928046245891033686e+04
5.500000000000000000e+02 1.950668285111193836e+04
5.510000000000000000e+02 1.973472914315933667e+04
5.520000000000000000e+02 1.996460799223015420e+04
5.530000000000000000e+02 2.019632602710837818e+04
5.540000000000000000e+02 2.042988984803751373e+04
5.550000000000000000e+02 2.066530602657674899e+04
5.560000000000000000e+02 2.090258110546002354e+04
5.570000000000000000e+02 2.114172159845810165e+04
5.580000000000000000e+02 2.138273399024348328e+04
5.590000000000000000e+02 2.162562473625830899e+04
5.600000000000000000e+02 2.187040026258508806e+04
5.610000000000000000e+02 2.211706696582029690e+04
5.620000000000000000e+02 2.236563121295087694e+04
5.630000000000000000e+02 2.261609934123350104e+04
5.640000000000000000e+02 2.286847765807669930e+04
5.650000000000000000e+02 2.312277244092577166e+04
5.660000000000000000e+02 2.337898993715044344e+04
5.670000000000000000e+02 2.363713636393533670e+04
5.680000000000000000e+02 2.389721790817312285e+04
5.690000000000000000e+02 2.415924072636045457e+04
5.700000000000000000e+02 2.442321094449653901e+04
5.710000000000000000e+02 2.468913465798443212e+04
5.720000000000000000e+02 2.495701793153500330e+04
5.730000000000000000e+02 2.522686679907349753e+04
5.740000000000000000e+02 2.549868726364877875e+04
5.750000000000000000e+02 2.577248529734514523e+04
5.760000000000000000e+02 2.604826684119673155e+04
5.770000000000000000e+02 2.632603780510448996e+04
5.780000000000000000e+02 2.660580406775571100e+04
5.790000000000000000e+02 2.688757147654606888e+04
5.800000000000000000e+02 2.717134584750419162e+04
5.810000000000000000e+02 2.745713296521867596e+04
5.820000000000000000e+02 2.774493858276763058e+04
5.830000000000000000e+02 2.803476842165060953e+04
5.840000000000000000e+02 2.832662817172302675e+04
5.850000000000000000e+02 2.862052349113289529e+04
5.860000000000000000e+02 2.891646000626008754e+04
5.870000000000000000e+02 2.921444331165781841e+04
5.880000000000000000e+02 2.951447896999656950e+04
5.890000000000000000e+02 2.981657251201031249e+04
5.900000000000000000e+02 3.012072943644504267e+04
5.910000000000000000e+02 3.042695521000957524e+04
5.920000000000000000e+02 3.073525526732868457e+04
5.930000000000000000e+02 3.104563501089836063e+04
5.940000000000000000e+02 3.135809981104344479e+04
5.950000000000000000e+02 3.167265500587734277e+04
5.960000000000000000e+02 3.198930590126400057e+04
5.970000000000000000e+02 3.230805777078202300e+04
5.980000000000000000e+02 3.262891585569093149e+04
5.990000000000000000e+02 3.295188536489955732e+04
6.000000000000000000e+02 3.327697147493655939e+04
6.010000000000000000e+02 3.360417932992297574e+04
6.020000000000000000e+02 3.393351404154689226e+04
6.030000000000000000e+02 3.426498068904012325e+04
6.040000000000000000e+02 3.459858431915696565e+04
6.050000000000000000e+02 3.493432994615490315e+04
6.060000000000000000e+02 3.527222255177730403e+04
6.070000000000000000e+02 3.561226708523813431e+04
6.080000000000000000e+02 3.595446846320856275e+04
6.090000000000000000e+02 3.629883156980552303e+04
6.100000000000000000e+02 3.664536125658216770e+04
6.110000000000000000e+02 3.699406234252020658e+04
6.120000000000000000e+02 3.734493961402412970e+04
6.130000000000000000e+02 3.769799782491729275e+04
6.140000000000000000e+02 3.805324169643974892e+04
6.150000000000000000e+02 3.841067591724800150e+04
6.160000000000000000e+02 3.877030514341644448e+04
6.170000000000000000e+02 3.913213399844066589e+04
6.180000000000000000e+02 3.949616707324241725e+04
6.190000000000000000e+02 3.986240892617636564e+04
6.200000000000000000e+02 4.023086408303854114e+04
6.210000000000000000e+02 4.060153703707650129e+04
6.220000000000000000e+02 4.097443224900109635e+04
6.230000000000000000e+02 4.134955414699998801e+04
6.240000000000000000e+02 4.172690712675274699e+04
6.250000000000000000e+02 4.210649555144752958e+04
6.260000000000000000e+02 4.248832375179950031e+04
6.270000000000000000e+02 4.287239602607059351e+04
6.280000000000000000e+02 4.325871664009112283e+04
6.290000000000000000e+02 4.364728982728265692e+04
6.300000000000000000e+02 4.403811978868264123e+04
6.310000000000000000e+02 4.443121069297035865e+04
6.320000000000000000e+02 4.482656667649452720e+04
6.330000000000000000e+02 4.522419184330217831e+04
6.340000000000000000e+02 4.562409026516923768e+04
6.350000000000000000e+02 4.602626598163226299e+04
6.360000000000000000e+02 4.643072300002180418e+04
6.370000000000000000e+02 4.683746529549709521e+04
6.380000000000000000e+02 4.724649681108203367e+04
6.390000000000000000e+02 4.765782145770273928e+04
6.400000000000000000e+02 4.807144311422618193e+04
6.410000000000000000e+02 4.848736562750037410e+04
6.420000000000000000e+02 4.890559281239574193e+04
6.430000000000000000e+02 4.932612845184778416e+04
6.440000000000000000e+02 4.974897629690110625e+04
6.450000000000000000e+02 5.017414006675461133e+04
6.460000000000000000e+02 5.060162344880793535e+04
6.470000000000000000e+02 5.103143009870920650e+04
6.480000000000000000e+02 5.146356364040391782e+04
6.490000000000000000e+02 5.189802766618496389e+04
6.500000000000000000e+02 5.233482573674398009e+04
6.510000000000000000e+02 5.277396138122369302e+04
6.520000000000000000e+02 5.321543809727152984e+04
6.530000000000000000e+02 5.365925935109423881e+04
6.540000000000000000e+02 5.410542857751375413e+04
6.550000000000000000e+02 5.455394918002403574e+04
6.560000000000000000e+02 5.500482453084901499e+04
6.570000000000000000e+02 5.545805797100163181e+04
6.580000000000000000e+02 5.591365281034389773e+04
6.590000000000000000e+02 5.637161232764798478e+04
6.600000000000000000e+02 5.683193977065834770e+04
6.610000000000000000e+02 5.729463835615474818e+04
6.620000000000000000e+02 5.775971127001644345e+04
6.630000000000000000e+02 5.822716166728718963e+04
6.640000000000000000e+02 5.869699267224122013e+04
6.650000000000000000e+02 5.916920737845023541e+04
6.660000000000000000e+02 5.964380884885122214e+04
6.670000000000000000e+02 6.012080011581526196e+04
6.680000000000000000e+02 6.060018418121714785e+04
6.690000000000000000e+02 6.108196401650598273e+04
6.700000000000000000e+02 6.156614256277652748e+04
6.710000000000000000e+02 6.205272273084148037e+04
6.720000000000000000e+02 6.254170740130458580e+04
6.730000000000000000e+02 6.303309942463448533e+04
6.740000000000000000e+02 6.352690162123949267e+04
6.750000000000000000e+02 6.402311678154309629e+04
6.760000000000000000e+02 6.452174766606018238e+04
6.770000000000000000e+02 6.502279700547418906e+04
6.780000000000000000e+02 6.552626750071482820e+04
6.790000000000000000e+02 6.603216182303668757e+04
6.800000000000000000e+02 6.654048261409845145e+04
6.810000000000000000e+02 6.705123248604293622e+04
6.820000000000000000e+02 6.756441402157771518e+04
6.830000000000000000e+02 6.808002977405648562e+04
6.840000000000000000e+02 6.859808226756121439e+04
6.850000000000000000e+02 6.911857399698463269e+04
6.860000000000000000e+02 6.964150742811382224e+04
6.870000000000000000e+02 7.016688499771399074e+04
6.880000000000000000e+02 7.069470911361314938e+04
6.890000000000000000e+02 7.122498215478743077e+04
6.900000000000000000e+02 7.175770647144669783e+04
6.910000000000000000e+02 7.229288438512108405e+04
6.920000000000000000e+02 7.283051818874791206e+04
6.930000000000000000e+02 7.337061014675922343e+04
6.940000000000000000e+02 7.391316249516986136e+04
6.950000000000000000e+02 7.445817744166613556e+04
6.960000000000000000e+02 7.500565716569485085e+04
6.970000000000000000e+02 7.555560381855307787e+04
6.980000000000000000e+02 7.610801952347824408e+04
6.990000000000000000e+02 7.666290637573883578e+04
7.000000000000000000e+02 7.722026644272547856e+04
7.010000000000000000e+02 7.778010176404259983e+04
7.020000000000000000e+02 7.834241435160044057e+04
7.030000000000000000e+02 7.890720618970759097e+04
7.040000000000000000e+02 7.947447923516391893e+04
7.050000000000000000e+02 8.004423541735399340e+04
7.060000000000000000e+02 8.061647663834078412e+04
7.070000000000000000e+02 8.119120477295994351e+04
7.080000000000000000e+02 8.176842166891432134e+04
7.090000000000000000e+02 8.234812914686903241e+04
7.100000000000000000e+02 8.293032900054671336e+04
7.110000000000000000e+02 8.351502299682324519e+04
7.120000000000000000e+02 8.410221287582389778e+04
7.130000000000000000e+02 8.469190035101969261e+04
7.140000000000000000e+02 8.528408710932405666e+04
7.150000000000000000e+02 8.587877481119010190e+04
7.160000000000000000e+02 8.647596509070784668e+04
7.170000000000000000e+02 8.707565955570194637e+04
7.180000000000000000e+02 8.767785978782971506e+04
7.190000000000000000e+02 8.828256734267939464e+04
7.200000000000000000e+02 8.888978374986868585e+04
7.210000000000000000e+02 8.949951051314364304e+04
7.220000000000000000e+02 9.011174911047768546e+04
7.230000000000000000e+02 9.072650099417089950e+04
7.240000000000000000e+02 9.134376759094977751e+04
7.250000000000000000e+02 9.196355030206695665e+04
7.260000000000000000e+02 9.258585050340114685e+04
7.270000000000000000e+02 9.321066954555756820e+04
7.280000000000000000e+02 9.383800875396831543e+04
7.290000000000000000e+02 9.446786942899305723e+04
7.300000000000000000e+02 9.510025284601988096e+04
7.310000000000000000e+02 9.573516025556632667e+04
7.320000000000000000e+02 9.637259288338068291e+04
7.330000000000000000e+02 9.701255193054323900e+04
7.340000000000000000e+02 9.765503857356798835e+04
7.350000000000000000e+02 9.830005396450418630e+04
7.360000000000000000e+02 9.894759923103832989e+04
7.370000000000000000e+02 9.959767547659602133e+04
7.380000000000000000e+02 1.002502837804441515e+05
7.390000000000000000e+02 1.009054251977931126e+05
7.400000000000000000e+02 1.015631007598991564e+05
7.410000000000000000e+02 1.022233114741668978e+05
7.420000000000000000e+02 1.028860583242516877e+05
7.430000000000000000e+02 1.035513422701625677e+05
7.440000000000000000e+02 1.042191642483647593e+05
7.450000000000000000e+02 1.048895251718825602e+05
7.460000000000000000e+02 1.055624259304022708e+05
7.470000000000000000e+02 1.062378673903750896e+05
7.480000000000000000e+02 1.069158503951202438e+05
7.490000000000000000e+02 1.075963757649279287e+05
7.500000000000000000e+02 1.082794442971624230e+05
7.510000000000000000e+02 1.089650567663654219e+05
7.520000000000000000e+02 1.096532139243590354e+05
7.530000000000000000e+02 1.103439165003490634e+05
7.540000000000000000e+02 1.110371652010283433e+05
7.550000000000000000e+02 1.117329607106797921e+05
7.560000000000000000e+02 1.124313036912798998e+05
7.570000000000000000e+02 1.131321947826018732e+05
7.580000000000000000e+02 1.138356346023188380e+05
7.590000000000000000e+02 1.145416237461072888e+05
7.600000000000000000e+02 1.152501627877501887e+05
7.610000000000000000e+02 1.159612522792402015e+05
7.620000000000000000e+02 1.166748927508829511e+05
7.630000000000000000e+02 1.173910847114001517e+05
7.640000000000000000e+02 1.181098286480327806e+05
7.650000000000000000e+02 1.188311250266440911e+05
7.660000000000000000e+02 1.195549742918227275e+05
7.670000000000000000e+02 1.202813768669857236e+05
7.680000000000000000e+02 1.210103331544813118e+05
7.690000000000000000e+02 1.217418435356920963e+05
7.700000000000000000e+02 1.224759083711374988e+05
7.710000000000000000e+02 1.232125280005767127e+05
7.720000000000000000e+02 1.239517027431113529e+05
7.730000000000000000e+02 1.246934328972879739e+05
7.740000000000000000e+02 1.254377187412005733e+05
7.750000000000000000e+02 1.261845605325929937e+05
7.760000000000000000e+02 1.269339585089613101e+05
7.770000000000000000e+02 1.276859128876559262e+05
7.780000000000000000e+02 1.284404238659837574e+05
7.790000000000000000e+02 1.291974916213101533e+05
7.800000000000000000e+02 1.299571163111609058e+05
7.810000000000000000e+02 1.307192980733238219e+05
7.820000000000000000e+02 1.314840370259505289e+05
7.830000000000000000e+02 1.322513332676579594e+05
7.840000000000000000e+02 1.330211868776298361e+05
7.850000000000000000e+02 1.337935979157175170e+05
7.860000000000000000e+02 1.345685664225417422e+05
7.870000000000000000e+02 1.353460924195930711e+05
7.880000000000000000e+02 1.361261759093331057e+05
7.890000000000000000e+02 1.369088168752948404e+05
7.900000000000000000e+02 1.376940152821834781e+05
7.910000000000000000e+02 1.384817710759766633e+05
7.920000000000000000e+02 1.392720841840246867e+05
7.930000000000000000e+02 1.400649545151506027e+05
7.940000000000000000e+02 1.408603819597501133e+05
7.950000000000000000e+02 1.416583663898912491e+05
7.960000000000000000e+02 1.424589076594139042e+05
7.970000000000000000e+02 1.432620056040292839e+05
7.980000000000000000e+02 1.440676600414189743e+05
7.990000000000000000e+02 1.448758707713341573e+05
8.000000000000000000e+02 1.456866375756940688e+05
8.010000000000000000e+02 1.464999602186850680e+05
8.020000000000000000e+02 1.473158384468587465e+05
8.030000000000000000e+02 1.481342719892302121e+05
8.040000000000000000e+02 1.489552605573763722e+05
8.050000000000000000e+02 1.497788038455334608e+05
8.060000000000000000e+02 1.506049015306949150e+05
8.070000000000000000e+02 1.514335532727087848e+05
8.080000000000000000e+02 1.522647587143746496e+05
8.090000000000000000e+02 1.530985174815411156e+05
8.100000000000000000e+02 1.539348291832022660e+05
8.110000000000000000e+02 1.547736934115943441e+05
8.120000000000000000e+02 1.556151097422922030e+05
8.130000000000000000e+02 1.564590777343052614e+05
8.140000000000000000e+02 1.573055969301735749e+05
8.150000000000000000e+02 1.581546668560635007e+05
8.160000000000000000e+02 1.590062870218629541e+05
8.170000000000000000e+02 1.598604569212770439e+05
8.180000000000000000e+02 1.607171760319226887e+05
8.190000000000000000e+02 1.615764438154234667e+05
8.200000000000000000e+02 1.624382597175042902e+05
8.210000000000000000e+02 1.633026231680855271e+05
8.220000000000000000e+02 1.641695335813771235e+05
8.230000000000000000e+02 1.650389903559722006e+05
8.240000000000000000e+02 1.659109928749409737e+05
8.250000000000000000e+02 1.667855405059236218e+05
8.260000000000000000e+02 1.676626326012237114e+05
8.270000000000000000e+02 1.685422684979006881e+05
8.280000000000000000e+02 1.694244475178627181e+05
8.290000000000000000e+02 1.703091689679585397e+05
8.300000000000000000e+02 1.711964321400700719e+05
8.310000000000000000e+02 1.720862363112036255e+05
8.320000000000000000e+02 1.729785807435816969e+05
8.330000000000000000e+02 1.738734646847342956e+05
8.340000000000000000e+02 1.747708873675896612e+05
8.350000000000000000e+02 1.756708480105651543e+05
8.360000000000000000e+02 1.765733458176576532e+05
8.370000000000000000e+02 1.774783799785337760e+05
8.380000000000000000e+02 1.783859496686196944e+05
8.390000000000000000e+02 1.792960540491909487e+05
8.400000000000000000e+02 1.802086922674615344e+05
8.410000000000000000e+02 1.811238634566733090e+05
8.420000000000000000e+02 1.820415667361844680e+05
8.430000000000000000e+02 1.829618012115585152e+05
8.440000000000000000e+02 1.838845659746520687e+05
8.450000000000000000e+02 1.848098601037031040e+05
8.460000000000000000e+02 1.857376826634186436e+05
8.470000000000000000e+02 1.866680327050620399e+05
8.480000000000000000e+02 1.876009092665402568e+05
8.490000000000000000e+02 1.885363113724906580e+05
8.500000000000000000e+02 1.894742380343675322e+05
8.510000000000000000e+02 1.904146882505285030e+05
8.520000000000000000e+02 1.913576610063203843e+05
8.530000000000000000e+02 1.923031552741649211e+05
8.540000000000000000e+02 1.932511700136442669e+05
8.550000000000000000e+02 1.942017041715860832e+05
8.560000000000000000e+02 1.951547566821482615e+05
8.570000000000000000e+02 1.961103264669037890e+05
8.580000000000000000e+02 1.970684124349245103e+05
8.590000000000000000e+02 1.980290134828656446e+05
8.600000000000000000e+02 1.989921284950489062e+05
8.610000000000000000e+02 1.999577563435463817e+05
8.620000000000000000e+02 2.009258958882631850e+05
8.630000000000000000e+02 2.018965459770205198e+05
8.640000000000000000e+02 2.028697054456381011e+05
8.650000000000000000e+02 2.038453731180162576e+05
8.660000000000000000e+02 2.048235478062178008e+05
8.670000000000000000e+02 2.058042283105499228e+05
8.680000000000000000e+02 2.067874134196449886e+05
8.690000000000000000e+02 2.077731019105420564e+05
8.700000000000000000e+02 2.087612925487671164e+05
8.710000000000000000e+02 2.097519840884137957e+05
8.720000000000000000e+02 2.107451752722233359e+05
8.730000000000000000e+02 2.117408648316643666e+05
8.740000000000000000e+02 2.127390514870125044e+05
8.750000000000000000e+02 2.137397339474293694e+05
8.760000000000000000e+02 2.147429109110416321e+05
8.770000000000000000e+02 2.157485810650194180e+05
8.780000000000000000e+02 2.167567430856549181e+05
8.790000000000000000e+02 2.177673956384399789e+05
8.800000000000000000e+02 2.187805373781440139e+05
8.810000000000000000e+02 2.197961669488913030e+05
8.820000000000000000e+02 2.208142829842380597e+05
8.830000000000000000e+02 2.218348841072492651e+05
8.840000000000000000e+02 2.228579689305750653e+05
8.850000000000000000e+02 2.238835360565268202e+05
8.860000000000000000e+02 2.249115840771532094e+05
8.870000000000000000e+02 2.259421115743155242e+05
8.880000000000000000e+02 2.269751171197630756e+05
8.890000000000000000e+02 2.280105992752080783e+05
8.900000000000000000e+02 2.290485565924002149e+05
8.910000000000000000e+02 2.300889876132011123e+05
8.920000000000000000e+02 2.311318908696582075e+05
8.930000000000000000e+02 2.321772648840785550e+05
8.940000000000000000e+02 2.332251081691022264e+05
8.950000000000000000e+02 2.342754192277752736e+05
8.960000000000000000e+02 2.353281965536229545e+05
8.970000000000000000e+02 2.363834386307215318e+05
8.980000000000000000e+02 2.374411439337712363e+05
8.990000000000000000e+02 2.385013109281676007e+05
9.000000000000000000e+02 2.395639380700731999e+05
9.010000000000000000e+02 2.406290238064890145e+05
9.020000000000000000e+02 2.416965665753253270e+05
9.030000000000000000e+02 2.427665648054724734e+05
9.040000000000000000e+02 2.438390169168709544e+05
9.050000000000000000e+02 2.449139213205819251e+05
9.060000000000000000e+02 2.459912764188564615e+05
9.070000000000000000e+02 2.470710806052054686e+05
9.080000000000000000e+02 2.481533322644684813e+05
9.090000000000000000e+02 2.492380297728827572e+05
9.100000000000000000e+02 2.503251714981516416e+05
9.110000000000000000e+02 2.514147557995129027e+05
9.120000000000000000e+02 2.525067810278066609e+05
9.130000000000000000e+02 2.536012455255430832e+05
9.140000000000000000e+02 2.546981476269694977e+05
9.150000000000000000e+02 2.557974856581377680e+05
9.160000000000000000e+02 2.568992579369707964e+05
9.170000000000000000e+02 2.580034627733289381e+05
9.180000000000000000e+02 2.591100984690762707e+05
9.190000000000000000e+02 2.602191633181463403e+05
9.200000000000000000e+02 2.613306556066077901e+05
9.210000000000000000e+02 2.624445736127293785e+05
9.220000000000000000e+02 2.635609156070451718e+05
9.230000000000000000e+02 2.646796798524191254e+05
9.240000000000000000e+02 2.658008646041093161e+05
9.250000000000000000e+02 2.669244681098319124e+05
9.260000000000000000e+02 2.680504886098252609e+05
9.270000000000000000e+02 2.691789243369130418e+05
9.280000000000000000e+02 2.703097735165674821e+05
9.290000000000000000e+02 2.714430343669723370e+05
9.300000000000000000e+02 2.725787050990852294e+05
9.310000000000000000e+02 2.737167839167001657e+05
9.320000000000000000e+02 2.748572690165092354e+05
9.330000000000000000e+02 2.760001585881646606e+05
9.340000000000000000e+02 2.771454508143397979e+05
9.350000000000000000e+02 2.782931438707906636e+05
9.360000000000000000e+02 2.794432359264160623e+05
9.370000000000000000e+02 2.805957251433188794e+05
9.380000000000000000e+02 2.817506096768659772e+05
9.390000000000000000e+02 2.829078876757477992e+05
9.400000000000000000e+02 2.840675572820385569e+05
9.410000000000000000e+02 2.852296166312553105e+05
9.420000000000000000e+02 2.863940638524169917e+05
9.430000000000000000e+02 2.875608970681033097e+05
9.440000000000000000e+02 2.887301143945131917e+05
9.450000000000000000e+02 2.899017139415229904e+05
9.460000000000000000e+02 2.910756938127442845e+05
9.470000000000000000e+02 2.922520521055819117e+05
9.480000000000000000e+02 2.934307869112907792e+05
9.490000000000000000e+02 2.946118963150331983e+05
9.500000000000000000e+02 2.957953783959356952e+05
9.510000000000000000e+02 2.969812312271455303e+05
9.520000000000000000e+02 2.981694528758868109e+05
9.530000000000000000e+02 2.993600414035165450e+05
9.540000000000000000e+02 3.005529948655798798e+05
9.550000000000000000e+02 3.017483113118662150e+05
9.560000000000000000e+02 3.029459887864638004e+05
9.570000000000000000e+02 3.041460253278145101e+05
9.580000000000000000e+02 3.053484189687687322e+05
9.590000000000000000e+02 3.065531677366391523e+05
9.600000000000000000e+02 3.077602696532554110e+05
9.610000000000000000e+02 3.089697227350170142e+05
9.620000000000000000e+02 3.101815249929474667e+05
9.630000000000000000e+02 3.113956744327470078e+05
9.640000000000000000e+02 3.126121690548456390e+05
9.650000000000000000e+02 3.138310068544558017e+05
9.660000000000000000e+02 3.150521858216245892e+05
9.670000000000000000e+02 3.162757039412859594e+05
9.680000000000000000e+02 3.175015591933123651e+05
9.690000000000000000e+02 3.187297495525665581e+05
9.700000000000000000e+02 3.199602729889525217e+05
9.710000000000000000e+02 3.211931274674666929e+05
9.720000000000000000e+02 3.224283109482487198e+05
9.730000000000000000e+02 3.236658213866316946e+05
9.740000000000000000e+02 3.249056567331925035e+05
9.750000000000000000e+02 3.261478149338018848e+05
9.760000000000000000e+02 3.273922939296738477e+05
9.770000000000000000e+02 3.286390916574152652e+05
9.780000000000000000e+02 3.298882060490747681e+05
9.790000000000000000e+02 3.311396350321921054e+05
9.800000000000000000e+02 3.323933765298462240e+05
9.810000000000000000e+02 3.336494284607038135e+05
9.820000000000000000e+02 3.349077887390677352e+05
9.830000000000000000e+02 3.361684552749243448e+05
9.840000000000000000e+02 3.374314259739913396e+05
9.850000000000000000e+02 3.386966987377651967e+05
9.860000000000000000e+02 3.399642714635680313e+05
9.870000000000000000e+02 3.412341420445945114e+05
9.880000000000000000e+02 3.425063083699583658e+05
9.890000000000000000e+02 3.437807683247388341e+05
9.900000000000000000e+02 3.450575197900264757e+05
9.910000000000000000e+02 3.463365606429691543e+05
9.920000000000000000e+02 3.476178887568177306e+05
9.930000000000000000e+02 3.489015020009709988e+05
9.940000000000000000e+02 3.501873982410209719e+05
9.950000000000000000e+02 3.514755753387977020e+05
9.960000000000000000e+02 3.527660311524137505e+05
9.970000000000000000e+02 3.540587635363085428e+05
9.980000000000000000e+02 3.553537703412924311e+05
9.990000000000000000e+02 3.566510494145905250e+05
