# BB temperature (K); Intensity through filter (ph/s/m^2/mas^2)
1.000000000000000000e+01 0.000000000000000000e+00
1.100000000000000000e+01 0.000000000000000000e+00
1.200000000000000000e+01 0.000000000000000000e+00
1.300000000000000000e+01 0.000000000000000000e+00
1.400000000000000000e+01 0.000000000000000000e+00
1.500000000000000000e+01 0.000000000000000000e+00
1.600000000000000000e+01 0.000000000000000000e+00
1.700000000000000000e+01 0.000000000000000000e+00
1.800000000000000000e+01 0.000000000000000000e+00
1.900000000000000000e+01 0.000000000000000000e+00
2.000000000000000000e+01 0.000000000000000000e+00
2.100000000000000000e+01 1.636389405436658692e-62
2.200000000000000000e+01 1.994290752925395644e-59
2.300000000000000000e+01 1.314709337503722990e-56
2.400000000000000000e+01 5.060801139152128134e-54
2.500000000000000000e+01 1.213054371595500224e-51
2.600000000000000000e+01 1.911875026961543650e-49
2.700000000000000000e+01 2.075460322518569363e-47
2.800000000000000000e+01 1.614853435566472695e-45
2.900000000000000000e+01 9.320231057164040601e-44
3.000000000000000000e+01 4.110777850471581895e-42
3.100000000000000000e+01 1.421969626317857322e-40
3.200000000000000000e+01 3.946265856178112181e-39
3.300000000000000000e+01 8.963559659347245317e-38
3.400000000000000000e+01 1.695992403748198326e-36
3.500000000000000000e+01 2.715158542329280048e-35
3.600000000000000000e+01 3.729250878755296941e-34
3.700000000000000000e+01 4.449182430599366855e-33
3.800000000000000000e+01 4.662119264821837439e-32
3.900000000000000000e+01 4.333621474978202907e-31
4.000000000000000000e+01 3.605552789168608711e-30
4.100000000000000000e+01 2.706801112862767627e-29
4.200000000000000000e+01 1.847060844391451029e-28
4.300000000000000000e+01 1.153262999999936234e-27
4.400000000000000000e+01 6.628547479603969928e-27
4.500000000000000000e+01 3.526463637603943821e-26
4.600000000000000000e+01 1.745309611212714558e-25
4.700000000000000000e+01 8.072599867306273467e-25
4.800000000000000000e+01 3.504226649083702134e-24
4.900000000000000000e+01 1.433143575945727841e-23
5.000000000000000000e+01 5.541824582080931530e-23
5.100000000000000000e+01 2.032858813000785496e-22
5.200000000000000000e+01 7.095278566191693458e-22
5.300000000000000000e+01 2.362962426377568345e-21
5.400000000000000000e+01 7.528296676042908984e-21
5.500000000000000000e+01 2.300037025919553575e-20
5.600000000000000000e+01 6.753708170646820041e-20
5.700000000000000000e+01 1.909951447511381907e-19
5.800000000000000000e+01 5.212139585913259574e-19
5.900000000000000000e+01 1.375015730831321932e-18
6.000000000000000000e+01 3.512605108973723039e-18
6.100000000000000000e+01 8.702925674704802269e-18
6.200000000000000000e+01 2.094381257387934933e-17
6.300000000000000000e+01 4.902306322213800499e-17
6.400000000000000000e+01 1.117536521706303571e-16
6.500000000000000000e+01 2.484090582925339891e-16
6.600000000000000000e+01 5.390307099086671388e-16
6.700000000000000000e+01 1.143053091901549155e-15
6.800000000000000000e+01 2.371183673408559243e-15
6.900000000000000000e+01 4.816411671388170563e-15
7.000000000000000000e+01 9.588082471331088926e-15
7.100000000000000000e+01 1.872224457075880477e-14
7.200000000000000000e+01 3.588805348008117934e-14
7.300000000000000000e+01 6.758286107356151614e-14
7.400000000000000000e+01 1.251206669014628550e-13
7.500000000000000000e+01 2.278882437270569434e-13
7.600000000000000000e+01 4.085961950742377742e-13
7.700000000000000000e+01 7.216239176371569746e-13
7.800000000000000000e+01 1.256096119155187083e-12
7.900000000000000000e+01 2.156098792360676230e-12
8.000000000000000000e+01 3.651529854892523115e-12
8.100000000000000000e+01 6.104595722957147842e-12
8.200000000000000000e+01 1.007905404967652782e-11
8.300000000000000000e+01 1.644214861878289333e-11
8.400000000000000000e+01 2.651301687830772550e-11
8.500000000000000000e+01 4.227646318481262348e-11
8.600000000000000000e+01 6.668773870644694997e-11
8.700000000000000000e+01 1.041027885684085718e-10
8.800000000000000000e+01 1.608798462871625669e-10
8.900000000000000000e+01 2.462129076298185495e-10
9.000000000000000000e+01 3.732762520241092231e-10
9.100000000000000000e+01 5.607826834205115129e-10
9.200000000000000000e+01 8.350875648661754814e-10
9.300000000000000000e+01 1.233007213833600442e-09
9.400000000000000000e+01 1.805565175108190792e-09
9.500000000000000000e+01 2.622934848863249581e-09
9.600000000000000000e+01 3.780913676658729833e-09
9.700000000000000000e+01 5.409344539834566996e-09
9.800000000000000000e+01 7.682996382572391958e-09
9.900000000000000000e+01 1.083553073788099871e-08
1.000000000000000000e+02 1.517731643648820319e-08
1.010000000000000000e+02 2.111801416877620047e-08
1.020000000000000000e+02 2.919503882248972746e-08
1.030000000000000000e+02 4.010922392181998125e-08
1.040000000000000000e+02 5.476926253688162596e-08
1.050000000000000000e+02 7.434678639374220862e-08
1.060000000000000000e+02 1.003442734385080033e-07
1.070000000000000000e+02 1.346783477824755352e-07
1.080000000000000000e+02 1.797814588825716248e-07
1.090000000000000000e+02 2.387254031795243662e-07
1.100000000000000000e+02 3.153706854608702504e-07
1.110000000000000000e+02 4.145463131816340748e-07
1.120000000000000000e+02 5.422652790739354133e-07
1.130000000000000000e+02 7.059817197418466635e-07
1.140000000000000000e+02 9.148965445788717164e-07
1.150000000000000000e+02 1.180319214098580849e-06
1.160000000000000000e+02 1.516094313247564007e-06
1.170000000000000000e+02 1.939102616814422979e-06
1.180000000000000000e+02 2.469847483676589622e-06
1.190000000000000000e+02 3.133138646983980303e-06
1.200000000000000000e+02 3.958886790690760508e-06
1.210000000000000000e+02 4.983023720874177861e-06
1.220000000000000000e+02 6.248564454274544343e-06
1.230000000000000000e+02 7.806829157156394621e-06
1.240000000000000000e+02 9.718844575046516971e-06
1.250000000000000000e+02 1.205694639765257894e-05
1.260000000000000000e+02 1.490660590216444229e-05
1.270000000000000000e+02 1.836850621038195919e-05
1.280000000000000000e+02 2.256089557820679643e-05
1.290000000000000000e+02 2.762224730679635313e-05
1.300000000000000000e+02 3.371425811921951652e-05
1.310000000000000000e+02 4.102521918019049130e-05
1.320000000000000000e+02 4.977379634410911699e-05
1.330000000000000000e+02 6.021325869224025798e-05
1.340000000000000000e+02 7.263619695679508488e-05
1.350000000000000000e+02 8.737977602066496880e-05
1.360000000000000000e+02 1.048315683187210358e-04
1.370000000000000000e+02 1.254360176414731447e-04
1.380000000000000000e+02 1.497015855454730522e-04
1.390000000000000000e+02 1.782086352976592182e-04
1.400000000000000000e+02 2.116181110129126811e-04
1.410000000000000000e+02 2.506810723750915910e-04
1.420000000000000000e+02 2.962491480510223447e-04
1.430000000000000000e+02 3.492859736033804936e-04
1.440000000000000000e+02 4.108796823708635976e-04
1.450000000000000000e+02 4.822565204011593112e-04
1.460000000000000000e+02 5.647956590824527740e-04
1.470000000000000000e+02 6.600452816110354351e-04
1.480000000000000000e+02 7.697400218444725058e-04
1.490000000000000000e+02 8.958198364102670655e-04
1.500000000000000000e+02 1.040450393157745564e-03
1.510000000000000000e+02 1.206045061144849157e-03
1.520000000000000000e+02 1.395288589330770769e-03
1.530000000000000000e+02 1.611162562989433902e-03
1.540000000000000000e+02 1.856972728557417657e-03
1.550000000000000000e+02 2.136378279173394880e-03
1.560000000000000000e+02 2.453423194545111506e-03
1.570000000000000000e+02 2.812569729985713377e-03
1.580000000000000000e+02 3.218734150485426642e-03
1.590000000000000000e+02 3.677324806519821458e-03
1.600000000000000000e+02 4.194282648934838723e-03
1.610000000000000000e+02 4.776124280685424203e-03
1.620000000000000000e+02 5.429987643432948249e-03
1.630000000000000000e+02 6.163680437022036121e-03
1.640000000000000000e+02 6.985731369655336087e-03
1.650000000000000000e+02 7.905444336162061048e-03
1.660000000000000000e+02 8.932955621109624905e-03
1.670000000000000000e+02 1.007929422263589142e-02
1.680000000000000000e+02 1.135644539178062851e-02
1.690000000000000000e+02 1.277741748076887188e-02
1.700000000000000000e+02 1.435631219214582310e-02
1.710000000000000000e+02 1.610839831888373139e-02
1.720000000000000000e+02 1.805018906357816477e-02
1.730000000000000000e+02 2.019952302262578020e-02
1.740000000000000000e+02 2.257564891883205582e-02
1.750000000000000000e+02 2.519931416323903384e-02
1.760000000000000000e+02 2.809285732409408029e-02
1.770000000000000000e+02 3.128030457780694995e-02
1.780000000000000000e+02 3.478747021346870194e-02
1.790000000000000000e+02 3.864206125903943412e-02
1.800000000000000000e+02 4.287378629365878185e-02
1.810000000000000000e+02 4.751446850670126842e-02
1.820000000000000000e+02 5.259816306019447080e-02
1.830000000000000000e+02 5.816127880705323355e-02
1.840000000000000000e+02 6.424270441326083991e-02
1.850000000000000000e+02 7.088393892766337023e-02
1.860000000000000000e+02 7.812922683844092386e-02
1.870000000000000000e+02 8.602569765059184248e-02
1.880000000000000000e+02 9.462351001391984540e-02
1.890000000000000000e+02 1.039760004260650295e-01
1.900000000000000000e+02 1.141398365300707041e-01
1.910000000000000000e+02 1.251751750208459080e-01
1.920000000000000000e+02 1.371458241696756342e-01
1.930000000000000000e+02 1.501194109706582291e-01
1.940000000000000000e+02 1.641675529076226936e-01
1.950000000000000000e+02 1.793660343347095454e-01
1.960000000000000000e+02 1.957949874583967409e-01
1.970000000000000000e+02 2.135390779033284336e-01
1.980000000000000000e+02 2.326876948388665323e-01
1.990000000000000000e+02 2.533351456378523103e-01
2.000000000000000000e+02 2.755808550336338314e-01
2.010000000000000000e+02 2.995295687360078896e-01
2.020000000000000000e+02 3.252915614613468009e-01
2.030000000000000000e+02 3.529828493268369893e-01
2.040000000000000000e+02 3.827254065534675398e-01
2.050000000000000000e+02 4.146473864171656976e-01
2.060000000000000000e+02 4.488833463823138636e-01
2.070000000000000000e+02 4.855744773467840503e-01
2.080000000000000000e+02 5.248688369226132133e-01
2.090000000000000000e+02 5.669215866715267005e-01
2.100000000000000000e+02 6.118952332096944113e-01
2.110000000000000000e+02 6.599598730913842637e-01
2.120000000000000000e+02 7.112934413765825692e-01
2.130000000000000000e+02 7.660819637831611795e-01
2.140000000000000000e+02 8.245198123198157480e-01
2.150000000000000000e+02 8.868099642917810499e-01
2.160000000000000000e+02 9.531642645672271374e-01
2.170000000000000000e+02 1.023803690988308146e+00
2.180000000000000000e+02 1.098958622807023389e+00
2.190000000000000000e+02 1.178869112022419063e+00
2.200000000000000000e+02 1.263785157492147926e+00
2.210000000000000000e+02 1.353966981688082161e+00
2.220000000000000000e+02 1.449685309962505997e+00
2.230000000000000000e+02 1.551221652188393696e+00
2.240000000000000000e+02 1.658868586634458575e+00
2.250000000000000000e+02 1.772930045932973986e+00
2.260000000000000000e+02 1.893721604995873165e+00
2.270000000000000000e+02 2.021570770732324718e+00
2.280000000000000000e+02 2.156817273418795367e+00
2.290000000000000000e+02 2.299813359570676230e+00
2.300000000000000000e+02 2.450924086162712623e+00
2.310000000000000000e+02 2.610527616043873067e+00
2.320000000000000000e+02 2.779015514390834163e+00
2.330000000000000000e+02 2.956793046042970552e+00
2.340000000000000000e+02 3.144279473560661842e+00
2.350000000000000000e+02 3.341908355847772238e+00
2.360000000000000000e+02 3.550127847178410789e+00
2.370000000000000000e+02 3.769400996467488163e+00
2.380000000000000000e+02 4.000206046624175116e+00
2.390000000000000000e+02 4.243036733827088014e+00
2.400000000000000000e+02 4.498402586559967276e+00
2.410000000000000000e+02 4.766829224246643903e+00
2.420000000000000000e+02 5.048858655324372613e+00
2.430000000000000000e+02 5.345049574594929354e+00
2.440000000000000000e+02 5.655977659693464332e+00
2.450000000000000000e+02 5.982235866515743794e+00
2.460000000000000000e+02 6.324434723445293116e+00
2.470000000000000000e+02 6.683202624222863264e+00
2.480000000000000000e+02 7.059186119301850582e+00
2.490000000000000000e+02 7.453050205534425210e+00
2.500000000000000000e+02 7.865478614034644878e+00
2.510000000000000000e+02 8.297174096066232352e+00
2.520000000000000000e+02 8.748858706804352181e+00
2.530000000000000000e+02 9.221274086822546678e+00
2.540000000000000000e+02 9.715181741157724815e+00
2.550000000000000000e+02 1.023136331580823111e+01
2.560000000000000000e+02 1.077062087152196668e+01
2.570000000000000000e+02 1.133377715473382708e+01
2.580000000000000000e+02 1.192167586551397562e+01
2.590000000000000000e+02 1.253518192239080520e+01
2.600000000000000000e+02 1.317518172391500642e+01
2.610000000000000000e+02 1.384258340683364352e+01
2.620000000000000000e+02 1.453831710074580386e+01
2.630000000000000000e+02 1.526333517911410453e+01
2.640000000000000000e+02 1.601861250650911117e+01
2.650000000000000000e+02 1.680514668196659755e+01
2.660000000000000000e+02 1.762395827834052042e+01
2.670000000000000000e+02 1.847609107753743274e+01
2.680000000000000000e+02 1.936261230152131319e+01
2.690000000000000000e+02 2.028461283898067080e+01
2.700000000000000000e+02 2.124320746755294564e+01
2.710000000000000000e+02 2.223953507150464759e+01
2.720000000000000000e+02 2.327475885476841810e+01
2.730000000000000000e+02 2.435006654924195857e+01
2.740000000000000000e+02 2.546667061825665002e+01
2.750000000000000000e+02 2.662580845512726313e+01
2.760000000000000000e+02 2.782874257669730866e+01
2.770000000000000000e+02 2.907676081179801031e+01
2.780000000000000000e+02 3.037117648454231045e+01
2.790000000000000000e+02 3.171332859237846691e+01
2.800000000000000000e+02 3.310458197883156117e+01
2.810000000000000000e+02 3.454632750086416593e+01
2.820000000000000000e+02 3.603998219079130649e+01
2.830000000000000000e+02 3.758698941268781368e+01
2.840000000000000000e+02 3.918881901322983197e+01
2.850000000000000000e+02 4.084696746691552960e+01
2.860000000000000000e+02 4.256295801561357450e+01
2.870000000000000000e+02 4.433834080239080322e+01
2.880000000000000000e+02 4.617469299957473083e+01
2.890000000000000000e+02 4.807361893100905803e+01
2.900000000000000000e+02 5.003675018846396938e+01
2.910000000000000000e+02 5.206574574216651285e+01
2.920000000000000000e+02 5.416229204541910747e+01
2.930000000000000000e+02 5.632810313327805574e+01
2.940000000000000000e+02 5.856492071526656673e+01
2.950000000000000000e+02 6.087451426210044758e+01
2.960000000000000000e+02 6.325868108640739251e+01
2.970000000000000000e+02 6.571924641742424456e+01
2.980000000000000000e+02 6.825806346965924831e+01
2.990000000000000000e+02 7.087701350550985069e+01
3.000000000000000000e+02 7.357800589182916440e+01
3.010000000000000000e+02 7.636297815043744208e+01
3.020000000000000000e+02 7.923389600257728205e+01
3.030000000000000000e+02 8.219275340731542201e+01
3.040000000000000000e+02 8.524157259389480146e+01
3.050000000000000000e+02 8.838240408804551862e+01
3.060000000000000000e+02 9.161732673226401857e+01
3.070000000000000000e+02 9.494844770007428281e+01
3.080000000000000000e+02 9.837790250428589900e+01
3.090000000000000000e+02 1.019078549992675562e+02
3.100000000000000000e+02 1.055404973772565427e+02
3.110000000000000000e+02 1.092780501587269555e+02
3.120000000000000000e+02 1.131227621768428833e+02
3.130000000000000000e+02 1.170769105560234493e+02
3.140000000000000000e+02 1.211428006846507941e+02
3.150000000000000000e+02 1.253227661819527157e+02
3.160000000000000000e+02 1.296191688590946853e+02
3.170000000000000000e+02 1.340343986745184850e+02
3.180000000000000000e+02 1.385708736835651109e+02
3.190000000000000000e+02 1.432310399824241074e+02
3.200000000000000000e+02 1.480173716464508402e+02
3.210000000000000000e+02 1.529323706628973696e+02
3.220000000000000000e+02 1.579785668581025959e+02
3.230000000000000000e+02 1.631585178191906493e+02
3.240000000000000000e+02 1.684748088103272323e+02
3.250000000000000000e+02 1.739300526835855862e+02
3.260000000000000000e+02 1.795268897844755429e+02
3.270000000000000000e+02 1.852679878521904300e+02
3.280000000000000000e+02 1.911560419146286449e+02
3.290000000000000000e+02 1.971937741782468834e+02
3.300000000000000000e+02 2.033839339128055599e+02
3.310000000000000000e+02 2.097292973310655100e+02
3.320000000000000000e+02 2.162326674634993537e+02
3.330000000000000000e+02 2.228968740280794805e+02
3.340000000000000000e+02 2.297247732952076262e+02
3.350000000000000000e+02 2.367192479478514429e+02
3.360000000000000000e+02 2.438832069369537976e+02
3.370000000000000000e+02 2.512195853321837546e+02
3.380000000000000000e+02 2.587313441680962569e+02
3.390000000000000000e+02 2.664214702857709653e+02
3.400000000000000000e+02 2.742929761699998039e+02
3.410000000000000000e+02 2.823488997820954296e+02
3.420000000000000000e+02 2.905923043883904029e+02
3.430000000000000000e+02 2.990262783845025183e+02
3.440000000000000000e+02 3.076539351154368660e+02
3.450000000000000000e+02 3.164784126916003402e+02
3.460000000000000000e+02 3.255028738008019218e+02
3.470000000000000000e+02 3.347305055163147927e+02
3.480000000000000000e+02 3.441645191010744611e+02
3.490000000000000000e+02 3.538081498080905476e+02
3.500000000000000000e+02 3.636646566771463540e+02
3.510000000000000000e+02 3.737373223278651722e+02
3.520000000000000000e+02 3.840294527492188195e+02
3.530000000000000000e+02 3.945443770855564480e+02
3.540000000000000000e+02 4.052854474192301382e+02
3.550000000000000000e+02 4.162560385498968571e+02
3.560000000000000000e+02 4.274595477705724988e+02
3.570000000000000000e+02 4.388993946405174142e+02
3.580000000000000000e+02 4.505790207550310242e+02
3.590000000000000000e+02 4.625018895122333902e+02
3.600000000000000000e+02 4.746714858769131524e+02
3.610000000000000000e+02 4.870913161415170975e+02
3.620000000000000000e+02 4.997649076843628109e+02
3.630000000000000000e+02 5.126958087251500729e+02
3.640000000000000000e+02 5.258875880778498413e+02
3.650000000000000000e+02 5.393438349010471029e+02
3.660000000000000000e+02 5.530681584458174029e+02
3.670000000000000000e+02 5.670641878012124835e+02
3.680000000000000000e+02 5.813355716374321673e+02
3.690000000000000000e+02 5.958859779467599083e+02
3.700000000000000000e+02 6.107190937823390868e+02
3.710000000000000000e+02 6.258386249948625846e+02
3.720000000000000000e+02 6.412482959672576044e+02
3.730000000000000000e+02 6.569518493474349725e+02
3.740000000000000000e+02 6.729530457791813660e+02
3.750000000000000000e+02 6.892556636312685896e+02
3.760000000000000000e+02 7.058634987248522066e+02
3.770000000000000000e+02 7.227803640592364900e+02
3.780000000000000000e+02 7.400100895360762934e+02
3.790000000000000000e+02 7.575565216820873502e+02
3.800000000000000000e+02 7.754235233703420818e+02
3.810000000000000000e+02 7.936149735402161696e+02
3.820000000000000000e+02 8.121347669160629721e+02
3.830000000000000000e+02 8.309868137246802462e+02
3.840000000000000000e+02 8.501750394116456846e+02
3.850000000000000000e+02 8.697033843565823190e+02
3.860000000000000000e+02 8.895758035874307552e+02
3.870000000000000000e+02 9.097962664937920181e+02
3.880000000000000000e+02 9.303687565394044441e+02
3.890000000000000000e+02 9.512972709738310186e+02
3.900000000000000000e+02 9.725858205434135471e+02
3.910000000000000000e+02 9.942384292015631218e+02
3.920000000000000000e+02 1.016259133818454302e+03
3.930000000000000000e+02 1.038651983890177689e+03
3.940000000000000000e+02 1.061421041247424910e+03
3.950000000000000000e+02 1.084570379763761593e+03
3.960000000000000000e+02 1.108104085063549292e+03
3.970000000000000000e+02 1.132026254229583401e+03
3.980000000000000000e+02 1.156340995510498715e+03
3.990000000000000000e+02 1.181052428028009672e+03
4.000000000000000000e+02 1.206164681484040102e+03
4.010000000000000000e+02 1.231681895867795447e+03
4.020000000000000000e+02 1.257608221162848395e+03
4.030000000000000000e+02 1.283947817054277039e+03
4.040000000000000000e+02 1.310704852635920815e+03
4.050000000000000000e+02 1.337883506117811066e+03
4.060000000000000000e+02 1.365487964533818740e+03
4.070000000000000000e+02 1.393522423449585176e+03
4.080000000000000000e+02 1.421991086670778031e+03
4.090000000000000000e+02 1.450898165951727606e+03
4.100000000000000000e+02 1.480247880704496765e+03
4.110000000000000000e+02 1.510044457708427444e+03
4.120000000000000000e+02 1.540292130820219427e+03
4.130000000000000000e+02 1.570995140684583248e+03
4.140000000000000000e+02 1.602157734445518145e+03
4.150000000000000000e+02 1.633784165458262578e+03
4.160000000000000000e+02 1.665878693001957345e+03
4.170000000000000000e+02 1.698445581993069709e+03
4.180000000000000000e+02 1.731489102699624482e+03
4.190000000000000000e+02 1.765013530456280250e+03
4.200000000000000000e+02 1.799023145380294636e+03
4.210000000000000000e+02 1.833522232088421333e+03
4.220000000000000000e+02 1.868515079414778938e+03
4.230000000000000000e+02 1.904005980129729778e+03
4.240000000000000000e+02 1.939999230659809200e+03
4.250000000000000000e+02 1.976499130808742621e+03
4.260000000000000000e+02 2.013509983479588755e+03
4.270000000000000000e+02 2.051036094398042223e+03
4.280000000000000000e+02 2.089081771836938060e+03
4.290000000000000000e+02 2.127651326341982895e+03
4.300000000000000000e+02 2.166749070458756250e+03
4.310000000000000000e+02 2.206379318461012645e+03
4.320000000000000000e+02 2.246546386080310640e+03
4.330000000000000000e+02 2.287254590237010689e+03
4.340000000000000000e+02 2.328508248772666775e+03
4.350000000000000000e+02 2.370311680183840053e+03
4.360000000000000000e+02 2.412669203357372680e+03
4.370000000000000000e+02 2.455585137307136392e+03
4.380000000000000000e+02 2.499063800912302213e+03
4.390000000000000000e+02 2.543109512657140840e+03
4.400000000000000000e+02 2.587726590372386454e+03
4.410000000000000000e+02 2.632919350978201692e+03
4.420000000000000000e+02 2.678692110228740148e+03
4.430000000000000000e+02 2.725049182458368705e+03
4.440000000000000000e+02 2.771994880329531952e+03
4.450000000000000000e+02 2.819533514582321004e+03
4.460000000000000000e+02 2.867669393785737157e+03
4.470000000000000000e+02 2.916406824090688588e+03
4.480000000000000000e+02 2.965750108984741019e+03
4.490000000000000000e+02 3.015703549048630066e+03
4.500000000000000000e+02 3.066271441714570756e+03
4.510000000000000000e+02 3.117458081026370110e+03
4.520000000000000000e+02 3.169267757401368272e+03
4.530000000000000000e+02 3.221704757394219087e+03
4.540000000000000000e+02 3.274773363462536054e+03
4.550000000000000000e+02 3.328477853734408654e+03
4.560000000000000000e+02 3.382822501777816342e+03
4.570000000000000000e+02 3.437811576371942465e+03
4.580000000000000000e+02 3.493449341280413137e+03
4.590000000000000000e+02 3.549740055026469236e+03
4.600000000000000000e+02 3.606687970670083814e+03
4.610000000000000000e+02 3.664297335587039925e+03
4.620000000000000000e+02 3.722572391249982957e+03
4.630000000000000000e+02 3.781517373011449308e+03
4.640000000000000000e+02 3.841136509888892761e+03
4.650000000000000000e+02 3.901434024351713560e+03
4.660000000000000000e+02 3.962414132110300670e+03
4.670000000000000000e+02 4.024081041907090366e+03
4.680000000000000000e+02 4.086438955309667108e+03
4.690000000000000000e+02 4.149492066505889852e+03
4.700000000000000000e+02 4.213244562101069278e+03
4.710000000000000000e+02 4.277700620917203196e+03
4.720000000000000000e+02 4.342864413794259235e+03
4.730000000000000000e+02 4.408740103393535719e+03
4.740000000000000000e+02 4.475331844003076185e+03
4.750000000000000000e+02 4.542643781345179377e+03
4.760000000000000000e+02 4.610680052385971976e+03
4.770000000000000000e+02 4.679444785147069524e+03
4.780000000000000000e+02 4.748942098519329193e+03
4.790000000000000000e+02 4.819176102078692566e+03
4.800000000000000000e+02 4.890150895904110257e+03
4.810000000000000000e+02 4.961870570397573829e+03
4.820000000000000000e+02 5.034339206106242273e+03
4.830000000000000000e+02 5.107560873546655785e+03
4.840000000000000000e+02 5.181539633031063204e+03
4.850000000000000000e+02 5.256279534495842199e+03
4.860000000000000000e+02 5.331784617332015841e+03
4.870000000000000000e+02 5.408058910217872835e+03
4.880000000000000000e+02 5.485106430953681411e+03
4.890000000000000000e+02 5.562931186298512330e+03
4.900000000000000000e+02 5.641537171809141000e+03
4.910000000000000000e+02 5.720928371681056888e+03
4.920000000000000000e+02 5.801108758591559308e+03
4.930000000000000000e+02 5.882082293544941422e+03
4.940000000000000000e+02 5.963852925719767882e+03
4.950000000000000000e+02 6.046424592318235227e+03
4.960000000000000000e+02 6.129801218417591372e+03
4.970000000000000000e+02 6.213986716823673305e+03
4.980000000000000000e+02 6.298984987926471149e+03
4.990000000000000000e+02 6.384799919557795874e+03
5.000000000000000000e+02 6.471435386850985196e+03
5.010000000000000000e+02 6.558895252102680388e+03
5.020000000000000000e+02 6.647183364636655824e+03
5.030000000000000000e+02 6.736303560669688522e+03
5.040000000000000000e+02 6.826259663179476775e+03
5.050000000000000000e+02 6.917055481774579675e+03
5.060000000000000000e+02 7.008694812566405744e+03
5.070000000000000000e+02 7.101181438043208800e+03
5.080000000000000000e+02 7.194519126946100187e+03
5.090000000000000000e+02 7.288711634147071891e+03
5.100000000000000000e+02 7.383762700529023277e+03
5.110000000000000000e+02 7.479676052867772341e+03
5.120000000000000000e+02 7.576455403716055116e+03
5.130000000000000000e+02 7.674104451289509598e+03
5.140000000000000000e+02 7.772626879354612356e+03
5.150000000000000000e+02 7.872026357118596934e+03
5.160000000000000000e+02 7.972306539121295827e+03
5.170000000000000000e+02 8.073471065128956980e+03
5.180000000000000000e+02 8.175523560029960208e+03
5.190000000000000000e+02 8.278467633732490867e+03
5.200000000000000000e+02 8.382306881064103436e+03
5.210000000000000000e+02 8.487044881673198688e+03
5.220000000000000000e+02 8.592685199932402611e+03
5.230000000000000000e+02 8.699231384843817068e+03
5.240000000000000000e+02 8.806686969946162208e+03
5.250000000000000000e+02 8.915055473223765148e+03
5.260000000000000000e+02 9.024340397017425857e+03
5.270000000000000000e+02 9.134545227937107484e+03
5.280000000000000000e+02 9.245673436776465678e+03
5.290000000000000000e+02 9.357728478429202369e+03
5.300000000000000000e+02 9.470713791807242160e+03
5.310000000000000000e+02 9.584632799760689522e+03
5.320000000000000000e+02 9.699488908999575870e+03
5.330000000000000000e+02 9.815285510017414708e+03
5.340000000000000000e+02 9.932025977016481193e+03
5.350000000000000000e+02 1.004971366783488338e+04
5.360000000000000000e+02 1.016835192387535062e+04
5.370000000000000000e+02 1.028794407003576998e+04
5.380000000000000000e+02 1.040849341464143436e+04
5.390000000000000000e+02 1.053000324937900768e+04
5.400000000000000000e+02 1.065247684923216912e+04
5.410000000000000000e+02 1.077591747241895791e+04
5.420000000000000000e+02 1.090032836033079548e+04
5.430000000000000000e+02 1.102571273747313353e+04
5.440000000000000000e+02 1.115207381140779398e+04
5.450000000000000000e+02 1.127941477269690586e+04
5.460000000000000000e+02 1.140773879484849385e+04
5.470000000000000000e+02 1.153704903426364945e+04
5.480000000000000000e+02 1.166734863018533360e+04
5.490000000000000000e+02 1.179864070464872566e+04
5.500000000000000000e+02 1.193092836243316924e+04
5.510000000000000000e+02 1.206421469101569528e+04
5.520000000000000000e+02 1.219850276052602567e+04
5.530000000000000000e+02 1.233379562370319036e+04
5.540000000000000000e+02 1.247009631585361603e+04
5.550000000000000000e+02 1.260740785481073544e+04
5.560000000000000000e+02 1.274573324089610469e+04
5.570000000000000000e+02 1.288507545688197933e+04
5.580000000000000000e+02 1.302543746795537299e+04
5.590000000000000000e+02 1.316682222168360022e+04
5.600000000000000000e+02 1.330923264798119635e+04
5.610000000000000000e+02 1.345267165907833441e+04
5.620000000000000000e+02 1.359714214949063171e+04
5.630000000000000000e+02 1.374264699599035521e+04
5.640000000000000000e+02 1.388918905757903485e+04
5.650000000000000000e+02 1.403677117546144109e+04
5.660000000000000000e+02 1.418539617302094484e+04
5.670000000000000000e+02 1.433506685579620898e+04
5.680000000000000000e+02 1.448578601145925495e+04
5.690000000000000000e+02 1.463755640979479540e+04
5.700000000000000000e+02 1.479038080268095655e+04
5.710000000000000000e+02 1.494426192407125200e+04
5.720000000000000000e+02 1.509920248997783528e+04
5.730000000000000000e+02 1.525520519845608578e+04
5.740000000000000000e+02 1.541227272959038601e+04
5.750000000000000000e+02 1.557040774548119589e+04
5.760000000000000000e+02 1.572961289023336394e+04
5.770000000000000000e+02 1.588989078994560987e+04
5.780000000000000000e+02 1.605124405270129137e+04
5.790000000000000000e+02 1.621367526856031691e+04
5.800000000000000000e+02 1.637718700955224995e+04
5.810000000000000000e+02 1.654178182967061730e+04
5.820000000000000000e+02 1.670746226486832165e+04
5.830000000000000000e+02 1.687423083305426917e+04
5.840000000000000000e+02 1.704209003409106663e+04
5.850000000000000000e+02 1.721104234979387911e+04
5.860000000000000000e+02 1.738109024393038999e+04
5.870000000000000000e+02 1.755223616222183409e+04
5.880000000000000000e+02 1.772448253234515869e+04
5.890000000000000000e+02 1.789783176393621034e+04
5.900000000000000000e+02 1.807228624859400588e+04
5.910000000000000000e+02 1.824784835988605482e+04
5.920000000000000000e+02 1.842452045335469302e+04
5.930000000000000000e+02 1.860230486652443869e+04
5.940000000000000000e+02 1.878120391891039981e+04
5.950000000000000000e+02 1.896121991202762729e+04
5.960000000000000000e+02 1.914235512940148328e+04
5.970000000000000000e+02 1.932461183657895890e+04
5.980000000000000000e+02 1.950799228114099242e+04
5.990000000000000000e+02 1.969249869271567150e+04
6.000000000000000000e+02 1.987813328299247951e+04
6.010000000000000000e+02 2.006489824573733495e+04
6.020000000000000000e+02 2.025279575680862763e+04
6.030000000000000000e+02 2.044182797417416077e+04
6.040000000000000000e+02 2.063199703792893706e+04
6.050000000000000000e+02 2.082330507031385059e+04
6.060000000000000000e+02 2.101575417573525556e+04
6.070000000000000000e+02 2.120934644078534984e+04
6.080000000000000000e+02 2.140408393426345719e+04
6.090000000000000000e+02 2.159996870719809522e+04
6.100000000000000000e+02 2.179700279286987643e+04
6.110000000000000000e+02 2.199518820683523882e+04
6.120000000000000000e+02 2.219452694695095488e+04
6.130000000000000000e+02 2.239502099339942652e+04
6.140000000000000000e+02 2.259667230871478387e+04
6.150000000000000000e+02 2.279948283780970087e+04
6.160000000000000000e+02 2.300345450800299295e+04
6.170000000000000000e+02 2.320858922904801148e+04
6.180000000000000000e+02 2.341488889316164205e+04
6.190000000000000000e+02 2.362235537505414322e+04
6.200000000000000000e+02 2.383099053195964370e+04
6.210000000000000000e+02 2.404079620366735617e+04
6.220000000000000000e+02 2.425177421255345689e+04
6.230000000000000000e+02 2.446392636361368568e+04
6.240000000000000000e+02 2.467725444449657880e+04
6.250000000000000000e+02 2.489176022553737857e+04
6.260000000000000000e+02 2.510744545979257236e+04
6.270000000000000000e+02 2.532431188307510820e+04
6.280000000000000000e+02 2.554236121399021431e+04
6.290000000000000000e+02 2.576159515397181531e+04
6.300000000000000000e+02 2.598201538731958863e+04
6.310000000000000000e+02 2.620362358123663580e+04
6.320000000000000000e+02 2.642642138586769215e+04
6.330000000000000000e+02 2.665041043433794403e+04
6.340000000000000000e+02 2.687559234279241718e+04
6.350000000000000000e+02 2.710196871043591818e+04
6.360000000000000000e+02 2.732954111957354326e+04
6.370000000000000000e+02 2.755831113565168198e+04
6.380000000000000000e+02 2.778828030729961392e+04
6.390000000000000000e+02 2.801945016637158551e+04
6.400000000000000000e+02 2.825182222798941075e+04
6.410000000000000000e+02 2.848539799058557037e+04
6.420000000000000000e+02 2.872017893594684574e+04
6.430000000000000000e+02 2.895616652925834933e+04
6.440000000000000000e+02 2.919336221914815178e+04
6.450000000000000000e+02 2.943176743773225462e+04
6.460000000000000000e+02 2.967138360066013047e+04
6.470000000000000000e+02 2.991221210716063069e+04
6.480000000000000000e+02 3.015425434008839511e+04
6.490000000000000000e+02 3.039751166597064730e+04
6.500000000000000000e+02 3.064198543505444832e+04
6.510000000000000000e+02 3.088767698135438332e+04
6.520000000000000000e+02 3.113458762270055377e+04
6.530000000000000000e+02 3.138271866078713356e+04
6.540000000000000000e+02 3.163207138122118340e+04
6.550000000000000000e+02 3.188264705357189450e+04
6.560000000000000000e+02 3.213444693142022152e+04
6.570000000000000000e+02 3.238747225240887201e+04
6.580000000000000000e+02 3.264172423829263425e+04
6.590000000000000000e+02 3.289720409498911613e+04
6.600000000000000000e+02 3.315391301262975321e+04
6.610000000000000000e+02 3.341185216561119159e+04
6.620000000000000000e+02 3.367102271264704905e+04
6.630000000000000000e+02 3.393142579681988718e+04
6.640000000000000000e+02 3.419306254563359835e+04
6.650000000000000000e+02 3.445593407106603991e+04
6.660000000000000000e+02 3.472004146962201048e+04
6.670000000000000000e+02 3.498538582238646632e+04
6.680000000000000000e+02 3.525196819507810142e+04
6.690000000000000000e+02 3.551978963810311689e+04
6.700000000000000000e+02 3.578885118660931039e+04
6.710000000000000000e+02 3.605915386054046394e+04
6.720000000000000000e+02 3.633069866469087719e+04
6.730000000000000000e+02 3.660348658876028639e+04
6.740000000000000000e+02 3.687751860740897246e+04
6.750000000000000000e+02 3.715279568031300732e+04
6.760000000000000000e+02 3.742931875221993687e+04
6.770000000000000000e+02 3.770708875300450018e+04
6.780000000000000000e+02 3.798610659772467625e+04
6.790000000000000000e+02 3.826637318667787622e+04
6.800000000000000000e+02 3.854788940545739024e+04
6.810000000000000000e+02 3.883065612500905263e+04
6.820000000000000000e+02 3.911467420168798708e+04
6.830000000000000000e+02 3.939994447731564287e+04
6.840000000000000000e+02 3.968646777923702030e+04
6.850000000000000000e+02 3.997424492037799064e+04
6.860000000000000000e+02 4.026327669930283446e+04
6.870000000000000000e+02 4.055356390027193993e+04
6.880000000000000000e+02 4.084510729329969035e+04
6.890000000000000000e+02 4.113790763421239535e+04
6.900000000000000000e+02 4.143196566470650578e+04
6.910000000000000000e+02 4.172728211240685778e+04
6.920000000000000000e+02 4.202385769092514238e+04
6.930000000000000000e+02 4.232169309991842601e+04
6.940000000000000000e+02 4.262078902514784568e+04
6.950000000000000000e+02 4.292114613853738410e+04
6.960000000000000000e+02 4.322276509823281958e+04
6.970000000000000000e+02 4.352564654866073397e+04
6.980000000000000000e+02 4.382979112058757892e+04
6.990000000000000000e+02 4.413519943117897492e+04
7.000000000000000000e+02 4.444187208405901038e+04
7.010000000000000000e+02 4.474980966936958430e+04
7.020000000000000000e+02 4.505901276382996002e+04
7.030000000000000000e+02 4.536948193079631892e+04
7.040000000000000000e+02 4.568121772032132867e+04
7.050000000000000000e+02 4.599422066921396618e+04
7.060000000000000000e+02 4.630849130109918769e+04
7.070000000000000000e+02 4.662403012647780997e+04
7.080000000000000000e+02 4.694083764278638409e+04
7.090000000000000000e+02 4.725891433445714938e+04
7.100000000000000000e+02 4.757826067297793634e+04
7.110000000000000000e+02 4.789887711695235339e+04
7.120000000000000000e+02 4.822076411215965345e+04
7.130000000000000000e+02 4.854392209161500068e+04
7.140000000000000000e+02 4.886835147562948259e+04
7.150000000000000000e+02 4.919405267187031859e+04
7.160000000000000000e+02 4.952102607542098849e+04
7.170000000000000000e+02 4.984927206884149928e+04
7.180000000000000000e+02 5.017879102222846996e+04
7.190000000000000000e+02 5.050958329327542742e+04
7.200000000000000000e+02 5.084164922733303683e+04
7.210000000000000000e+02 5.117498915746923012e+04
7.220000000000000000e+02 5.150960340452949458e+04
7.230000000000000000e+02 5.184549227719705232e+04
7.240000000000000000e+02 5.218265607205307606e+04
7.250000000000000000e+02 5.252109507363685407e+04
7.260000000000000000e+02 5.286080955450594774e+04
7.270000000000000000e+02 5.320179977529641474e+04
7.280000000000000000e+02 5.354406598478284286e+04
7.290000000000000000e+02 5.388760841993846407e+04
7.300000000000000000e+02 5.423242730599526840e+04
7.310000000000000000e+02 5.457852285650400154e+04
7.320000000000000000e+02 5.492589527339414781e+04
7.330000000000000000e+02 5.527454474703391315e+04
7.340000000000000000e+02 5.562447145629013539e+04
7.350000000000000000e+02 5.597567556858809257e+04
7.360000000000000000e+02 5.632815723997141322e+04
7.370000000000000000e+02 5.668191661516173917e+04
7.380000000000000000e+02 5.703695382761849032e+04
7.390000000000000000e+02 5.739326899959852744e+04
7.400000000000000000e+02 5.775086224221564771e+04
7.410000000000000000e+02 5.810973365550017479e+04
7.420000000000000000e+02 5.846988332845843979e+04
7.430000000000000000e+02 5.883131133913209487e+04
7.440000000000000000e+02 5.919401775465742685e+04
7.450000000000000000e+02 5.955800263132466353e+04
7.460000000000000000e+02 5.992326601463702536e+04
7.470000000000000000e+02 6.028980793936988630e+04
7.480000000000000000e+02 6.065762842962973809e+04
7.490000000000000000e+02 6.102672749891308194e+04
7.500000000000000000e+02 6.139710515016522550e+04
7.510000000000000000e+02 6.176876137583909440e+04
7.520000000000000000e+02 6.214169615795377467e+04
7.530000000000000000e+02 6.251590946815306961e+04
7.540000000000000000e+02 6.289140126776402758e+04
7.550000000000000000e+02 6.326817150785512786e+04
7.560000000000000000e+02 6.364622012929465564e+04
7.570000000000000000e+02 6.402554706280873506e+04
7.580000000000000000e+02 6.440615222903944959e+04
7.590000000000000000e+02 6.478803553860269312e+04
7.600000000000000000e+02 6.517119689214596292e+04
7.610000000000000000e+02 6.555563618040613073e+04
7.620000000000000000e+02 6.594135328426695196e+04
7.630000000000000000e+02 6.632834807481654570e+04
7.640000000000000000e+02 6.671662041340478754e+04
7.650000000000000000e+02 6.710617015170041122e+04
7.660000000000000000e+02 6.749699713174824137e+04
7.670000000000000000e+02 6.788910118602612056e+04
7.680000000000000000e+02 6.828248213750170544e+04
7.690000000000000000e+02 6.867713979968926287e+04
7.700000000000000000e+02 6.907307397670621867e+04
7.710000000000000000e+02 6.947028446332961903e+04
7.720000000000000000e+02 6.986877104505247553e+04
7.730000000000000000e+02 7.026853349813999375e+04
7.740000000000000000e+02 7.066957158968551084e+04
7.750000000000000000e+02 7.107188507766649127e+04
7.760000000000000000e+02 7.147547371100034798e+04
7.770000000000000000e+02 7.188033722960001614e+04
7.780000000000000000e+02 7.228647536442941055e+04
7.790000000000000000e+02 7.269388783755889744e+04
7.800000000000000000e+02 7.310257436222038814e+04
7.810000000000000000e+02 7.351253464286241797e+04
7.820000000000000000e+02 7.392376837520513800e+04
7.830000000000000000e+02 7.433627524629497202e+04
7.840000000000000000e+02 7.475005493455930264e+04
7.850000000000000000e+02 7.516510710986082267e+04
7.860000000000000000e+02 7.558143143355197390e+04
7.870000000000000000e+02 7.599902755852908012e+04
7.880000000000000000e+02 7.641789512928621843e+04
7.890000000000000000e+02 7.683803378196913400e+04
7.900000000000000000e+02 7.725944314442903851e+04
7.910000000000000000e+02 7.768212283627589932e+04
7.920000000000000000e+02 7.810607246893191768e+04
7.930000000000000000e+02 7.853129164568483247e+04
7.940000000000000000e+02 7.895777996174080181e+04
7.950000000000000000e+02 7.938553700427729927e+04
7.960000000000000000e+02 7.981456235249587917e+04
7.970000000000000000e+02 8.024485557767472346e+04
7.980000000000000000e+02 8.067641624322097050e+04
7.990000000000000000e+02 8.110924390472297091e+04
8.000000000000000000e+02 8.154333811000228161e+04
8.010000000000000000e+02 8.197869839916558703e+04
8.020000000000000000e+02 8.241532430465641664e+04
8.030000000000000000e+02 8.285321535130662960e+04
8.040000000000000000e+02 8.329237105638779758e+04
8.050000000000000000e+02 8.373279092966247117e+04
8.060000000000000000e+02 8.417447447343502427e+04
8.070000000000000000e+02 8.461742118260267307e+04
8.080000000000000000e+02 8.506163054470611678e+04
8.090000000000000000e+02 8.550710203997991630e+04
8.100000000000000000e+02 8.595383514140298939e+04
8.110000000000000000e+02 8.640182931474858196e+04
8.120000000000000000e+02 8.685108401863439940e+04
8.130000000000000000e+02 8.730159870457233046e+04
8.140000000000000000e+02 8.775337281701795291e+04
8.150000000000000000e+02 8.820640579342024284e+04
8.160000000000000000e+02 8.866069706427044002e+04
8.170000000000000000e+02 8.911624605315152439e+04
8.180000000000000000e+02 8.957305217678690678e+04
8.190000000000000000e+02 9.003111484508906142e+04
8.200000000000000000e+02 9.049043346120831848e+04
8.210000000000000000e+02 9.095100742158095818e+04
8.220000000000000000e+02 9.141283611597761046e+04
8.230000000000000000e+02 9.187591892755098525e+04
8.240000000000000000e+02 9.234025523288398108e+04
8.250000000000000000e+02 9.280584440203703707e+04
8.260000000000000000e+02 9.327268579859579040e+04
8.270000000000000000e+02 9.374077877971818089e+04
8.280000000000000000e+02 9.421012269618157006e+04
8.290000000000000000e+02 9.468071689242970024e+04
8.300000000000000000e+02 9.515256070661928970e+04
8.310000000000000000e+02 9.562565347066667164e+04
8.320000000000000000e+02 9.609999451029395277e+04
8.330000000000000000e+02 9.657558314507537580e+04
8.340000000000000000e+02 9.705241868848315789e+04
8.350000000000000000e+02 9.753050044793322741e+04
8.360000000000000000e+02 9.800982772483097506e+04
8.370000000000000000e+02 9.849039981461651041e+04
8.380000000000000000e+02 9.897221600680996198e+04
8.390000000000000000e+02 9.945527558505645720e+04
8.400000000000000000e+02 9.993957782717100054e+04
8.410000000000000000e+02 1.004251220051831915e+05
8.420000000000000000e+02 1.009119073853815353e+05
8.430000000000000000e+02 1.013999332283579279e+05
8.440000000000000000e+02 1.018891987890515884e+05
8.450000000000000000e+02 1.023797033167930640e+05
8.460000000000000000e+02 1.028714460553479730e+05
8.470000000000000000e+02 1.033644262429604132e+05
8.480000000000000000e+02 1.038586431123964721e+05
8.490000000000000000e+02 1.043540958909873152e+05
8.500000000000000000e+02 1.048507838006720995e+05
8.510000000000000000e+02 1.053487060580409307e+05
8.520000000000000000e+02 1.058478618743772531e+05
8.530000000000000000e+02 1.063482504557004140e+05
8.540000000000000000e+02 1.068498710028078931e+05
8.550000000000000000e+02 1.073527227113172412e+05
8.560000000000000000e+02 1.078568047717079899e+05
8.570000000000000000e+02 1.083621163693633571e+05
8.580000000000000000e+02 1.088686566846116330e+05
8.590000000000000000e+02 1.093764248927675799e+05
8.600000000000000000e+02 1.098854201641734398e+05
8.610000000000000000e+02 1.103956416642399272e+05
8.620000000000000000e+02 1.109070885534868576e+05
8.630000000000000000e+02 1.114197599875838787e+05
8.640000000000000000e+02 1.119336551173906482e+05
8.650000000000000000e+02 1.124487730889970553e+05
8.660000000000000000e+02 1.129651130437632382e+05
8.670000000000000000e+02 1.134826741183594568e+05
8.680000000000000000e+02 1.140014554448055133e+05
8.690000000000000000e+02 1.145214561505103775e+05
8.700000000000000000e+02 1.150426753583113459e+05
8.710000000000000000e+02 1.155651121865130553e+05
8.720000000000000000e+02 1.160887657489264675e+05
8.730000000000000000e+02 1.166136351549075334e+05
8.740000000000000000e+02 1.171397195093956252e+05
8.750000000000000000e+02 1.176670179129519238e+05
8.760000000000000000e+02 1.181955294617975305e+05
8.770000000000000000e+02 1.187252532478514768e+05
8.780000000000000000e+02 1.192561883587684861e+05
8.790000000000000000e+02 1.197883338779764599e+05
8.800000000000000000e+02 1.203216888847139926e+05
8.810000000000000000e+02 1.208562524540676095e+05
8.820000000000000000e+02 1.213920236570087436e+05
8.830000000000000000e+02 1.219290015604306100e+05
8.840000000000000000e+02 1.224671852271849348e+05
8.850000000000000000e+02 1.230065737161183642e+05
8.860000000000000000e+02 1.235471660821088881e+05
8.870000000000000000e+02 1.240889613761018845e+05
8.880000000000000000e+02 1.246319586451462237e+05
8.890000000000000000e+02 1.251761569324297743e+05
8.900000000000000000e+02 1.257215552773153177e+05
8.910000000000000000e+02 1.262681527153757343e+05
8.920000000000000000e+02 1.268159482784293941e+05
8.930000000000000000e+02 1.273649409945750667e+05
8.940000000000000000e+02 1.279151298882269475e+05
8.950000000000000000e+02 1.284665139801493642e+05
8.960000000000000000e+02 1.290190922874911630e+05
8.970000000000000000e+02 1.295728638238201675e+05
8.980000000000000000e+02 1.301278275991573464e+05
8.990000000000000000e+02 1.306839826200108510e+05
9.000000000000000000e+02 1.312413278894097311e+05
9.010000000000000000e+02 1.317998624069376674e+05
9.020000000000000000e+02 1.323595851687664399e+05
9.030000000000000000e+02 1.329204951676891651e+05
9.040000000000000000e+02 1.334825913931535324e+05
9.050000000000000000e+02 1.340458728312946914e+05
9.060000000000000000e+02 1.346103384649679647e+05
9.070000000000000000e+02 1.351759872737816477e+05
9.080000000000000000e+02 1.357428182341291686e+05
9.090000000000000000e+02 1.363108303192215972e+05
9.100000000000000000e+02 1.368800224991196883e+05
9.110000000000000000e+02 1.374503937407656340e+05
9.120000000000000000e+02 1.380219430080150196e+05
9.130000000000000000e+02 1.385946692616682849e+05
9.140000000000000000e+02 1.391685714595022728e+05
9.150000000000000000e+02 1.397436485563011665e+05
9.160000000000000000e+02 1.403198995038880093e+05
9.170000000000000000e+02 1.408973232511552051e+05
9.180000000000000000e+02 1.414759187440954847e+05
9.190000000000000000e+02 1.420556849258323200e+05
9.200000000000000000e+02 1.426366207366505987e+05
9.210000000000000000e+02 1.432187251140265143e+05
9.220000000000000000e+02 1.438019969926579215e+05
9.230000000000000000e+02 1.443864353044940508e+05
9.240000000000000000e+02 1.449720389787654276e+05
9.250000000000000000e+02 1.455588069420132088e+05
9.260000000000000000e+02 1.461467381181189558e+05
9.270000000000000000e+02 1.467358314283335058e+05
9.280000000000000000e+02 1.473260857913062500e+05
9.290000000000000000e+02 1.479175001231140923e+05
9.300000000000000000e+02 1.485100733372902032e+05
9.310000000000000000e+02 1.491038043448525132e+05
9.320000000000000000e+02 1.496986920543322340e+05
9.330000000000000000e+02 1.502947353718022059e+05
9.340000000000000000e+02 1.508919332009049249e+05
9.350000000000000000e+02 1.514902844428805693e+05
9.360000000000000000e+02 1.520897879965946777e+05
9.370000000000000000e+02 1.526904427585660887e+05
9.380000000000000000e+02 1.532922476229941240e+05
9.390000000000000000e+02 1.538952014817860327e+05
9.400000000000000000e+02 1.544993032245842915e+05
9.410000000000000000e+02 1.551045517387934378e+05
9.420000000000000000e+02 1.557109459096070495e+05
9.430000000000000000e+02 1.563184846200345200e+05
9.440000000000000000e+02 1.569271667509273393e+05
9.450000000000000000e+02 1.575369911810059566e+05
9.460000000000000000e+02 1.581479567868855665e+05
9.470000000000000000e+02 1.587600624431025062e+05
9.480000000000000000e+02 1.593733070221401285e+05
9.490000000000000000e+02 1.599876893944545882e+05
9.500000000000000000e+02 1.606032084285004239e+05
9.510000000000000000e+02 1.612198629907561990e+05
9.520000000000000000e+02 1.618376519457497634e+05
9.530000000000000000e+02 1.624565741560834576e+05
9.540000000000000000e+02 1.630766284824591421e+05
9.550000000000000000e+02 1.636978137837031391e+05
9.560000000000000000e+02 1.643201289167909417e+05
9.570000000000000000e+02 1.649435727368719527e+05
9.580000000000000000e+02 1.655681440972937853e+05
9.590000000000000000e+02 1.661938418496265076e+05
9.600000000000000000e+02 1.668206648436872056e+05
9.610000000000000000e+02 1.674486119275635865e+05
9.620000000000000000e+02 1.680776819476379897e+05
9.630000000000000000e+02 1.687078737486112805e+05
9.640000000000000000e+02 1.693391861735261919e+05
9.650000000000000000e+02 1.699716180637910147e+05
9.660000000000000000e+02 1.706051682592027355e+05
9.670000000000000000e+02 1.712398355979702901e+05
9.680000000000000000e+02 1.718756189167376142e+05
9.690000000000000000e+02 1.725125170506064023e+05
9.700000000000000000e+02 1.731505288331590127e+05
9.710000000000000000e+02 1.737896530964810518e+05
9.720000000000000000e+02 1.744298886711836676e+05
9.730000000000000000e+02 1.750712343864262220e+05
9.740000000000000000e+02 1.757136890699380310e+05
9.750000000000000000e+02 1.763572515480410075e+05
9.760000000000000000e+02 1.770019206456709071e+05
9.770000000000000000e+02 1.776476951863997383e+05
9.780000000000000000e+02 1.782945739924570371e+05
9.790000000000000000e+02 1.789425558847514912e+05
9.800000000000000000e+02 1.795916396828924189e+05
9.810000000000000000e+02 1.802418242052107234e+05
9.820000000000000000e+02 1.808931082687804592e+05
9.830000000000000000e+02 1.815454906894394662e+05
9.840000000000000000e+02 1.821989702818103251e+05
9.850000000000000000e+02 1.828535458593211079e+05
9.860000000000000000e+02 1.835092162342259835e+05
9.870000000000000000e+02 1.841659802176255616e+05
9.880000000000000000e+02 1.848238366194875562e+05
9.890000000000000000e+02 1.854827842486664304e+05
9.900000000000000000e+02 1.861428219129240024e+05
9.910000000000000000e+02 1.868039484189491195e+05
9.920000000000000000e+02 1.874661625723776815e+05
9.930000000000000000e+02 1.881294631778119947e+05
9.940000000000000000e+02 1.887938490388406790e+05
9.950000000000000000e+02 1.894593189580580220e+05
9.960000000000000000e+02 1.901258717370831291e+05
9.970000000000000000e+02 1.907935061765793362e+05
9.980000000000000000e+02 1.914622210762732429e+05
9.990000000000000000e+02 1.921320152349735145e+05
