# BB temperature (K); Intensity through filter (ph/s/m^2/mas^2)
1.000000000000000000e+01 0.000000000000000000e+00
1.100000000000000000e+01 0.000000000000000000e+00
1.200000000000000000e+01 0.000000000000000000e+00
1.300000000000000000e+01 0.000000000000000000e+00
1.400000000000000000e+01 0.000000000000000000e+00
1.500000000000000000e+01 0.000000000000000000e+00
1.600000000000000000e+01 0.000000000000000000e+00
1.700000000000000000e+01 0.000000000000000000e+00
1.800000000000000000e+01 0.000000000000000000e+00
1.900000000000000000e+01 0.000000000000000000e+00
2.000000000000000000e+01 0.000000000000000000e+00
2.100000000000000000e+01 3.480332108683882870e-54
2.200000000000000000e+01 1.677878030980186612e-51
2.300000000000000000e+01 4.755136245967588807e-49
2.400000000000000000e+01 8.461217472234066274e-47
2.500000000000000000e+01 9.991525344339503420e-45
2.600000000000000000e+01 8.206282803898984170e-43
2.700000000000000000e+01 4.879379544154588693e-41
2.800000000000000000e+01 2.173736287919337088e-39
2.900000000000000000e+01 7.473939214906093956e-38
3.000000000000000000e+01 2.034994593889983063e-36
3.100000000000000000e+01 4.487310933469683952e-35
3.200000000000000000e+01 8.172343894296779058e-34
3.300000000000000000e+01 1.250677777873479230e-32
3.400000000000000000e+01 1.633074506967901207e-31
3.500000000000000000e+01 1.844162086732788041e-30
3.600000000000000000e+01 1.822832509702463179e-29
3.700000000000000000e+01 1.594078123436828761e-28
3.800000000000000000e+01 1.245260435829946206e-27
3.900000000000000000e+01 8.764868270676907721e-27
4.000000000000000000e+01 5.601950991678099849e-26
4.100000000000000000e+01 3.274074021211116463e-25
4.200000000000000000e+01 1.760965364844621460e-24
4.300000000000000000e+01 8.766552261711652523e-24
4.400000000000000000e+01 4.060679160965550512e-23
4.500000000000000000e+01 1.758470743149303058e-22
4.600000000000000000e+01 7.150451189277991292e-22
4.700000000000000000e+01 2.741121175947820734e-21
4.800000000000000000e+01 9.942836025855961739e-21
4.900000000000000000e+01 3.424057645794521206e-20
5.000000000000000000e+01 1.122963661858180347e-19
5.100000000000000000e+01 3.517420175554885716e-19
5.200000000000000000e+01 1.055022702717276284e-18
5.300000000000000000e+01 3.037647794965126016e-18
5.400000000000000000e+01 8.414571937883531243e-18
5.500000000000000000e+01 2.247271483853791536e-17
5.600000000000000000e+01 5.797665382548372694e-17
5.700000000000000000e+01 1.447474664389335653e-16
5.800000000000000000e+01 3.503169535826454733e-16
5.900000000000000000e+01 8.231640793406810046e-16
6.000000000000000000e+01 1.880719910754825044e-15
6.100000000000000000e+01 4.183791691216596850e-15
6.200000000000000000e+01 9.073642985719599622e-15
6.300000000000000000e+01 1.920796070637520356e-14
6.400000000000000000e+01 3.973365289584273473e-14
6.500000000000000000e+01 8.040315749624372795e-14
6.600000000000000000e+01 1.593151414878767766e-13
6.700000000000000000e+01 3.093973715255319653e-13
6.800000000000000000e+01 5.894327711909216620e-13
6.900000000000000000e+01 1.102479237288947904e-12
7.000000000000000000e+01 2.026118877119954465e-12
7.100000000000000000e+01 3.661327653908679585e-12
7.200000000000000000e+01 6.510202433909333019e-12
7.300000000000000000e+01 1.139775006105507260e-11
7.400000000000000000e+01 1.966000355914836258e-11
7.500000000000000000e+01 3.343063058235136173e-11
7.600000000000000000e+01 5.607190199111754006e-11
7.700000000000000000e+01 9.281462055882395615e-11
7.800000000000000000e+01 1.516969143468005310e-10
7.900000000000000000e+01 2.449255944012933655e-10
8.000000000000000000e+01 3.908284195854422818e-10
8.100000000000000000e+01 6.166239681572994590e-10
8.200000000000000000e+01 9.623113325139392857e-10
8.300000000000000000e+01 1.486078632734329058e-09
8.400000000000000000e+01 2.271752220974170300e-09
8.500000000000000000e+01 3.438963065466607401e-09
8.600000000000000000e+01 5.156899684629740713e-09
8.700000000000000000e+01 7.662755623966446890e-09
8.800000000000000000e+01 1.128627231932991395e-08
8.900000000000000000e+01 1.648213482417204217e-08
9.000000000000000000e+01 2.387240895834238526e-08
9.100000000000000000e+01 3.430172576161451855e-08
9.200000000000000000e+01 4.890853565634219207e-08
9.300000000000000000e+01 6.921648453644829074e-08
9.400000000000000000e+01 9.725082232301830865e-08
9.500000000000000000e+01 1.356857576578170697e-07
9.600000000000000000e+01 1.880298376566308078e-07
9.700000000000000000e+01 2.588577772525877785e-07
9.800000000000000000e+01 3.540987076806181799e-07
9.900000000000000000e+01 4.813925778283056069e-07
1.000000000000000000e+02 6.505284457778764259e-07
1.010000000000000000e+02 8.739806615196848462e-07
1.020000000000000000e+02 1.167561486325810692e-06
1.030000000000000000e+02 1.551211540386123787e-06
1.040000000000000000e+02 2.049952638513171731e-06
1.050000000000000000e+02 2.695031083996833077e-06
1.060000000000000000e+02 3.525283362264832837e-06
1.070000000000000000e+02 4.588760427108692675e-06
1.080000000000000000e+02 5.944651419836875410e-06
1.090000000000000000e+02 7.665552721276251165e-06
1.100000000000000000e+02 9.840133721755313527e-06
1.110000000000000000e+02 1.257625661675673028e-05
1.120000000000000000e+02 1.600461390527227787e-05
1.130000000000000000e+02 2.028295409101933780e-05
1.140000000000000000e+02 2.560097336791227125e-05
1.150000000000000000e+02 3.218595881200410802e-05
1.160000000000000000e+02 4.030927680099710448e-05
1.170000000000000000e+02 5.029380903469037745e-05
1.180000000000000000e+02 6.252244762745781421e-05
1.190000000000000000e+02 7.744777027575620279e-05
1.200000000000000000e+02 9.560302645507952714e-05
1.210000000000000000e+02 1.176145759536056929e-04
1.220000000000000000e+02 1.442159317825102811e-04
1.230000000000000000e+02 1.762635705906437334e-04
1.240000000000000000e+02 2.147546851257592371e-04
1.250000000000000000e+02 2.608470649942767026e-04
1.260000000000000000e+02 3.158813039421067329e-04
1.270000000000000000e+02 3.814055440728020274e-04
1.280000000000000000e+02 4.592029797959258967e-04
1.290000000000000000e+02 5.513223568151066813e-04
1.300000000000000000e+02 6.601117140764820902e-04
1.310000000000000000e+02 7.882556292566875221e-04
1.320000000000000000e+02 9.388162410258712228e-04
1.330000000000000000e+02 1.115278333924481311e-03
1.340000000000000000e+02 1.321598784190473408e-03
1.350000000000000000e+02 1.562260677212794083e-03
1.360000000000000000e+02 1.842332419413411681e-03
1.370000000000000000e+02 2.167532179219263788e-03
1.380000000000000000e+02 2.544298003322572211e-03
1.390000000000000000e+02 2.979863965588524632e-03
1.400000000000000000e+02 3.482342716699276999e-03
1.410000000000000000e+02 4.060814812869251340e-03
1.420000000000000000e+02 4.725425211676589562e-03
1.430000000000000000e+02 5.487487332178324004e-03
1.440000000000000000e+02 6.359595084963139827e-03
1.450000000000000000e+02 7.355743285597831499e-03
1.460000000000000000e+02 8.491456871996570094e-03
1.470000000000000000e+02 9.783929352542403493e-03
1.480000000000000000e+02 1.125217091727790178e-02
1.490000000000000000e+02 1.291716664911836399e-02
1.500000000000000000e+02 1.480204527579152135e-02
1.510000000000000000e+02 1.693225890604078965e-02
1.520000000000000000e+02 1.933577419551535392e-02
1.530000000000000000e+02 2.204327538868504008e-02
1.540000000000000000e+02 2.508837968303842189e-02
1.550000000000000000e+02 2.850786536073082397e-02
1.560000000000000000e+02 3.234191313072947577e-02
1.570000000000000000e+02 3.663436112134459133e-02
1.580000000000000000e+02 4.143297395883009659e-02
1.590000000000000000e+02 4.678972636248115990e-02
1.600000000000000000e+02 5.276110168034733872e-02
1.610000000000000000e+02 5.940840578232299551e-02
1.620000000000000000e+02 6.679809671897596335e-02
1.630000000000000000e+02 7.500213054504221988e-02
1.640000000000000000e+02 8.409832369606046187e-02
1.650000000000000000e+02 9.417073229516333133e-02
1.660000000000000000e+02 1.053100487545988589e-01
1.670000000000000000e+02 1.176140160231524123e-01
1.680000000000000000e+02 1.311878598162973530e-01
1.690000000000000000e+02 1.461447391506517368e-01
1.700000000000000000e+02 1.626062154881909860e-01
1.710000000000000000e+02 1.807027407786900852e-01
1.720000000000000000e+02 2.005741646710862969e-01
1.730000000000000000e+02 2.223702611458951983e-01
1.740000000000000000e+02 2.462512748015220354e-01
1.750000000000000000e+02 2.723884870073284836e-01
1.760000000000000000e+02 3.009648021156815512e-01
1.770000000000000000e+02 3.321753539039734027e-01
1.780000000000000000e+02 3.662281323958047063e-01
1.790000000000000000e+02 4.033446311882095681e-01
1.800000000000000000e+02 4.437605153890257226e-01
1.810000000000000000e+02 4.877263102453146537e-01
1.820000000000000000e+02 5.355081105201745517e-01
1.830000000000000000e+02 5.873883106513990704e-01
1.840000000000000000e+02 6.436663557012822778e-01
1.850000000000000000e+02 7.046595130824864217e-01
1.860000000000000000e+02 7.707036650203448191e-01
1.870000000000000000e+02 8.421541216872885371e-01
1.880000000000000000e+02 9.193864549203434322e-01
1.890000000000000000e+02 1.002797352407864384e+00
1.900000000000000000e+02 1.092805492206917473e+00
1.910000000000000000e+02 1.189852437428035481e+00
1.920000000000000000e+02 1.294403550899498212e+00
1.930000000000000000e+02 1.406948929598867970e+00
1.940000000000000000e+02 1.528004358615307812e+00
1.950000000000000000e+02 1.658112284382234236e+00
1.960000000000000000e+02 1.797842806896176704e+00
1.970000000000000000e+02 1.947794690614370605e+00
1.980000000000000000e+02 2.108596393700606253e+00
1.990000000000000000e+02 2.280907115266285867e+00
2.000000000000000000e+02 2.465417860231491787e+00
2.010000000000000000e+02 2.662852521409182494e+00
2.020000000000000000e+02 2.873968978394489948e+00
2.030000000000000000e+02 3.099560212820424709e+00
2.040000000000000000e+02 3.340455439521271330e+00
2.050000000000000000e+02 3.597521253125439245e+00
2.060000000000000000e+02 3.871662789580722741e+00
2.070000000000000000e+02 4.163824902096671998e+00
2.080000000000000000e+02 4.474993350971262274e+00
2.090000000000000000e+02 4.806196006752163186e+00
2.100000000000000000e+02 5.158504066166782920e+00
2.110000000000000000e+02 5.533033280239777696e+00
2.120000000000000000e+02 5.930945194002081422e+00
2.130000000000000000e+02 6.353448397181503005e+00
2.140000000000000000e+02 6.801799785251791519e+00
2.150000000000000000e+02 7.277305830204627846e+00
2.160000000000000000e+02 7.781323860397386660e+00
2.170000000000000000e+02 8.315263348818671574e+00
2.180000000000000000e+02 8.880587209103513402e+00
2.190000000000000000e+02 9.478813098620966215e+00
2.200000000000000000e+02 1.011151472794828798e+01
2.210000000000000000e+02 1.078032317603825874e+01
2.220000000000000000e+02 1.148692821037937861e+01
2.230000000000000000e+02 1.223307961144253042e+01
2.240000000000000000e+02 1.302058850070252660e+01
2.250000000000000000e+02 1.385132867151839875e+01
2.260000000000000000e+02 1.472723792215266236e+01
2.270000000000000000e+02 1.565031939020677498e+01
2.280000000000000000e+02 1.662264288774799326e+01
2.290000000000000000e+02 1.764634623640131750e+01
2.300000000000000000e+02 1.872363660167962252e+01
2.310000000000000000e+02 1.985679182582520141e+01
2.320000000000000000e+02 2.104816175843667736e+01
2.330000000000000000e+02 2.230016958415696493e+01
2.340000000000000000e+02 2.361531314669986514e+01
2.350000000000000000e+02 2.499616626849626044e+01
2.360000000000000000e+02 2.644538006524398099e+01
2.370000000000000000e+02 2.796568425465005348e+01
2.380000000000000000e+02 2.955988845865870474e+01
2.390000000000000000e+02 3.123088349846401002e+01
2.400000000000000000e+02 3.298164268161237800e+01
2.410000000000000000e+02 3.481522308050645620e+01
2.420000000000000000e+02 3.673476680162951880e+01
2.430000000000000000e+02 3.874350224481725036e+01
2.440000000000000000e+02 4.084474535191186106e+01
2.450000000000000000e+02 4.304190084414276640e+01
2.460000000000000000e+02 4.533846344758705271e+01
2.470000000000000000e+02 4.773801910607283361e+01
2.480000000000000000e+02 5.024424618089914674e+01
2.490000000000000000e+02 5.286091663675622954e+01
2.500000000000000000e+02 5.559189721324160871e+01
2.510000000000000000e+02 5.844115058137867891e+01
2.520000000000000000e+02 6.141273648455629086e+01
2.530000000000000000e+02 6.451081286332033926e+01
2.540000000000000000e+02 6.773963696346059749e+01
2.550000000000000000e+02 7.110356642684915585e+01
2.560000000000000000e+02 7.460706036449968792e+01
2.570000000000000000e+02 7.825468041133082409e+01
2.580000000000000000e+02 8.205109176212963007e+01
2.590000000000000000e+02 8.600106418822603871e+01
2.600000000000000000e+02 9.010947303440266865e+01
2.610000000000000000e+02 9.438130019557929984e+01
2.620000000000000000e+02 9.882163507282464820e+01
2.630000000000000000e+02 1.034356755082647794e+02
2.640000000000000000e+02 1.082287286984699222e+02
2.650000000000000000e+02 1.132062120859185086e+02
2.660000000000000000e+02 1.183736542281508406e+02
2.670000000000000000e+02 1.237366956442406121e+02
2.680000000000000000e+02 1.293010896382276655e+02
2.690000000000000000e+02 1.350727030991706101e+02
2.700000000000000000e+02 1.410575172774933321e+02
2.710000000000000000e+02 1.472616285373137828e+02
2.720000000000000000e+02 1.536912490844612762e+02
2.730000000000000000e+02 1.603527076699007239e+02
2.740000000000000000e+02 1.672524502682998673e+02
2.750000000000000000e+02 1.743970407314903923e+02
2.760000000000000000e+02 1.817931614165877932e+02
2.770000000000000000e+02 1.894476137885525873e+02
2.780000000000000000e+02 1.973673189969875637e+02
2.790000000000000000e+02 2.055593184269839639e+02
2.800000000000000000e+02 2.140307742238412345e+02
2.810000000000000000e+02 2.227889697915031775e+02
2.820000000000000000e+02 2.318413102645652089e+02
2.830000000000000000e+02 2.411953229537238599e+02
2.840000000000000000e+02 2.508586577645533282e+02
2.850000000000000000e+02 2.608390875895090062e+02
2.860000000000000000e+02 2.711445086730706180e+02
2.870000000000000000e+02 2.817829409499540247e+02
2.880000000000000000e+02 2.927625283563314724e+02
2.890000000000000000e+02 3.040915391140173369e+02
2.900000000000000000e+02 3.157783659875871081e+02
2.910000000000000000e+02 3.278315265144113937e+02
2.920000000000000000e+02 3.402596632076009655e+02
2.930000000000000000e+02 3.530715437318707473e+02
2.940000000000000000e+02 3.662760610523426408e+02
2.950000000000000000e+02 3.798822335563223191e+02
2.960000000000000000e+02 3.938992051480934151e+02
2.970000000000000000e+02 4.083362453167886201e+02
2.980000000000000000e+02 4.232027491774058490e+02
2.990000000000000000e+02 4.385082374850514384e+02
3.000000000000000000e+02 4.542623566225016702e+02
3.010000000000000000e+02 4.704748785611877793e+02
3.020000000000000000e+02 4.871557007957164842e+02
3.030000000000000000e+02 5.043148462520532576e+02
3.040000000000000000e+02 5.219624631695025982e+02
3.050000000000000000e+02 5.401088249566307695e+02
3.060000000000000000e+02 5.587643300212860140e+02
3.070000000000000000e+02 5.779395015748825699e+02
3.080000000000000000e+02 5.976449874111208374e+02
3.090000000000000000e+02 6.178915596593293458e+02
3.100000000000000000e+02 6.386901145126176971e+02
3.110000000000000000e+02 6.600516719310446661e+02
3.120000000000000000e+02 6.819873753200091642e+02
3.130000000000000000e+02 7.045084911840796167e+02
3.140000000000000000e+02 7.276264087564894680e+02
3.150000000000000000e+02 7.513526396045314186e+02
3.160000000000000000e+02 7.756988172110864070e+02
3.170000000000000000e+02 8.006766965325401770e+02
3.180000000000000000e+02 8.262981535333356078e+02
3.190000000000000000e+02 8.525751846974251293e+02
3.200000000000000000e+02 8.795199065168875450e+02
3.210000000000000000e+02 9.071445549579829049e+02
3.220000000000000000e+02 9.354614849049230543e+02
3.230000000000000000e+02 9.644831695816432102e+02
3.240000000000000000e+02 9.942221999518603752e+02
3.250000000000000000e+02 1.024691284097719745e+03
3.260000000000000000e+02 1.055903246577318441e+03
3.270000000000000000e+02 1.087871027761420919e+03
3.280000000000000000e+02 1.120607683149663899e+03
3.290000000000000000e+02 1.154126382666572454e+03
3.300000000000000000e+02 1.188440409937695676e+03
3.310000000000000000e+02 1.223563161546185029e+03
3.320000000000000000e+02 1.259508146270140969e+03
3.330000000000000000e+02 1.296288984301047094e+03
3.340000000000000000e+02 1.333919406443628759e+03
3.350000000000000000e+02 1.372413253297464962e+03
3.360000000000000000e+02 1.411784474420686593e+03
3.370000000000000000e+02 1.452047127476100286e+03
3.380000000000000000e+02 1.493215377360078719e+03
3.390000000000000000e+02 1.535303495314553629e+03
3.400000000000000000e+02 1.578325858022459215e+03
3.410000000000000000e+02 1.622296946686969477e+03
3.420000000000000000e+02 1.667231346094871242e+03
3.430000000000000000e+02 1.713143743664429621e+03
3.440000000000000000e+02 1.760048928478078778e+03
3.450000000000000000e+02 1.807961790300306802e+03
3.460000000000000000e+02 1.856897318581064383e+03
3.470000000000000000e+02 1.906870601445063130e+03
3.480000000000000000e+02 1.957896824667302553e+03
3.490000000000000000e+02 2.009991270635186993e+03
3.500000000000000000e+02 2.063169317297571070e+03
3.510000000000000000e+02 2.117446437101098127e+03
3.520000000000000000e+02 2.172838195914164316e+03
3.530000000000000000e+02 2.229360251938880992e+03
3.540000000000000000e+02 2.287028354611359646e+03
3.550000000000000000e+02 2.345858343490685002e+03
3.560000000000000000e+02 2.405866147136921882e+03
3.570000000000000000e+02 2.467067781978490984e+03
3.580000000000000000e+02 2.529479351169275105e+03
3.590000000000000000e+02 2.593117043435785035e+03
3.600000000000000000e+02 2.657997131914738929e+03
3.610000000000000000e+02 2.724135972981392115e+03
3.620000000000000000e+02 2.791550005068954306e+03
3.630000000000000000e+02 2.860255747479433467e+03
3.640000000000000000e+02 2.930269799186249656e+03
3.650000000000000000e+02 3.001608837628940819e+03
3.660000000000000000e+02 3.074289617500301574e+03
3.670000000000000000e+02 3.148328969526278343e+03
3.680000000000000000e+02 3.223743799238956854e+03
3.690000000000000000e+02 3.300551085742959913e+03
3.700000000000000000e+02 3.378767880475578750e+03
3.710000000000000000e+02 3.458411305960964455e+03
3.720000000000000000e+02 3.539498554558689648e+03
3.730000000000000000e+02 3.622046887207002328e+03
3.740000000000000000e+02 3.706073632161081150e+03
3.750000000000000000e+02 3.791596183726594973e+03
3.760000000000000000e+02 3.878632000988891832e+03
3.770000000000000000e+02 3.967198606538102013e+03
3.780000000000000000e+02 4.057313585190462163e+03
3.790000000000000000e+02 4.148994582706167421e+03
3.800000000000000000e+02 4.242259304504030297e+03
3.810000000000000000e+02 4.337125514373254191e+03
3.820000000000000000e+02 4.433611033182593019e+03
3.830000000000000000e+02 4.531733737587193900e+03
3.840000000000000000e+02 4.631511558733407583e+03
3.850000000000000000e+02 4.732962480961834444e+03
3.860000000000000000e+02 4.836104540508870741e+03
3.870000000000000000e+02 4.940955824207075239e+03
3.880000000000000000e+02 5.047534468184550860e+03
3.890000000000000000e+02 5.155858656563677869e+03
3.900000000000000000e+02 5.265946620159404119e+03
3.910000000000000000e+02 5.377816635177387070e+03
3.920000000000000000e+02 5.491487021912222190e+03
3.930000000000000000e+02 5.606976143446008791e+03
3.940000000000000000e+02 5.724302404347510674e+03
3.950000000000000000e+02 5.843484249372148042e+03
3.960000000000000000e+02 5.964540162163051718e+03
3.970000000000000000e+02 6.087488663953439755e+03
3.980000000000000000e+02 6.212348312270509268e+03
3.990000000000000000e+02 6.339137699641117251e+03
4.000000000000000000e+02 6.467875452299444987e+03
4.010000000000000000e+02 6.598580228896864355e+03
4.020000000000000000e+02 6.731270719214248857e+03
4.030000000000000000e+02 6.865965642876922175e+03
4.040000000000000000e+02 7.002683748072449816e+03
4.050000000000000000e+02 7.141443810271504844e+03
4.060000000000000000e+02 7.282264630951980507e+03
4.070000000000000000e+02 7.425165036326574409e+03
4.080000000000000000e+02 7.570163876074011569e+03
4.090000000000000000e+02 7.717280022074130102e+03
4.100000000000000000e+02 7.866532367146980505e+03
4.110000000000000000e+02 8.017939823796156816e+03
4.120000000000000000e+02 8.171521322956515178e+03
4.130000000000000000e+02 8.327295812746473530e+03
4.140000000000000000e+02 8.485282257225037029e+03
4.150000000000000000e+02 8.645499635153761119e+03
4.160000000000000000e+02 8.807966938763784128e+03
4.170000000000000000e+02 8.972703172528090363e+03
4.180000000000000000e+02 9.139727351939192886e+03
4.190000000000000000e+02 9.309058502292351477e+03
4.200000000000000000e+02 9.480715657474513137e+03
4.210000000000000000e+02 9.654717858759084265e+03
4.220000000000000000e+02 9.831084153606723703e+03
4.230000000000000000e+02 1.000983359447224029e+04
4.240000000000000000e+02 1.019098523761780598e+04
4.250000000000000000e+02 1.037455814193253536e+04
4.260000000000000000e+02 1.056057136775862637e+04
4.270000000000000000e+02 1.074904397572416201e+04
4.280000000000000000e+02 1.093999502558268796e+04
4.290000000000000000e+02 1.113344357505971129e+04
4.300000000000000000e+02 1.132940867870621878e+04
4.310000000000000000e+02 1.152790938675932193e+04
4.320000000000000000e+02 1.172896474401016894e+04
4.330000000000000000e+02 1.193259378867918713e+04
4.340000000000000000e+02 1.213881555129880144e+04
4.350000000000000000e+02 1.234764905360371631e+04
4.360000000000000000e+02 1.255911330742880273e+04
4.370000000000000000e+02 1.277322731361482693e+04
4.380000000000000000e+02 1.299001006092191710e+04
4.390000000000000000e+02 1.320948052495103548e+04
4.400000000000000000e+02 1.343165766707342846e+04
4.410000000000000000e+02 1.365656043336816219e+04
4.420000000000000000e+02 1.388420775356787999e+04
4.430000000000000000e+02 1.411461854001276151e+04
4.440000000000000000e+02 1.434781168661281845e+04
4.450000000000000000e+02 1.458380606781859751e+04
4.460000000000000000e+02 1.482262053760034541e+04
4.470000000000000000e+02 1.506427392843567941e+04
4.480000000000000000e+02 1.530878505030586712e+04
4.490000000000000000e+02 1.555617268970074474e+04
4.500000000000000000e+02 1.580645560863234641e+04
4.510000000000000000e+02 1.605965254365727742e+04
4.520000000000000000e+02 1.631578220490791864e+04
4.530000000000000000e+02 1.657486327513247306e+04
4.540000000000000000e+02 1.683691440874393084e+04
4.550000000000000000e+02 1.710195423087796007e+04
4.560000000000000000e+02 1.737000133645981259e+04
4.570000000000000000e+02 1.764107428928025911e+04
4.580000000000000000e+02 1.791519162108055752e+04
4.590000000000000000e+02 1.819237183064655255e+04
4.600000000000000000e+02 1.847263338291191030e+04
4.610000000000000000e+02 1.875599470807047692e+04
4.620000000000000000e+02 1.904247420069785949e+04
4.630000000000000000e+02 1.933209021888221469e+04
4.640000000000000000e+02 1.962486108336425241e+04
4.650000000000000000e+02 1.992080507668651262e+04
4.660000000000000000e+02 2.021994044235193724e+04
4.670000000000000000e+02 2.052228538399167155e+04
4.680000000000000000e+02 2.082785806454224439e+04
4.690000000000000000e+02 2.113667660543201782e+04
4.700000000000000000e+02 2.144875908577697555e+04
4.710000000000000000e+02 2.176412354158586822e+04
4.720000000000000000e+02 2.208278796497467192e+04
4.730000000000000000e+02 2.240477030339041085e+04
4.740000000000000000e+02 2.273008845884434413e+04
4.750000000000000000e+02 2.305876028715448774e+04
4.760000000000000000e+02 2.339080359719747139e+04
4.770000000000000000e+02 2.372623615016978511e+04
4.780000000000000000e+02 2.406507565885835356e+04
4.790000000000000000e+02 2.440733978692041637e+04
4.800000000000000000e+02 2.475304614817280526e+04
4.810000000000000000e+02 2.510221230589049810e+04
4.820000000000000000e+02 2.545485577211446798e+04
4.830000000000000000e+02 2.581099400696890007e+04
4.840000000000000000e+02 2.617064441798761982e+04
4.850000000000000000e+02 2.653382435944985264e+04
4.860000000000000000e+02 2.690055113172518031e+04
4.870000000000000000e+02 2.727084198062779615e+04
4.880000000000000000e+02 2.764471409677991323e+04
4.890000000000000000e+02 2.802218461498442775e+04
4.900000000000000000e+02 2.840327061360669904e+04
4.910000000000000000e+02 2.878798911396554468e+04
4.920000000000000000e+02 2.917635707973329045e+04
4.930000000000000000e+02 2.956839141634497355e+04
4.940000000000000000e+02 2.996410897041659337e+04
4.950000000000000000e+02 3.036352652917242085e+04
4.960000000000000000e+02 3.076666081988131555e+04
4.970000000000000000e+02 3.117352850930199929e+04
4.980000000000000000e+02 3.158414620313735213e+04
4.990000000000000000e+02 3.199853044549754850e+04
5.000000000000000000e+02 3.241669771837214648e+04
5.010000000000000000e+02 3.283866444111098826e+04
5.020000000000000000e+02 3.326444696991388628e+04
5.030000000000000000e+02 3.369406159732919332e+04
5.040000000000000000e+02 3.412752455176101648e+04
5.050000000000000000e+02 3.456485199698516226e+04
5.060000000000000000e+02 3.500606003167375457e+04
5.070000000000000000e+02 3.545116468892846751e+04
5.080000000000000000e+02 3.590018193582232925e+04
5.090000000000000000e+02 3.635312767295010417e+04
5.100000000000000000e+02 3.681001773398712248e+04
5.110000000000000000e+02 3.727086788525659358e+04
5.120000000000000000e+02 3.773569382530532312e+04
5.130000000000000000e+02 3.820451118448776833e+04
5.140000000000000000e+02 3.867733552455849713e+04
5.150000000000000000e+02 3.915418233827275981e+04
5.160000000000000000e+02 3.963506704899547913e+04
5.170000000000000000e+02 4.012000501031828026e+04
5.180000000000000000e+02 4.060901150568466983e+04
5.190000000000000000e+02 4.110210174802335678e+04
5.200000000000000000e+02 4.159929087938954763e+04
5.210000000000000000e+02 4.210059397061425989e+04
5.220000000000000000e+02 4.260602602096150804e+04
5.230000000000000000e+02 4.311560195779344212e+04
5.240000000000000000e+02 4.362933663624328619e+04
5.250000000000000000e+02 4.414724483889601834e+04
5.260000000000000000e+02 4.466934127547685057e+04
5.270000000000000000e+02 4.519564058254730480e+04
5.280000000000000000e+02 4.572615732320892130e+04
5.290000000000000000e+02 4.626090598681462143e+04
5.300000000000000000e+02 4.679990098868744099e+04
5.310000000000000000e+02 4.734315666984681593e+04
5.320000000000000000e+02 4.789068729674227507e+04
5.330000000000000000e+02 4.844250706099440868e+04
5.340000000000000000e+02 4.899863007914317132e+04
5.350000000000000000e+02 4.955907039240346785e+04
5.360000000000000000e+02 5.012384196642784809e+04
5.370000000000000000e+02 5.069295869107636099e+04
5.380000000000000000e+02 5.126643438019346650e+04
5.390000000000000000e+02 5.184428277139196871e+04
5.400000000000000000e+02 5.242651752584391215e+04
5.410000000000000000e+02 5.301315222807835380e+04
5.420000000000000000e+02 5.360420038578604726e+04
5.430000000000000000e+02 5.419967542963074811e+04
5.440000000000000000e+02 5.479959071306748228e+04
5.450000000000000000e+02 5.540395951216728281e+04
5.460000000000000000e+02 5.601279502544863499e+04
5.470000000000000000e+02 5.662611037371547718e+04
5.480000000000000000e+02 5.724391859990167723e+04
5.490000000000000000e+02 5.786623266892191896e+04
5.500000000000000000e+02 5.849306546752907161e+04
5.510000000000000000e+02 5.912442980417775107e+04
5.520000000000000000e+02 5.976033840889427665e+04
5.530000000000000000e+02 6.040080393315272522e+04
5.540000000000000000e+02 6.104583894975718431e+04
5.550000000000000000e+02 6.169545595273016079e+04
5.560000000000000000e+02 6.234966735720688303e+04
5.570000000000000000e+02 6.300848549933570030e+04
5.580000000000000000e+02 6.367192263618435391e+04
5.590000000000000000e+02 6.433999094565207633e+04
5.600000000000000000e+02 6.501270252638759121e+04
5.610000000000000000e+02 6.569006939771272300e+04
5.620000000000000000e+02 6.637210349955179845e+04
5.630000000000000000e+02 6.705881669236667221e+04
5.640000000000000000e+02 6.775022075709723867e+04
5.650000000000000000e+02 6.844632739510753890e+04
5.660000000000000000e+02 6.914714822813728824e+04
5.670000000000000000e+02 6.985269479825881717e+04
5.680000000000000000e+02 7.056297856783935276e+04
5.690000000000000000e+02 7.127801091950855334e+04
5.700000000000000000e+02 7.199780315613135463e+04
5.710000000000000000e+02 7.272236650078580715e+04
5.720000000000000000e+02 7.345171209674632701e+04
5.730000000000000000e+02 7.418585100747163233e+04
5.740000000000000000e+02 7.492479421659800573e+04
5.750000000000000000e+02 7.566855262793734437e+04
5.760000000000000000e+02 7.641713706548002665e+04
5.770000000000000000e+02 7.717055827340285759e+04
5.780000000000000000e+02 7.792882691608148161e+04
5.790000000000000000e+02 7.869195357810785936e+04
5.800000000000000000e+02 7.945994876431202283e+04
5.810000000000000000e+02 8.023282289978874906e+04
5.820000000000000000e+02 8.101058632992873027e+04
5.830000000000000000e+02 8.179324932045408059e+04
5.840000000000000000e+02 8.258082205745848478e+04
5.850000000000000000e+02 8.337331464745168341e+04
5.860000000000000000e+02 8.417073711740816361e+04
5.870000000000000000e+02 8.497309941482043359e+04
5.880000000000000000e+02 8.578041140775609529e+04
5.890000000000000000e+02 8.659268288491957355e+04
5.900000000000000000e+02 8.740992355571761436e+04
5.910000000000000000e+02 8.823214305032897391e+04
5.920000000000000000e+02 8.905935091977818229e+04
5.930000000000000000e+02 8.989155663601323613e+04
5.940000000000000000e+02 9.072876959198711847e+04
5.950000000000000000e+02 9.157099910174333490e+04
5.960000000000000000e+02 9.241825440050513134e+04
5.970000000000000000e+02 9.327054464476858266e+04
5.980000000000000000e+02 9.412787891239929013e+04
5.990000000000000000e+02 9.499026620273283334e+04
6.000000000000000000e+02 9.585771543667869992e+04
6.010000000000000000e+02 9.673023545682799886e+04
6.020000000000000000e+02 9.760783502756440430e+04
6.030000000000000000e+02 9.849052283517876640e+04
6.040000000000000000e+02 9.937830748798706918e+04
6.050000000000000000e+02 1.002711975164517498e+05
6.060000000000000000e+02 1.011692013733063068e+05
6.070000000000000000e+02 1.020723274336832401e+05
6.080000000000000000e+02 1.029805839952451061e+05
6.090000000000000000e+02 1.038939792783188750e+05
6.100000000000000000e+02 1.048125214260332868e+05
6.110000000000000000e+02 1.057362185044593934e+05
6.120000000000000000e+02 1.066650785027539823e+05
6.130000000000000000e+02 1.075991093333062308e+05
6.140000000000000000e+02 1.085383188318869215e+05
6.150000000000000000e+02 1.094827147578010627e+05
6.160000000000000000e+02 1.104323047940427641e+05
6.170000000000000000e+02 1.113870965474534460e+05
6.180000000000000000e+02 1.123470975488824479e+05
6.190000000000000000e+02 1.133123152533505054e+05
6.200000000000000000e+02 1.142827570402159181e+05
6.210000000000000000e+02 1.152584302133431920e+05
6.220000000000000000e+02 1.162393420012744027e+05
6.230000000000000000e+02 1.172254995574031782e+05
6.240000000000000000e+02 1.182169099601508060e+05
6.250000000000000000e+02 1.192135802131452801e+05
6.260000000000000000e+02 1.202155172454023850e+05
6.270000000000000000e+02 1.212227279115092970e+05
6.280000000000000000e+02 1.222352189918106160e+05
6.290000000000000000e+02 1.232529971925963764e+05
6.300000000000000000e+02 1.242760691462926916e+05
6.310000000000000000e+02 1.253044414116542903e+05
6.320000000000000000e+02 1.263381204739593668e+05
6.330000000000000000e+02 1.273771127452065848e+05
6.340000000000000000e+02 1.284214245643140457e+05
6.350000000000000000e+02 1.294710621973203961e+05
6.360000000000000000e+02 1.305260318375879287e+05
6.370000000000000000e+02 1.315863396060076775e+05
6.380000000000000000e+02 1.326519915512063308e+05
6.390000000000000000e+02 1.337229936497551971e+05
6.400000000000000000e+02 1.347993518063810188e+05
6.410000000000000000e+02 1.358810718541782699e+05
6.420000000000000000e+02 1.369681595548239129e+05
6.430000000000000000e+02 1.380606205987932044e+05
6.440000000000000000e+02 1.391584606055775366e+05
6.450000000000000000e+02 1.402616851239040843e+05
6.460000000000000000e+02 1.413702996319567901e+05
6.470000000000000000e+02 1.424843095375991834e+05
6.480000000000000000e+02 1.436037201785986545e+05
6.490000000000000000e+02 1.447285368228522420e+05
6.500000000000000000e+02 1.458587646686141379e+05
6.510000000000000000e+02 1.469944088447243266e+05
6.520000000000000000e+02 1.481354744108389714e+05
6.530000000000000000e+02 1.492819663576619059e+05
6.540000000000000000e+02 1.504338896071778727e+05
6.550000000000000000e+02 1.515912490128866630e+05
6.560000000000000000e+02 1.527540493600390037e+05
6.570000000000000000e+02 1.539222953658732586e+05
6.580000000000000000e+02 1.550959916798537306e+05
6.590000000000000000e+02 1.562751428839100990e+05
6.600000000000000000e+02 1.574597534926778753e+05
6.610000000000000000e+02 1.586498279537401395e+05
6.620000000000000000e+02 1.598453706478704989e+05
6.630000000000000000e+02 1.610463858892768039e+05
6.640000000000000000e+02 1.622528779258463474e+05
6.650000000000000000e+02 1.634648509393916756e+05
6.660000000000000000e+02 1.646823090458977385e+05
6.670000000000000000e+02 1.659052562957698246e+05
6.680000000000000000e+02 1.671336966740825155e+05
6.690000000000000000e+02 1.683676341008295130e+05
6.700000000000000000e+02 1.696070724311743397e+05
6.710000000000000000e+02 1.708520154557020287e+05
6.720000000000000000e+02 1.721024669006714248e+05
6.730000000000000000e+02 1.733584304282685043e+05
6.740000000000000000e+02 1.746199096368604223e+05
6.750000000000000000e+02 1.758869080612501130e+05
6.760000000000000000e+02 1.771594291729319957e+05
6.770000000000000000e+02 1.784374763803480018e+05
6.780000000000000000e+02 1.797210530291446194e+05
6.790000000000000000e+02 1.810101624024302582e+05
6.800000000000000000e+02 1.823048077210334304e+05
6.810000000000000000e+02 1.836049921437616576e+05
6.820000000000000000e+02 1.849107187676605536e+05
6.830000000000000000e+02 1.862219906282739830e+05
6.840000000000000000e+02 1.875388106999042211e+05
6.850000000000000000e+02 1.888611818958730728e+05
6.860000000000000000e+02 1.901891070687832544e+05
6.870000000000000000e+02 1.915225890107801533e+05
6.880000000000000000e+02 1.928616304538141703e+05
6.890000000000000000e+02 1.942062340699036140e+05
6.900000000000000000e+02 1.955564024713975959e+05
6.910000000000000000e+02 1.969121382112396823e+05
6.920000000000000000e+02 1.982734437832315452e+05
6.930000000000000000e+02 1.996403216222974006e+05
6.940000000000000000e+02 2.010127741047482705e+05
6.950000000000000000e+02 2.023908035485469154e+05
6.960000000000000000e+02 2.037744122135726502e+05
6.970000000000000000e+02 2.051636023018869455e+05
6.980000000000000000e+02 2.065583759579986800e+05
6.990000000000000000e+02 2.079587352691299166e+05
7.000000000000000000e+02 2.093646822654819698e+05
7.010000000000000000e+02 2.107762189205011819e+05
7.020000000000000000e+02 2.121933471511454845e+05
7.030000000000000000e+02 2.136160688181505539e+05
7.040000000000000000e+02 2.150443857262963429e+05
7.050000000000000000e+02 2.164782996246736730e+05
7.060000000000000000e+02 2.179178122069507954e+05
7.070000000000000000e+02 2.193629251116401865e+05
7.080000000000000000e+02 2.208136399223653716e+05
7.090000000000000000e+02 2.222699581681274576e+05
7.100000000000000000e+02 2.237318813235721318e+05
7.110000000000000000e+02 2.251994108092563110e+05
7.120000000000000000e+02 2.266725479919150239e+05
7.130000000000000000e+02 2.281512941847280017e+05
7.140000000000000000e+02 2.296356506475862698e+05
7.150000000000000000e+02 2.311256185873590002e+05
7.160000000000000000e+02 2.326211991581595794e+05
7.170000000000000000e+02 2.341223934616124025e+05
7.180000000000000000e+02 2.356292025471188244e+05
7.190000000000000000e+02 2.371416274121235474e+05
7.200000000000000000e+02 2.386596690023803967e+05
7.210000000000000000e+02 2.401833282122181263e+05
7.220000000000000000e+02 2.417126058848062530e+05
7.230000000000000000e+02 2.432475028124203091e+05
7.240000000000000000e+02 2.447880197367072105e+05
7.250000000000000000e+02 2.463341573489501025e+05
7.260000000000000000e+02 2.478859162903333199e+05
7.270000000000000000e+02 2.494432971522068547e+05
7.280000000000000000e+02 2.510063004763506469e+05
7.290000000000000000e+02 2.525749267552384408e+05
7.300000000000000000e+02 2.541491764323017560e+05
7.310000000000000000e+02 2.557290499021931901e+05
7.320000000000000000e+02 2.573145475110494881e+05
7.330000000000000000e+02 2.589056695567542629e+05
7.340000000000000000e+02 2.605024162892007153e+05
7.350000000000000000e+02 2.621047879105534230e+05
7.360000000000000000e+02 2.637127845755104208e+05
7.370000000000000000e+02 2.653264063915640581e+05
7.380000000000000000e+02 2.669456534192628460e+05
7.390000000000000000e+02 2.685705256724709761e+05
7.400000000000000000e+02 2.702010231186295860e+05
7.410000000000000000e+02 2.718371456790158991e+05
7.420000000000000000e+02 2.734788932290026569e+05
7.430000000000000000e+02 2.751262655983173754e+05
7.440000000000000000e+02 2.767792625713004963e+05
7.450000000000000000e+02 2.784378838871635962e+05
7.460000000000000000e+02 2.801021292402470135e+05
7.470000000000000000e+02 2.817719982802767772e+05
7.480000000000000000e+02 2.834474906126214773e+05
7.490000000000000000e+02 2.851286057985480293e+05
7.500000000000000000e+02 2.868153433554776711e+05
7.510000000000000000e+02 2.885077027572409716e+05
7.520000000000000000e+02 2.902056834343322553e+05
7.530000000000000000e+02 2.919092847741641453e+05
7.540000000000000000e+02 2.936185061213203007e+05
7.550000000000000000e+02 2.953333467778093764e+05
7.560000000000000000e+02 2.970538060033167130e+05
7.570000000000000000e+02 2.987798830154565512e+05
7.580000000000000000e+02 3.005115769900233718e+05
7.590000000000000000e+02 3.022488870612425962e+05
7.600000000000000000e+02 3.039918123220207635e+05
7.610000000000000000e+02 3.057403518241947168e+05
7.620000000000000000e+02 3.074945045787813142e+05
7.630000000000000000e+02 3.092542695562253357e+05
7.640000000000000000e+02 3.110196456866472145e+05
7.650000000000000000e+02 3.127906318600902450e+05
7.660000000000000000e+02 3.145672269267672673e+05
7.670000000000000000e+02 3.163494296973062446e+05
7.680000000000000000e+02 3.181372389429958421e+05
7.690000000000000000e+02 3.199306533960296074e+05
7.700000000000000000e+02 3.217296717497505015e+05
7.710000000000000000e+02 3.235342926588935079e+05
7.720000000000000000e+02 3.253445147398287663e+05
7.730000000000000000e+02 3.271603365708034253e+05
7.740000000000000000e+02 3.289817566921826801e+05
7.750000000000000000e+02 3.308087736066908110e+05
7.760000000000000000e+02 3.326413857796507073e+05
7.770000000000000000e+02 3.344795916392233339e+05
7.780000000000000000e+02 3.363233895766461501e+05
7.790000000000000000e+02 3.381727779464710038e+05
7.800000000000000000e+02 3.400277550668011536e+05
7.810000000000000000e+02 3.418883192195279989e+05
7.820000000000000000e+02 3.437544686505663558e+05
7.830000000000000000e+02 3.456262015700897900e+05
7.840000000000000000e+02 3.475035161527647870e+05
7.850000000000000000e+02 3.493864105379838729e+05
7.860000000000000000e+02 3.512748828300993191e+05
7.870000000000000000e+02 3.531689310986542841e+05
7.880000000000000000e+02 3.550685533786147134e+05
7.890000000000000000e+02 3.569737476705997251e+05
7.900000000000000000e+02 3.588845119411112973e+05
7.910000000000000000e+02 3.608008441227636067e+05
7.920000000000000000e+02 3.627227421145113185e+05
7.930000000000000000e+02 3.646502037818768295e+05
7.940000000000000000e+02 3.665832269571777433e+05
7.950000000000000000e+02 3.685218094397519017e+05
7.960000000000000000e+02 3.704659489961838117e+05
7.970000000000000000e+02 3.724156433605280472e+05
7.980000000000000000e+02 3.743708902345336974e+05
7.990000000000000000e+02 3.763316872878673021e+05
8.000000000000000000e+02 3.782980321583342738e+05
8.010000000000000000e+02 3.802699224521012511e+05
8.020000000000000000e+02 3.822473557439161232e+05
8.030000000000000000e+02 3.842303295773275895e+05
8.040000000000000000e+02 3.862188414649050101e+05
8.050000000000000000e+02 3.882128888884558110e+05
8.060000000000000000e+02 3.902124692992432974e+05
8.070000000000000000e+02 3.922175801182032446e+05
8.080000000000000000e+02 3.942282187361594988e+05
8.090000000000000000e+02 3.962443825140392873e+05
8.100000000000000000e+02 3.982660687830873067e+05
8.110000000000000000e+02 4.002932748450789368e+05
8.120000000000000000e+02 4.023259979725332232e+05
8.130000000000000000e+02 4.043642354089245200e+05
8.140000000000000000e+02 4.064079843688931433e+05
8.150000000000000000e+02 4.084572420384559082e+05
8.160000000000000000e+02 4.105120055752154440e+05
8.170000000000000000e+02 4.125722721085686353e+05
8.180000000000000000e+02 4.146380387399141910e+05
8.190000000000000000e+02 4.167093025428599212e+05
8.200000000000000000e+02 4.187860605634283856e+05
8.210000000000000000e+02 4.208683098202624824e+05
8.220000000000000000e+02 4.229560473048295826e+05
8.230000000000000000e+02 4.250492699816256063e+05
8.240000000000000000e+02 4.271479747883771779e+05
8.250000000000000000e+02 4.292521586362439557e+05
8.260000000000000000e+02 4.313618184100200888e+05
8.270000000000000000e+02 4.334769509683335782e+05
8.280000000000000000e+02 4.355975531438467442e+05
8.290000000000000000e+02 4.377236217434542486e+05
8.300000000000000000e+02 4.398551535484815249e+05
8.310000000000000000e+02 4.419921453148807050e+05
8.320000000000000000e+02 4.441345937734281179e+05
8.330000000000000000e+02 4.462824956299185287e+05
8.340000000000000000e+02 4.484358475653603091e+05
8.350000000000000000e+02 4.505946462361688027e+05
8.360000000000000000e+02 4.527588882743592840e+05
8.370000000000000000e+02 4.549285702877391013e+05
8.380000000000000000e+02 4.571036888600983075e+05
8.390000000000000000e+02 4.592842405514008133e+05
8.400000000000000000e+02 4.614702218979732133e+05
8.410000000000000000e+02 4.636616294126939611e+05
8.420000000000000000e+02 4.658584595851809136e+05
8.430000000000000000e+02 4.680607088819785276e+05
8.440000000000000000e+02 4.702683737467441242e+05
8.450000000000000000e+02 4.724814506004328723e+05
8.460000000000000000e+02 4.746999358414828894e+05
8.470000000000000000e+02 4.769238258459985955e+05
8.480000000000000000e+02 4.791531169679336017e+05
8.490000000000000000e+02 4.813878055392728420e+05
8.500000000000000000e+02 4.836278878702139482e+05
8.510000000000000000e+02 4.858733602493472281e+05
8.520000000000000000e+02 4.881242189438358764e+05
8.530000000000000000e+02 4.903804601995939156e+05
8.540000000000000000e+02 4.926420802414650097e+05
8.550000000000000000e+02 4.949090752733987756e+05
8.560000000000000000e+02 4.971814414786275593e+05
8.570000000000000000e+02 4.994591750198416994e+05
8.580000000000000000e+02 5.017422720393640921e+05
8.590000000000000000e+02 5.040307286593241151e+05
8.600000000000000000e+02 5.063245409818307380e+05
8.610000000000000000e+02 5.086237050891443505e+05
8.620000000000000000e+02 5.109282170438484172e+05
8.630000000000000000e+02 5.132380728890198516e+05
8.640000000000000000e+02 5.155532686483988655e+05
8.650000000000000000e+02 5.178738003265575971e+05
8.660000000000000000e+02 5.201996639090685640e+05
8.670000000000000000e+02 5.225308553626716021e+05
8.680000000000000000e+02 5.248673706354408059e+05
8.690000000000000000e+02 5.272092056569494307e+05
8.700000000000000000e+02 5.295563563384355512e+05
8.710000000000000000e+02 5.319088185729656834e+05
8.720000000000000000e+02 5.342665882355975918e+05
8.730000000000000000e+02 5.366296611835438525e+05
8.740000000000000000e+02 5.389980332563325064e+05
8.750000000000000000e+02 5.413717002759680618e+05
8.760000000000000000e+02 5.437506580470917979e+05
8.770000000000000000e+02 5.461349023571407888e+05
8.780000000000000000e+02 5.485244289765065769e+05
8.790000000000000000e+02 5.509192336586921010e+05
8.800000000000000000e+02 5.533193121404694393e+05
8.810000000000000000e+02 5.557246601420352235e+05
8.820000000000000000e+02 5.581352733671664027e+05
8.830000000000000000e+02 5.605511475033739116e+05
8.840000000000000000e+02 5.629722782220572699e+05
8.850000000000000000e+02 5.653986611786568537e+05
8.860000000000000000e+02 5.678302920128062833e+05
8.870000000000000000e+02 5.702671663484835299e+05
8.880000000000000000e+02 5.727092797941614408e+05
8.890000000000000000e+02 5.751566279429582646e+05
8.900000000000000000e+02 5.776092063727851491e+05
8.910000000000000000e+02 5.800670106464956189e+05
8.920000000000000000e+02 5.825300363120328402e+05
8.930000000000000000e+02 5.849982789025756065e+05
8.940000000000000000e+02 5.874717339366849046e+05
8.950000000000000000e+02 5.899503969184488524e+05
8.960000000000000000e+02 5.924342633376268204e+05
8.970000000000000000e+02 5.949233286697932053e+05
8.980000000000000000e+02 5.974175883764808532e+05
8.990000000000000000e+02 5.999170379053216893e+05
9.000000000000000000e+02 6.024216726901896764e+05
9.010000000000000000e+02 6.049314881513400469e+05
9.020000000000000000e+02 6.074464796955501661e+05
9.030000000000000000e+02 6.099666427162578329e+05
9.040000000000000000e+02 6.124919725936999312e+05
9.050000000000000000e+02 6.150224646950501483e+05
9.060000000000000000e+02 6.175581143745549489e+05
9.070000000000000000e+02 6.200989169736710610e+05
9.080000000000000000e+02 6.226448678211995866e+05
9.090000000000000000e+02 6.251959622334209271e+05
9.100000000000000000e+02 6.277521955142292427e+05
9.110000000000000000e+02 6.303135629552644677e+05
9.120000000000000000e+02 6.328800598360458389e+05
9.130000000000000000e+02 6.354516814241025131e+05
9.140000000000000000e+02 6.380284229751055827e+05
9.150000000000000000e+02 6.406102797329971800e+05
9.160000000000000000e+02 6.431972469301210949e+05
9.170000000000000000e+02 6.457893197873504832e+05
9.180000000000000000e+02 6.483864935142163886e+05
9.190000000000000000e+02 6.509887633090354502e+05
9.200000000000000000e+02 6.535961243590358645e+05
9.210000000000000000e+02 6.562085718404833460e+05
9.220000000000000000e+02 6.588261009188069729e+05
9.230000000000000000e+02 6.614487067487230524e+05
9.240000000000000000e+02 6.640763844743589871e+05
9.250000000000000000e+02 6.667091292293765582e+05
9.260000000000000000e+02 6.693469361370941624e+05
9.270000000000000000e+02 6.719898003106086981e+05
9.280000000000000000e+02 6.746377168529162882e+05
9.290000000000000000e+02 6.772906808570325375e+05
9.300000000000000000e+02 6.799486874061124399e+05
9.310000000000000000e+02 6.826117315735691227e+05
9.320000000000000000e+02 6.852798084231921239e+05
9.330000000000000000e+02 6.879529130092649721e+05
9.340000000000000000e+02 6.906310403766818345e+05
9.350000000000000000e+02 6.933141855610639323e+05
9.360000000000000000e+02 6.960023435888749082e+05
9.370000000000000000e+02 6.986955094775361940e+05
9.380000000000000000e+02 7.013936782355399337e+05
9.390000000000000000e+02 7.040968448625642341e+05
9.400000000000000000e+02 7.068050043495842256e+05
9.410000000000000000e+02 7.095181516789854504e+05
9.420000000000000000e+02 7.122362818246751558e+05
9.430000000000000000e+02 7.149593897521926556e+05
9.440000000000000000e+02 7.176874704188196920e+05
9.450000000000000000e+02 7.204205187736909138e+05
9.460000000000000000e+02 7.231585297579008620e+05
9.470000000000000000e+02 7.259014983046145644e+05
9.480000000000000000e+02 7.286494193391727749e+05
9.490000000000000000e+02 7.314022877792008221e+05
9.500000000000000000e+02 7.341600985347137321e+05
9.510000000000000000e+02 7.369228465082226321e+05
9.520000000000000000e+02 7.396905265948390588e+05
9.530000000000000000e+02 7.424631336823800812e+05
9.540000000000000000e+02 7.452406626514719101e+05
9.550000000000000000e+02 7.480231083756524604e+05
9.560000000000000000e+02 7.508104657214746112e+05
9.570000000000000000e+02 7.536027295486076036e+05
9.580000000000000000e+02 7.563998947099385550e+05
9.590000000000000000e+02 7.592019560516732745e+05
9.600000000000000000e+02 7.620089084134357981e+05
9.610000000000000000e+02 7.648207466283678077e+05
9.620000000000000000e+02 7.676374655232285149e+05
9.630000000000000000e+02 7.704590599184914026e+05
9.640000000000000000e+02 7.732855246284429450e+05
9.650000000000000000e+02 7.761168544612785336e+05
9.660000000000000000e+02 7.789530442192002665e+05
9.670000000000000000e+02 7.817940886985111283e+05
9.680000000000000000e+02 7.846399826897116145e+05
9.690000000000000000e+02 7.874907209775935626e+05
9.700000000000000000e+02 7.903462983413342154e+05
9.710000000000000000e+02 7.932067095545898192e+05
9.720000000000000000e+02 7.960719493855886394e+05
9.730000000000000000e+02 7.989420125972225796e+05
9.740000000000000000e+02 8.018168939471393824e+05
9.750000000000000000e+02 8.046965881878337823e+05
9.760000000000000000e+02 8.075810900667377282e+05
9.770000000000000000e+02 8.104703943263103720e+05
9.780000000000000000e+02 8.133644957041273592e+05
9.790000000000000000e+02 8.162633889329703525e+05
9.800000000000000000e+02 8.191670687409141101e+05
9.810000000000000000e+02 8.220755298514149617e+05
9.820000000000000000e+02 8.249887669833977707e+05
9.830000000000000000e+02 8.279067748513424303e+05
9.840000000000000000e+02 8.308295481653695460e+05
9.850000000000000000e+02 8.337570816313268151e+05
9.860000000000000000e+02 8.366893699508728459e+05
9.870000000000000000e+02 8.396264078215621412e+05
9.880000000000000000e+02 8.425681899369285675e+05
9.890000000000000000e+02 8.455147109865688253e+05
9.900000000000000000e+02 8.484659656562255695e+05
9.910000000000000000e+02 8.514219486278684344e+05
9.920000000000000000e+02 8.543826545797766885e+05
9.930000000000000000e+02 8.573480781866202597e+05
9.940000000000000000e+02 8.603182141195393633e+05
9.950000000000000000e+02 8.632930570462262258e+05
9.960000000000000000e+02 8.662726016310029663e+05
9.970000000000000000e+02 8.692568425349014578e+05
9.980000000000000000e+02 8.722457744157416746e+05
9.990000000000000000e+02 8.752393919282093411e+05
