# BB temperature (K); Intensity through filter (ph/s/m^2/mas^2)
1.000000000000000000e+01 0.000000000000000000e+00
1.100000000000000000e+01 0.000000000000000000e+00
1.200000000000000000e+01 0.000000000000000000e+00
1.300000000000000000e+01 0.000000000000000000e+00
1.400000000000000000e+01 0.000000000000000000e+00
1.500000000000000000e+01 0.000000000000000000e+00
1.600000000000000000e+01 0.000000000000000000e+00
1.700000000000000000e+01 0.000000000000000000e+00
1.800000000000000000e+01 0.000000000000000000e+00
1.900000000000000000e+01 0.000000000000000000e+00
2.000000000000000000e+01 0.000000000000000000e+00
2.100000000000000000e+01 1.767900465425601761e-57
2.200000000000000000e+01 1.155069498859917951e-54
2.300000000000000000e+01 4.407399628915359020e-52
2.400000000000000000e+01 1.043280894497780513e-49
2.500000000000000000e+01 1.614798159953790437e-47
2.600000000000000000e+01 1.711077135316461312e-45
2.700000000000000000e+01 1.291936010328734850e-43
2.800000000000000000e+01 7.197771891992439735e-42
2.900000000000000000e+01 3.050601952822359198e-40
3.000000000000000000e+01 1.010167760494015135e-38
3.100000000000000000e+01 2.675407150662688360e-37
3.200000000000000000e+01 5.785229862666788148e-36
3.300000000000000000e+01 1.040113204321810148e-34
3.400000000000000000e+01 1.580007011365738258e-33
3.500000000000000000e+01 2.057133668416881606e-32
3.600000000000000000e+01 2.324983433994333512e-31
3.700000000000000000e+01 2.307122759831022302e-30
3.800000000000000000e+01 2.030678250217588878e-29
3.900000000000000000e+01 1.599956220614316899e-28
4.000000000000000000e+01 1.137770607544949924e-27
4.100000000000000000e+01 7.357282009571446784e-27
4.200000000000000000e+01 4.355387081617393673e-26
4.300000000000000000e+01 2.374885397585405046e-25
4.400000000000000000e+01 1.199457157625050186e-24
4.500000000000000000e+01 5.639737279889860690e-24
4.600000000000000000e+01 2.480162866121288286e-23
4.700000000000000000e+01 1.024455960408789863e-22
4.800000000000000000e+01 3.990155333823732958e-22
4.900000000000000000e+01 1.470699589414197937e-21
5.000000000000000000e+01 5.146669710982430257e-21
5.100000000000000000e+01 1.715203320797661118e-20
5.200000000000000000e+01 5.458957830563391158e-20
5.300000000000000000e+01 1.663546789830634615e-19
5.400000000000000000e+01 4.865581059583889997e-19
5.500000000000000000e+01 1.368915130217593458e-18
5.600000000000000000e+01 3.712439042464480953e-18
5.700000000000000000e+01 9.723423303044954787e-18
5.800000000000000000e+01 2.463966174201311741e-17
5.900000000000000000e+01 6.051068006598711473e-17
6.000000000000000000e+01 1.442410635530417537e-16
6.100000000000000000e+01 3.342250213513046485e-16
6.200000000000000000e+01 7.538327844687305357e-16
6.300000000000000000e+01 1.657114282531202249e-15
6.400000000000000000e+01 3.554610841695981760e-15
6.500000000000000000e+01 7.448737689601501435e-15
6.600000000000000000e+01 1.526453787766038028e-14
6.700000000000000000e+01 3.062153966062225059e-14
6.800000000000000000e+01 6.018932480953765842e-14
6.900000000000000000e+01 1.160230343136496984e-13
7.000000000000000000e+01 2.195142221954168763e-13
7.100000000000000000e+01 4.079584322657274703e-13
7.200000000000000000e+01 7.452915572638302399e-13
7.300000000000000000e+01 1.339362582571768719e-12
7.400000000000000000e+01 2.369299838007518037e-12
7.500000000000000000e+01 4.128237757600550776e-12
7.600000000000000000e+01 7.089094928919452407e-12
7.700000000000000000e+01 1.200448431685170574e-11
7.800000000000000000e+01 2.005651781420180193e-11
7.900000000000000000e+01 3.307865244072205752e-11
8.000000000000000000e+01 5.388033257427025339e-11
8.100000000000000000e+01 8.671665395171026168e-11
8.200000000000000000e+01 1.379603984066636167e-10
8.300000000000000000e+01 2.170535183218081722e-10
8.400000000000000000e+01 3.378406319371527780e-10
8.500000000000000000e+01 5.204196845200367119e-10
8.600000000000000000e+01 7.936862334333114986e-10
8.700000000000000000e+01 1.198799685887366252e-09
8.800000000000000000e+01 1.793864398184605945e-09
8.900000000000000000e+01 2.660198279057268217e-09
9.000000000000000000e+01 3.910659191892449580e-09
9.100000000000000000e+01 5.700618119677427280e-09
9.200000000000000000e+01 8.242311184038289680e-09
9.300000000000000000e+01 1.182347398502755936e-08
9.400000000000000000e+01 1.683136548685621522e-08
9.500000000000000000e+01 2.378352929074190037e-08
9.600000000000000000e+01 3.336692240790803726e-08
9.700000000000000000e+01 4.648737067467704545e-08
9.800000000000000000e+01 6.433169111244759492e-08
9.900000000000000000e+01 8.844526044029027936e-08
1.000000000000000000e+02 1.208283114024337623e-07
1.010000000000000000e+02 1.640548105247531844e-07
1.020000000000000000e+02 2.214184183954438550e-07
1.030000000000000000e+02 2.971107626272496585e-07
1.040000000000000000e+02 3.964380703038694254e-07
1.050000000000000000e+02 5.260831168188006878e-07
1.060000000000000000e+02 6.944204572550861530e-07
1.070000000000000000e+02 9.118940202188847676e-07
1.080000000000000000e+02 1.191467367350668297e-06
1.090000000000000000e+02 1.549158259166313457e-06
1.100000000000000000e+02 2.004670623463722057e-06
1.110000000000000000e+02 2.582138599691494999e-06
1.120000000000000000e+02 3.310999034144935204e-06
1.130000000000000000e+02 4.227010628595745746e-06
1.140000000000000000e+02 5.373439900106298804e-06
1.150000000000000000e+02 6.802436192563340730e-06
1.160000000000000000e+02 8.576620190176836704e-06
1.170000000000000000e+02 1.077091271812025692e-05
1.180000000000000000e+02 1.347463307290129666e-05
1.190000000000000000e+02 1.679389870115147458e-05
1.200000000000000000e+02 2.085436073543915370e-05
1.210000000000000000e+02 2.580431269349303224e-05
1.220000000000000000e+02 3.181821254584510660e-05
1.230000000000000000e+02 3.910066134827412004e-05
1.240000000000000000e+02 4.789088471042809026e-05
1.250000000000000000e+02 5.846776652050151213e-05
1.260000000000000000e+02 7.115548755675655645e-05
1.270000000000000000e+02 8.632982487802631007e-05
1.280000000000000000e+02 1.044251711843024956e-04
1.290000000000000000e+02 1.259423366615009584e-04
1.300000000000000000e+02 1.514571991572447019e-04
1.310000000000000000e+02 1.816302718621316370e-04
1.320000000000000000e+02 2.172172609780689259e-04
1.330000000000000000e+02 2.590806891260633081e-04
1.340000000000000000e+02 3.082026634642294526e-04
1.350000000000000000e+02 3.656988706363777921e-04
1.360000000000000000e+02 4.328338837359303358e-04
1.370000000000000000e+02 5.110378694326159557e-04
1.380000000000000000e+02 6.019247862540552359e-04
1.390000000000000000e+02 7.073121677248090646e-04
1.400000000000000000e+02 8.292425866258247395e-04
1.410000000000000000e+02 9.700068990320578205e-04
1.420000000000000000e+02 1.132169369000322846e-03
1.430000000000000000e+02 1.318594776798784340e-03
1.440000000000000000e+02 1.532477615380169102e-03
1.450000000000000000e+02 1.777373481389772723e-03
1.460000000000000000e+02 2.057232768354473346e-03
1.470000000000000000e+02 2.376436770808939246e-03
1.480000000000000000e+02 2.739836308969710327e-03
1.490000000000000000e+02 3.152792984157449293e-03
1.500000000000000000e+02 3.621223175484088869e-03
1.510000000000000000e+02 4.151644888357713253e-03
1.520000000000000000e+02 4.751227565107488809e-03
1.530000000000000000e+02 5.427844967489100364e-03
1.540000000000000000e+02 6.190131239993888236e-03
1.550000000000000000e+02 7.047540261749703216e-03
1.560000000000000000e+02 8.010408393366873908e-03
1.570000000000000000e+02 9.090020723348392340e-03
1.580000000000000000e+02 1.029868091665002774e-02
1.590000000000000000e+02 1.164978476564592497e-02
1.600000000000000000e+02 1.315789754113113642e-02
1.610000000000000000e+02 1.483883523807881348e-02
1.620000000000000000e+02 1.670974980767136672e-02
1.630000000000000000e+02 1.878921846364878245e-02
1.640000000000000000e+02 2.109733714726943002e-02
1.650000000000000000e+02 2.365581823116882573e-02
1.660000000000000000e+02 2.648809253813738315e-02
1.670000000000000000e+02 2.961941574633016744e-02
1.680000000000000000e+02 3.307697924768034786e-02
1.690000000000000000e+02 3.689002552132447654e-02
1.700000000000000000e+02 4.108996807867422441e-02
1.710000000000000000e+02 4.571051603139832109e-02
1.720000000000000000e+02 5.078780332802321218e-02
1.730000000000000000e+02 5.636052269913517654e-02
1.740000000000000000e+02 6.247006434528340479e-02
1.750000000000000000e+02 6.916065939565946286e-02
1.760000000000000000e+02 7.647952815947474392e-02
1.770000000000000000e+02 8.447703318569280140e-02
1.780000000000000000e+02 9.320683714040950418e-02
1.790000000000000000e+02 1.027260655047280008e-01
1.800000000000000000e+02 1.130954740894620503e-01
1.810000000000000000e+02 1.243796213564352382e-01
1.820000000000000000e+02 1.366470455295405173e-01
1.830000000000000000e+02 1.499704464720995334e-01
1.840000000000000000e+02 1.644268723004292110e-01
1.850000000000000000e+02 1.800979106968971510e-01
1.860000000000000000e+02 1.970698848791453961e-01
1.870000000000000000e+02 2.154340541755946914e-01
1.880000000000000000e+02 2.352868191508240003e-01
1.890000000000000000e+02 2.567299312179663895e-01
1.900000000000000000e+02 2.798707066688845280e-01
1.910000000000000000e+02 3.048222450466026023e-01
1.920000000000000000e+02 3.317036517782793181e-01
1.930000000000000000e+02 3.606402649809390404e-01
1.940000000000000000e+02 3.917638863462212240e-01
1.950000000000000000e+02 4.252130160045983209e-01
1.960000000000000000e+02 4.611330912638401114e-01
1.970000000000000000e+02 4.996767291109830977e-01
1.980000000000000000e+02 5.410039723617194873e-01
1.990000000000000000e+02 5.852825393359327721e-01
2.000000000000000000e+02 6.326880769331120202e-01
2.010000000000000000e+02 6.834044169765627341e-01
2.020000000000000000e+02 7.376238356907141025e-01
2.030000000000000000e+02 7.955473161714063934e-01
2.040000000000000000e+02 8.573848137048269979e-01
2.050000000000000000e+02 9.233555237867672183e-01
2.060000000000000000e+02 9.936881526900824824e-01
2.070000000000000000e+02 1.068621190424673184e+00
2.080000000000000000e+02 1.148403185930962467e+00
2.090000000000000000e+02 1.233293024344722655e+00
2.100000000000000000e+02 1.323560206168215014e+00
2.110000000000000000e+02 1.419485128179947653e+00
2.120000000000000000e+02 1.521359365912915207e+00
2.130000000000000000e+02 1.629485957528994611e+00
2.140000000000000000e+02 1.744179688915189042e+00
2.150000000000000000e+02 1.865767379825686856e+00
2.160000000000000000e+02 1.994588170892177770e+00
2.170000000000000000e+02 2.130993811323599996e+00
2.180000000000000000e+02 2.275348947115436893e+00
2.190000000000000000e+02 2.428031409587842582e+00
2.200000000000000000e+02 2.589432504071289554e+00
2.210000000000000000e+02 2.759957298558031180e+00
2.220000000000000000e+02 2.940024912137507940e+00
2.230000000000000000e+02 3.130068803033879465e+00
2.240000000000000000e+02 3.330537056064096557e+00
2.250000000000000000e+02 3.541892669335431343e+00
2.260000000000000000e+02 3.764613840001985068e+00
2.270000000000000000e+02 3.999194248900622917e+00
2.280000000000000000e+02 4.246143343887763599e+00
2.290000000000000000e+02 4.505986621699761940e+00
2.300000000000000000e+02 4.779265908160985177e+00
2.310000000000000000e+02 5.066539636565308591e+00
2.320000000000000000e+02 5.368383124058529354e+00
2.330000000000000000e+02 5.685388845851123918e+00
2.340000000000000000e+02 6.018166707092838408e+00
2.350000000000000000e+02 6.367344312242926740e+00
2.360000000000000000e+02 6.733567231772164874e+00
2.370000000000000000e+02 7.117499266035334671e+00
2.380000000000000000e+02 7.519822706155585124e+00
2.390000000000000000e+02 7.941238591764812504e+00
2.400000000000000000e+02 8.382466965447168405e+00
2.410000000000000000e+02 8.844247123735859972e+00
2.420000000000000000e+02 9.327337864516513477e+00
2.430000000000000000e+02 9.832517730693680846e+00
2.440000000000000000e+02 1.036058524998038877e+01
2.450000000000000000e+02 1.091235917067409744e+01
2.460000000000000000e+02 1.148867869328599056e+01
2.470000000000000000e+02 1.209040369789407521e+01
2.480000000000000000e+02 1.271841496709431851e+01
2.490000000000000000e+02 1.337361440442781912e+01
2.500000000000000000e+02 1.405692524816570099e+01
2.510000000000000000e+02 1.476929228033750796e+01
2.520000000000000000e+02 1.551168203089258668e+01
2.530000000000000000e+02 1.628508297688809847e+01
2.540000000000000000e+02 1.709050573660116612e+01
2.550000000000000000e+02 1.792898325846678276e+01
2.560000000000000000e+02 1.880157100474723819e+01
2.570000000000000000e+02 1.970934712984274739e+01
2.580000000000000000e+02 2.065341265315726105e+01
2.590000000000000000e+02 2.163489162643747576e+01
2.600000000000000000e+02 2.265493129550716844e+01
2.610000000000000000e+02 2.371470225632324969e+01
2.620000000000000000e+02 2.481539860528393504e+01
2.630000000000000000e+02 2.595823808372361086e+01
2.640000000000000000e+02 2.714446221653321345e+01
2.650000000000000000e+02 2.837533644484876305e+01
2.660000000000000000e+02 2.965215025275529115e+01
2.670000000000000000e+02 3.097621728795677498e+01
2.680000000000000000e+02 3.234887547636751037e+01
2.690000000000000000e+02 3.377148713058373630e+01
2.700000000000000000e+02 3.524543905219875484e+01
2.710000000000000000e+02 3.677214262792845290e+01
2.720000000000000000e+02 3.835303391951823215e+01
2.730000000000000000e+02 3.998957374740616189e+01
2.740000000000000000e+02 4.168324776812103494e+01
2.750000000000000000e+02 4.343556654539760586e+01
2.760000000000000000e+02 4.524806561499546120e+01
2.770000000000000000e+02 4.712230554321118348e+01
2.780000000000000000e+02 4.905987197907725061e+01
2.790000000000000000e+02 5.106237570024496364e+01
2.800000000000000000e+02 5.313145265255171523e+01
2.810000000000000000e+02 5.526876398327693352e+01
2.820000000000000000e+02 5.747599606809375672e+01
2.830000000000000000e+02 5.975486053172760847e+01
2.840000000000000000e+02 6.210709426233535169e+01
2.850000000000000000e+02 6.453445941962246479e+01
2.860000000000000000e+02 6.703874343671857616e+01
2.870000000000000000e+02 6.962175901583462689e+01
2.880000000000000000e+02 7.228534411772827184e+01
2.890000000000000000e+02 7.503136194500680745e+01
2.900000000000000000e+02 7.786170091929960790e+01
2.910000000000000000e+02 8.077827465233546889e+01
2.920000000000000000e+02 8.378302191096213392e+01
2.930000000000000000e+02 8.687790657614843326e+01
2.940000000000000000e+02 9.006491759601195213e+01
2.950000000000000000e+02 9.334606893291768870e+01
2.960000000000000000e+02 9.672339950469520886e+01
2.970000000000000000e+02 1.001989731200243909e+02
2.980000000000000000e+02 1.037748784080425963e+02
2.990000000000000000e+02 1.074532287422269974e+02
3.000000000000000000e+02 1.112361621586096589e+02
3.010000000000000000e+02 1.151258412683832262e+02
3.020000000000000000e+02 1.191244531649581404e+02
3.030000000000000000e+02 1.232342093255345645e+02
3.040000000000000000e+02 1.274573455072520716e+02
3.050000000000000000e+02 1.317961216379844416e+02
3.060000000000000000e+02 1.362528217018466705e+02
3.070000000000000000e+02 1.408297536194835402e+02
3.080000000000000000e+02 1.455292491232110876e+02
3.090000000000000000e+02 1.503536636270826534e+02
3.100000000000000000e+02 1.553053760919538604e+02
3.110000000000000000e+02 1.603867888856210868e+02
3.120000000000000000e+02 1.656003276381098033e+02
3.130000000000000000e+02 1.709484410921907624e+02
3.140000000000000000e+02 1.764336009492014057e+02
3.150000000000000000e+02 1.820583017102534882e+02
3.160000000000000000e+02 1.878250605129062478e+02
3.170000000000000000e+02 1.937364169633876543e+02
3.180000000000000000e+02 1.997949329644450813e+02
3.190000000000000000e+02 2.060031925389094738e+02
3.200000000000000000e+02 2.123638016490561427e+02
3.210000000000000000e+02 2.188793880118467143e+02
3.220000000000000000e+02 2.255526009101380112e+02
3.230000000000000000e+02 2.323861109999424457e+02
3.240000000000000000e+02 2.393826101138275249e+02
3.250000000000000000e+02 2.465448110605390752e+02
3.260000000000000000e+02 2.538754474209369505e+02
3.270000000000000000e+02 2.613772733403294524e+02
3.280000000000000000e+02 2.690530633172942316e+02
3.290000000000000000e+02 2.769056119890738614e+02
3.300000000000000000e+02 2.849377339136327691e+02
3.310000000000000000e+02 2.931522633484652829e+02
3.320000000000000000e+02 3.015520540262409099e+02
3.330000000000000000e+02 3.101399789273773422e+02
3.340000000000000000e+02 3.189189300496264536e+02
3.350000000000000000e+02 3.278918181747642961e+02
3.360000000000000000e+02 3.370615726324701882e+02
3.370000000000000000e+02 3.464311410614848796e+02
3.380000000000000000e+02 3.560034891681338536e+02
3.390000000000000000e+02 3.657816004823046114e+02
3.400000000000000000e+02 3.757684761109623537e+02
3.410000000000000000e+02 3.859671344892948355e+02
3.420000000000000000e+02 3.963806111295677397e+02
3.430000000000000000e+02 4.070119583677818582e+02
3.440000000000000000e+02 4.178642451082135949e+02
3.450000000000000000e+02 4.289405565659249646e+02
3.460000000000000000e+02 4.402439940073302864e+02
3.470000000000000000e+02 4.517776744888989242e+02
3.480000000000000000e+02 4.635447305940826936e+02
3.490000000000000000e+02 4.755483101685467773e+02
3.500000000000000000e+02 4.877915760537897540e+02
3.510000000000000000e+02 5.002777058192322102e+02
3.520000000000000000e+02 5.130098914928563545e+02
3.530000000000000000e+02 5.259913392904772991e+02
3.540000000000000000e+02 5.392252693437242215e+02
3.550000000000000000e+02 5.527149154268120128e+02
3.560000000000000000e+02 5.664635246821815144e+02
3.570000000000000000e+02 5.804743573450847407e+02
3.580000000000000000e+02 5.947506864671930771e+02
3.590000000000000000e+02 6.092957976393038280e+02
3.600000000000000000e+02 6.241129887132204885e+02
3.610000000000000000e+02 6.392055695228804097e+02
3.620000000000000000e+02 6.545768616048043214e+02
3.630000000000000000e+02 6.702301979179393356e+02
3.640000000000000000e+02 6.861689225629670545e+02
3.650000000000000000e+02 7.023963905011497673e+02
3.660000000000000000e+02 7.189159672727804491e+02
3.670000000000000000e+02 7.357310287153093213e+02
3.680000000000000000e+02 7.528449606812139336e+02
3.690000000000000000e+02 7.702611587556780250e+02
3.700000000000000000e+02 7.879830279741485128e+02
3.710000000000000000e+02 8.060139825398326821e+02
3.720000000000000000e+02 8.243574455412025372e+02
3.730000000000000000e+02 8.430168486695667980e+02
3.740000000000000000e+02 8.619956319367751121e+02
3.750000000000000000e+02 8.812972433931151954e+02
3.760000000000000000e+02 9.009251388454616745e+02
3.770000000000000000e+02 9.208827815757383632e+02
3.780000000000000000e+02 9.411736420597499091e+02
3.790000000000000000e+02 9.618011976864426060e+02
3.800000000000000000e+02 9.827689324776479225e+02
3.810000000000000000e+02 1.004080336808366610e+03
3.820000000000000000e+02 1.025738907127644552e+03
3.830000000000000000e+02 1.047748145680098787e+03
3.840000000000000000e+02 1.070111560228138842e+03
3.850000000000000000e+02 1.092832663774941921e+03
3.860000000000000000e+02 1.115914974288225494e+03
3.870000000000000000e+02 1.139362014424873905e+03
3.880000000000000000e+02 1.163177311256458552e+03
3.890000000000000000e+02 1.187364395995706673e+03
3.900000000000000000e+02 1.211926803723961029e+03
3.910000000000000000e+02 1.236868073119674591e+03
3.920000000000000000e+02 1.262191746187989793e+03
3.930000000000000000e+02 1.287901367991438292e+03
3.940000000000000000e+02 1.314000486381809651e+03
3.950000000000000000e+02 1.340492651733227376e+03
3.960000000000000000e+02 1.367381416676471417e+03
3.970000000000000000e+02 1.394670335834592606e+03
3.980000000000000000e+02 1.422362965559846543e+03
3.990000000000000000e+02 1.450462863671994683e+03
4.000000000000000000e+02 1.478973589198006266e+03
4.010000000000000000e+02 1.507898702113189302e+03
4.020000000000000000e+02 1.537241763083798332e+03
4.030000000000000000e+02 1.567006333211141282e+03
4.040000000000000000e+02 1.597195973777222207e+03
4.050000000000000000e+02 1.627814245991952248e+03
4.060000000000000000e+02 1.658864710741961972e+03
4.070000000000000000e+02 1.690350928341035342e+03
4.080000000000000000e+02 1.722276458282208068e+03
4.090000000000000000e+02 1.754644858991546698e+03
4.100000000000000000e+02 1.787459687583645518e+03
4.110000000000000000e+02 1.820724499618855134e+03
4.120000000000000000e+02 1.854442848862282972e+03
4.130000000000000000e+02 1.888618287044581166e+03
4.140000000000000000e+02 1.923254363624542748e+03
4.150000000000000000e+02 1.958354625553543883e+03
4.160000000000000000e+02 1.993922617041833519e+03
4.170000000000000000e+02 2.029961879326709777e+03
4.180000000000000000e+02 2.066475950442595604e+03
4.190000000000000000e+02 2.103468364993032537e+03
4.200000000000000000e+02 2.140942653924611477e+03
4.210000000000000000e+02 2.178902344302868187e+03
4.220000000000000000e+02 2.217350959090143988e+03
4.230000000000000000e+02 2.256292016925441203e+03
4.240000000000000000e+02 2.295729031906289492e+03
4.250000000000000000e+02 2.335665513372625810e+03
4.260000000000000000e+02 2.376104965692719361e+03
4.270000000000000000e+02 2.417050888051137918e+03
4.280000000000000000e+02 2.458506774238787784e+03
4.290000000000000000e+02 2.500476112445016952e+03
4.300000000000000000e+02 2.542962385051816000e+03
4.310000000000000000e+02 2.585969068430110383e+03
4.320000000000000000e+02 2.629499632738162745e+03
4.330000000000000000e+02 2.673557541722090718e+03
4.340000000000000000e+02 2.718146252518516121e+03
4.350000000000000000e+02 2.763269215459343741e+03
4.360000000000000000e+02 2.808929873878687431e+03
4.370000000000000000e+02 2.855131663921940799e+03
4.380000000000000000e+02 2.901878014357005213e+03
4.390000000000000000e+02 2.949172346387686503e+03
4.400000000000000000e+02 2.997018073469245337e+03
4.410000000000000000e+02 3.045418601126132216e+03
4.420000000000000000e+02 3.094377326771892513e+03
4.430000000000000000e+02 3.143897639531250661e+03
4.440000000000000000e+02 3.193982920064376231e+03
4.450000000000000000e+02 3.244636540393340056e+03
4.460000000000000000e+02 3.295861863730753157e+03
4.470000000000000000e+02 3.347662244310591632e+03
4.480000000000000000e+02 3.400041027221216609e+03
4.490000000000000000e+02 3.453001548240580632e+03
4.500000000000000000e+02 3.506547133673626377e+03
4.510000000000000000e+02 3.560681100191866790e+03
4.520000000000000000e+02 3.615406754675166667e+03
4.530000000000000000e+02 3.670727394055698369e+03
4.540000000000000000e+02 3.726646305164090791e+03
4.550000000000000000e+02 3.783166764577754748e+03
4.560000000000000000e+02 3.840292038471397063e+03
4.570000000000000000e+02 3.898025382469695614e+03
4.580000000000000000e+02 3.956370041502169443e+03
4.590000000000000000e+02 4.015329249660196638e+03
4.600000000000000000e+02 4.074906230056211371e+03
4.610000000000000000e+02 4.135104194685053699e+03
4.620000000000000000e+02 4.195926344287478969e+03
4.630000000000000000e+02 4.257375868215809533e+03
4.640000000000000000e+02 4.319455944301738782e+03
4.650000000000000000e+02 4.382169738726268406e+03
4.660000000000000000e+02 4.445520405891776136e+03
4.670000000000000000e+02 4.509511088296203525e+03
4.680000000000000000e+02 4.574144916409372854e+03
4.690000000000000000e+02 4.639425008551402243e+03
4.700000000000000000e+02 4.705354470773219873e+03
4.710000000000000000e+02 4.771936396739189149e+03
4.720000000000000000e+02 4.839173867611797505e+03
4.730000000000000000e+02 4.907069951938437953e+03
4.740000000000000000e+02 4.975627705540247916e+03
4.750000000000000000e+02 5.044850171403009881e+03
4.760000000000000000e+02 5.114740379570105688e+03
4.770000000000000000e+02 5.185301347037504456e+03
4.780000000000000000e+02 5.256536077650778680e+03
4.790000000000000000e+02 5.328447562004143037e+03
4.800000000000000000e+02 5.401038777341503192e+03
4.810000000000000000e+02 5.474312687459496374e+03
4.820000000000000000e+02 5.548272242612530135e+03
4.830000000000000000e+02 5.622920379419779238e+03
4.840000000000000000e+02 5.698260020774173427e+03
4.850000000000000000e+02 5.774294075753308789e+03
4.860000000000000000e+02 5.851025439532330893e+03
4.870000000000000000e+02 5.928456993298721500e+03
4.880000000000000000e+02 6.006591604169024322e+03
4.890000000000000000e+02 6.085432125107464344e+03
4.900000000000000000e+02 6.164981394846467083e+03
4.910000000000000000e+02 6.245242237809054132e+03
4.920000000000000000e+02 6.326217464033110446e+03
4.930000000000000000e+02 6.407909869097513365e+03
4.940000000000000000e+02 6.490322234050094266e+03
4.950000000000000000e+02 6.573457325337429211e+03
4.960000000000000000e+02 6.657317894736464950e+03
4.970000000000000000e+02 6.741906679287930274e+03
4.980000000000000000e+02 6.827226401231539967e+03
4.990000000000000000e+02 6.913279767942989565e+03
5.000000000000000000e+02 7.000069471872689974e+03
5.010000000000000000e+02 7.087598190486280146e+03
5.020000000000000000e+02 7.175868586206848704e+03
5.030000000000000000e+02 7.264883306358896334e+03
5.040000000000000000e+02 7.354644983114000752e+03
5.050000000000000000e+02 7.445156233438171512e+03
5.060000000000000000e+02 7.536419659040891020e+03
5.070000000000000000e+02 7.628437846325819010e+03
5.080000000000000000e+02 7.721213366343148664e+03
5.090000000000000000e+02 7.814748774743597096e+03
5.100000000000000000e+02 7.909046611734029284e+03
5.110000000000000000e+02 8.004109402034679078e+03
5.120000000000000000e+02 8.099939654837970920e+03
5.130000000000000000e+02 8.196539863768923169e+03
5.140000000000000000e+02 8.293912506847103941e+03
5.150000000000000000e+02 8.392060046450154914e+03
5.160000000000000000e+02 8.490984929278853087e+03
5.170000000000000000e+02 8.590689586323665935e+03
5.180000000000000000e+02 8.691176432832846331e+03
5.190000000000000000e+02 8.792447868282004492e+03
5.200000000000000000e+02 8.894506276345158767e+03
5.210000000000000000e+02 8.997354024867254338e+03
5.220000000000000000e+02 9.100993465838120756e+03
5.230000000000000000e+02 9.205426935367875558e+03
5.240000000000000000e+02 9.310656753663741256e+03
5.250000000000000000e+02 9.416685225008261114e+03
5.260000000000000000e+02 9.523514637738919191e+03
5.270000000000000000e+02 9.631147264229117354e+03
5.280000000000000000e+02 9.739585360870534714e+03
5.290000000000000000e+02 9.848831168056805836e+03
5.300000000000000000e+02 9.958886910168557733e+03
5.310000000000000000e+02 1.006975479555974562e+04
5.320000000000000000e+02 1.018143701654530196e+04
5.330000000000000000e+02 1.029393574939004975e+04
5.340000000000000000e+02 1.040725315429893817e+04
5.350000000000000000e+02 1.052139137540846423e+04
5.360000000000000000e+02 1.063635254077942227e+04
5.370000000000000000e+02 1.075213876239080855e+04
5.380000000000000000e+02 1.086875213613498818e+04
5.390000000000000000e+02 1.098619474181404075e+04
5.400000000000000000e+02 1.110446864313730475e+04
5.410000000000000000e+02 1.122357588772008603e+04
5.420000000000000000e+02 1.134351850708353413e+04
5.430000000000000000e+02 1.146429851665564092e+04
5.440000000000000000e+02 1.158591791577339973e+04
5.450000000000000000e+02 1.170837868768605949e+04
5.460000000000000000e+02 1.183168279955947946e+04
5.470000000000000000e+02 1.195583220248158977e+04
5.480000000000000000e+02 1.208082883146890708e+04
5.490000000000000000e+02 1.220667460547410883e+04
5.500000000000000000e+02 1.233337142739468618e+04
5.510000000000000000e+02 1.246092118408257738e+04
5.520000000000000000e+02 1.258932574635486708e+04
5.530000000000000000e+02 1.271858696900546784e+04
5.540000000000000000e+02 1.284870669081778760e+04
5.550000000000000000e+02 1.297968673457839941e+04
5.560000000000000000e+02 1.311152890709165149e+04
5.570000000000000000e+02 1.324423499919523601e+04
5.580000000000000000e+02 1.337780678577671279e+04
5.590000000000000000e+02 1.351224602579092971e+04
5.600000000000000000e+02 1.364755446227837820e+04
5.610000000000000000e+02 1.378373382238443264e+04
5.620000000000000000e+02 1.392078581737948662e+04
5.630000000000000000e+02 1.405871214267994765e+04
5.640000000000000000e+02 1.419751447787011057e+04
5.650000000000000000e+02 1.433719448672488033e+04
5.660000000000000000e+02 1.447775381723329156e+04
5.670000000000000000e+02 1.461919410162288841e+04
5.680000000000000000e+02 1.476151695638491765e+04
5.690000000000000000e+02 1.490472398230028193e+04
5.700000000000000000e+02 1.504881676446632082e+04
5.710000000000000000e+02 1.519379687232432661e+04
5.720000000000000000e+02 1.533966585968785330e+04
5.730000000000000000e+02 1.548642526477174033e+04
5.740000000000000000e+02 1.563407661022191678e+04
5.750000000000000000e+02 1.578262140314587850e+04
5.760000000000000000e+02 1.593206113514392928e+04
5.770000000000000000e+02 1.608239728234107315e+04
5.780000000000000000e+02 1.623363130541964347e+04
5.790000000000000000e+02 1.638576464965257401e+04
5.800000000000000000e+02 1.653879874493734678e+04
5.810000000000000000e+02 1.669273500583061832e+04
5.820000000000000000e+02 1.684757483158343166e+04
5.830000000000000000e+02 1.700331960617714503e+04
5.840000000000000000e+02 1.715997069835989532e+04
5.850000000000000000e+02 1.731752946168373091e+04
5.860000000000000000e+02 1.747599723454232299e+04
5.870000000000000000e+02 1.763537534020925523e+04
5.880000000000000000e+02 1.779566508687692840e+04
5.890000000000000000e+02 1.795686776769597054e+04
5.900000000000000000e+02 1.811898466081526203e+04
5.910000000000000000e+02 1.828201702942249540e+04
5.920000000000000000e+02 1.844596612178522628e+04
5.930000000000000000e+02 1.861083317129250645e+04
5.940000000000000000e+02 1.877661939649701526e+04
5.950000000000000000e+02 1.894332600115766400e+04
5.960000000000000000e+02 1.911095417428274231e+04
5.970000000000000000e+02 1.927950509017350851e+04
5.980000000000000000e+02 1.944897990846829634e+04
5.990000000000000000e+02 1.961937977418704759e+04
6.000000000000000000e+02 1.979070581777633925e+04
6.010000000000000000e+02 1.996295915515480738e+04
6.020000000000000000e+02 2.013614088775905475e+04
6.030000000000000000e+02 2.031025210258996594e+04
6.040000000000000000e+02 2.048529387225943356e+04
6.050000000000000000e+02 2.066126725503751732e+04
6.060000000000000000e+02 2.083817329489996337e+04
6.070000000000000000e+02 2.101601302157616374e+04
6.080000000000000000e+02 2.119478745059745779e+04
6.090000000000000000e+02 2.137449758334581202e+04
6.100000000000000000e+02 2.155514440710288909e+04
6.110000000000000000e+02 2.173672889509945890e+04
6.120000000000000000e+02 2.191925200656513334e+04
6.130000000000000000e+02 2.210271468677846497e+04
6.140000000000000000e+02 2.228711786711738750e+04
6.150000000000000000e+02 2.247246246510993660e+04
6.160000000000000000e+02 2.265874938448533794e+04
6.170000000000000000e+02 2.284597951522533913e+04
6.180000000000000000e+02 2.303415373361588354e+04
6.190000000000000000e+02 2.322327290229906794e+04
6.200000000000000000e+02 2.341333787032536202e+04
6.210000000000000000e+02 2.360434947320612628e+04
6.220000000000000000e+02 2.379630853296637360e+04
6.230000000000000000e+02 2.398921585819779648e+04
6.240000000000000000e+02 2.418307224411205971e+04
6.250000000000000000e+02 2.437787847259430418e+04
6.260000000000000000e+02 2.457363531225694169e+04
6.270000000000000000e+02 2.477034351849360246e+04
6.280000000000000000e+02 2.496800383353336292e+04
6.290000000000000000e+02 2.516661698649516984e+04
6.300000000000000000e+02 2.536618369344248640e+04
6.310000000000000000e+02 2.556670465743809837e+04
6.320000000000000000e+02 2.576818056859913850e+04
6.330000000000000000e+02 2.597061210415233290e+04
6.340000000000000000e+02 2.617399992848936381e+04
6.350000000000000000e+02 2.637834469322243240e+04
6.360000000000000000e+02 2.658364703724001447e+04
6.370000000000000000e+02 2.678990758676273617e+04
6.380000000000000000e+02 2.699712695539942069e+04
6.390000000000000000e+02 2.720530574420330231e+04
6.400000000000000000e+02 2.741444454172833139e+04
6.410000000000000000e+02 2.762454392408566127e+04
6.420000000000000000e+02 2.783560445500027345e+04
6.430000000000000000e+02 2.804762668586764630e+04
6.440000000000000000e+02 2.826061115581067133e+04
6.450000000000000000e+02 2.847455839173651475e+04
6.460000000000000000e+02 2.868946890839377011e+04
6.470000000000000000e+02 2.890534320842954548e+04
6.480000000000000000e+02 2.912218178244676528e+04
6.490000000000000000e+02 2.933998510906147567e+04
6.500000000000000000e+02 2.955875365496029190e+04
6.510000000000000000e+02 2.977848787495790384e+04
6.520000000000000000e+02 2.999918821205464701e+04
6.530000000000000000e+02 3.022085509749413541e+04
6.540000000000000000e+02 3.044348895082098898e+04
6.550000000000000000e+02 3.066709017993857560e+04
6.560000000000000000e+02 3.089165918116686225e+04
6.570000000000000000e+02 3.111719633930023701e+04
6.580000000000000000e+02 3.134370202766543298e+04
6.590000000000000000e+02 3.157117660817947035e+04
6.600000000000000000e+02 3.179962043140763490e+04
6.610000000000000000e+02 3.202903383662147826e+04
6.620000000000000000e+02 3.225941715185684734e+04
6.630000000000000000e+02 3.249077069397192099e+04
6.640000000000000000e+02 3.272309476870527942e+04
6.650000000000000000e+02 3.295638967073397362e+04
6.660000000000000000e+02 3.319065568373159476e+04
6.670000000000000000e+02 3.342589308042635821e+04
6.680000000000000000e+02 3.366210212265916198e+04
6.690000000000000000e+02 3.389928306144166709e+04
6.700000000000000000e+02 3.413743613701435243e+04
6.710000000000000000e+02 3.437656157890455506e+04
6.720000000000000000e+02 3.461665960598447418e+04
6.730000000000000000e+02 3.485773042652917502e+04
6.740000000000000000e+02 3.509977423827457824e+04
6.750000000000000000e+02 3.534279122847535473e+04
6.760000000000000000e+02 3.558678157396290044e+04
6.770000000000000000e+02 3.583174544120310748e+04
6.780000000000000000e+02 3.607768298635427345e+04
6.790000000000000000e+02 3.632459435532480711e+04
6.800000000000000000e+02 3.657247968383102125e+04
6.810000000000000000e+02 3.682133909745476558e+04
6.820000000000000000e+02 3.707117271170105960e+04
6.830000000000000000e+02 3.732198063205564540e+04
6.840000000000000000e+02 3.757376295404250413e+04
6.850000000000000000e+02 3.782651976328124874e+04
6.860000000000000000e+02 3.808025113554453856e+04
6.870000000000000000e+02 3.833495713681531197e+04
6.880000000000000000e+02 3.859063782334404823e+04
6.890000000000000000e+02 3.884729324170589098e+04
6.900000000000000000e+02 3.910492342885766266e+04
6.910000000000000000e+02 3.936352841219490074e+04
6.920000000000000000e+02 3.962310820960869751e+04
6.930000000000000000e+02 3.988366282954249618e+04
6.940000000000000000e+02 4.014519227104878519e+04
6.950000000000000000e+02 4.040769652384574874e+04
6.960000000000000000e+02 4.067117556837372831e+04
6.970000000000000000e+02 4.093562937585159671e+04
6.980000000000000000e+02 4.120105790833316132e+04
6.990000000000000000e+02 4.146746111876326904e+04
7.000000000000000000e+02 4.173483895103390387e+04
7.010000000000000000e+02 4.200319134004025545e+04
7.020000000000000000e+02 4.227251821173643839e+04
7.030000000000000000e+02 4.254281948319132789e+04
7.040000000000000000e+02 4.281409506264421361e+04
7.050000000000000000e+02 4.308634484956022061e+04
7.060000000000000000e+02 4.335956873468576669e+04
7.070000000000000000e+02 4.363376660010380874e+04
7.080000000000000000e+02 4.390893831928895816e+04
7.090000000000000000e+02 4.418508375716253067e+04
7.100000000000000000e+02 4.446220277014733438e+04
7.110000000000000000e+02 4.474029520622252312e+04
7.120000000000000000e+02 4.501936090497815167e+04
7.130000000000000000e+02 4.529939969766961440e+04
7.140000000000000000e+02 4.558041140727204038e+04
7.150000000000000000e+02 4.586239584853443375e+04
7.160000000000000000e+02 4.614535282803376322e+04
7.170000000000000000e+02 4.642928214422884776e+04
7.180000000000000000e+02 4.671418358751409687e+04
7.190000000000000000e+02 4.700005694027317077e+04
7.200000000000000000e+02 4.728690197693240043e+04
7.210000000000000000e+02 4.757471846401412040e+04
7.220000000000000000e+02 4.786350616018983419e+04
7.230000000000000000e+02 4.815326481633317599e+04
7.240000000000000000e+02 4.844399417557282140e+04
7.250000000000000000e+02 4.873569397334516543e+04
7.260000000000000000e+02 4.902836393744681845e+04
7.270000000000000000e+02 4.932200378808700043e+04
7.280000000000000000e+02 4.961661323793980409e+04
7.290000000000000000e+02 4.991219199219616712e+04
7.300000000000000000e+02 5.020873974861583702e+04
7.310000000000000000e+02 5.050625619757900131e+04
7.320000000000000000e+02 5.080474102213795413e+04
7.330000000000000000e+02 5.110419389806837717e+04
7.340000000000000000e+02 5.140461449392065697e+04
7.350000000000000000e+02 5.170600247107086761e+04
7.360000000000000000e+02 5.200835748377165146e+04
7.370000000000000000e+02 5.231167917920299806e+04
7.380000000000000000e+02 5.261596719752268837e+04
7.390000000000000000e+02 5.292122117191669531e+04
7.400000000000000000e+02 5.322744072864940972e+04
7.410000000000000000e+02 5.353462548711354611e+04
7.420000000000000000e+02 5.384277505988007761e+04
7.430000000000000000e+02 5.415188905274784338e+04
7.440000000000000000e+02 5.446196706479301793e+04
7.450000000000000000e+02 5.477300868841842748e+04
7.460000000000000000e+02 5.508501350940264092e+04
7.470000000000000000e+02 5.539798110694893694e+04
7.480000000000000000e+02 5.571191105373403843e+04
7.490000000000000000e+02 5.602680291595665767e+04
7.500000000000000000e+02 5.634265625338591781e+04
7.510000000000000000e+02 5.665947061940952699e+04
7.520000000000000000e+02 5.697724556108184333e+04
7.530000000000000000e+02 5.729598061917162704e+04
7.540000000000000000e+02 5.761567532820975612e+04
7.550000000000000000e+02 5.793632921653662925e+04
7.560000000000000000e+02 5.825794180634949589e+04
7.570000000000000000e+02 5.858051261374945898e+04
7.580000000000000000e+02 5.890404114878847031e+04
7.590000000000000000e+02 5.922852691551593307e+04
7.600000000000000000e+02 5.955396941202526796e+04
7.610000000000000000e+02 5.988036813050026831e+04
7.620000000000000000e+02 6.020772255726116418e+04
7.630000000000000000e+02 6.053603217281061370e+04
7.640000000000000000e+02 6.086529645187944698e+04
7.650000000000000000e+02 6.119551486347222817e+04
7.660000000000000000e+02 6.152668687091263564e+04
7.670000000000000000e+02 6.185881193188857287e+04
7.680000000000000000e+02 6.219188949849727214e+04
7.690000000000000000e+02 6.252591901728996163e+04
7.700000000000000000e+02 6.286089992931657616e+04
7.710000000000000000e+02 6.319683167017005326e+04
7.720000000000000000e+02 6.353371367003065825e+04
7.730000000000000000e+02 6.387154535370988015e+04
7.740000000000000000e+02 6.421032614069437113e+04
7.750000000000000000e+02 6.455005544518947136e+04
7.760000000000000000e+02 6.489073267616272642e+04
7.770000000000000000e+02 6.523235723738708475e+04
7.780000000000000000e+02 6.557492852748394944e+04
7.790000000000000000e+02 6.591844593996604090e+04
7.800000000000000000e+02 6.626290886327999760e+04
7.810000000000000000e+02 6.660831668084891862e+04
7.820000000000000000e+02 6.695466877111459326e+04
7.830000000000000000e+02 6.730196450757957064e+04
7.840000000000000000e+02 6.765020325884893828e+04
7.850000000000000000e+02 6.799938438867221703e+04
7.860000000000000000e+02 6.834950725598463032e+04
7.870000000000000000e+02 6.870057121494850435e+04
7.880000000000000000e+02 6.905257561499436270e+04
7.890000000000000000e+02 6.940551980086177355e+04
7.900000000000000000e+02 6.975940311264005140e+04
7.910000000000000000e+02 7.011422488580881327e+04
7.920000000000000000e+02 7.046998445127827290e+04
7.930000000000000000e+02 7.082668113542936044e+04
7.940000000000000000e+02 7.118431426015356556e+04
7.950000000000000000e+02 7.154288314289279515e+04
7.960000000000000000e+02 7.190238709667882358e+04
7.970000000000000000e+02 7.226282543017267017e+04
7.980000000000000000e+02 7.262419744770368561e+04
7.990000000000000000e+02 7.298650244930856570e+04
8.000000000000000000e+02 7.334973973077005940e+04
8.010000000000000000e+02 7.371390858365554595e+04
8.020000000000000000e+02 7.407900829535543744e+04
8.030000000000000000e+02 7.444503814912130474e+04
8.040000000000000000e+02 7.481199742410385807e+04
8.050000000000000000e+02 7.517988539539076737e+04
8.060000000000000000e+02 7.554870133404423541e+04
8.070000000000000000e+02 7.591844450713842525e+04
8.080000000000000000e+02 7.628911417779661133e+04
8.090000000000000000e+02 7.666070960522827227e+04
8.100000000000000000e+02 7.703323004476587812e+04
8.110000000000000000e+02 7.740667474790153210e+04
8.120000000000000000e+02 7.778104296232337947e+04
8.130000000000000000e+02 7.815633393195191456e+04
8.140000000000000000e+02 7.853254689697605500e+04
8.150000000000000000e+02 7.890968109388896846e+04
8.160000000000000000e+02 7.928773575552369584e+04
8.170000000000000000e+02 7.966671011108881794e+04
8.180000000000000000e+02 8.004660338620361290e+04
8.190000000000000000e+02 8.042741480293319910e+04
8.200000000000000000e+02 8.080914357982350339e+04
8.210000000000000000e+02 8.119178893193599652e+04
8.220000000000000000e+02 8.157535007088218117e+04
8.230000000000000000e+02 8.195982620485799271e+04
8.240000000000000000e+02 8.234521653867806890e+04
8.250000000000000000e+02 8.273152027380953950e+04
8.260000000000000000e+02 8.311873660840601951e+04
8.270000000000000000e+02 8.350686473734110768e+04
8.280000000000000000e+02 8.389590385224191414e+04
8.290000000000000000e+02 8.428585314152220963e+04
8.300000000000000000e+02 8.467671179041561845e+04
8.310000000000000000e+02 8.506847898100830207e+04
8.320000000000000000e+02 8.546115389227186097e+04
8.330000000000000000e+02 8.585473570009578543e+04
8.340000000000000000e+02 8.624922357731971715e+04
8.350000000000000000e+02 8.664461669376565260e+04
8.360000000000000000e+02 8.704091421626992815e+04
8.370000000000000000e+02 8.743811530871500145e+04
8.380000000000000000e+02 8.783621913206097088e+04
8.390000000000000000e+02 8.823522484437718231e+04
8.400000000000000000e+02 8.863513160087328288e+04
8.410000000000000000e+02 8.903593855393043486e+04
8.420000000000000000e+02 8.943764485313209298e+04
8.430000000000000000e+02 8.984024964529485442e+04
8.440000000000000000e+02 9.024375207449881418e+04
8.450000000000000000e+02 9.064815128211810952e+04
8.460000000000000000e+02 9.105344640685086779e+04
8.470000000000000000e+02 9.145963658474957629e+04
8.480000000000000000e+02 9.186672094925049169e+04
8.490000000000000000e+02 9.227469863120355876e+04
8.500000000000000000e+02 9.268356875890183437e+04
8.510000000000000000e+02 9.309333045811083866e+04
8.520000000000000000e+02 9.350398285209749884e+04
8.530000000000000000e+02 9.391552506165935483e+04
8.540000000000000000e+02 9.432795620515322662e+04
8.550000000000000000e+02 9.474127539852380869e+04
8.560000000000000000e+02 9.515548175533220638e+04
8.570000000000000000e+02 9.557057438678409380e+04
8.580000000000000000e+02 9.598655240175794461e+04
8.590000000000000000e+02 9.640341490683286975e+04
8.600000000000000000e+02 9.682116100631646987e+04
8.610000000000000000e+02 9.723978980227236752e+04
8.620000000000000000e+02 9.765930039454768121e+04
8.630000000000000000e+02 9.807969188080028107e+04
8.640000000000000000e+02 9.850096335652584094e+04
8.650000000000000000e+02 9.892311391508489032e+04
8.660000000000000000e+02 9.934614264772947354e+04
8.670000000000000000e+02 9.977004864362983790e+04
8.680000000000000000e+02 1.001948309899007436e+05
8.690000000000000000e+02 1.006204887716279190e+05
8.700000000000000000e+02 1.010470210718940507e+05
8.710000000000000000e+02 1.014744269718047435e+05
8.720000000000000000e+02 1.019027055505144526e+05
8.730000000000000000e+02 1.023318558852518909e+05
8.740000000000000000e+02 1.027618770513456548e+05
8.750000000000000000e+02 1.031927681222495448e+05
8.760000000000000000e+02 1.036245281695675949e+05
8.770000000000000000e+02 1.040571562630792032e+05
8.780000000000000000e+02 1.044906514707638562e+05
8.790000000000000000e+02 1.049250128588258958e+05
8.800000000000000000e+02 1.053602394917190541e+05
8.810000000000000000e+02 1.057963304321706382e+05
8.820000000000000000e+02 1.062332847412060219e+05
8.830000000000000000e+02 1.066711014781725389e+05
8.840000000000000000e+02 1.071097797007632907e+05
8.850000000000000000e+02 1.075493184650411422e+05
8.860000000000000000e+02 1.079897168254621502e+05
8.870000000000000000e+02 1.084309738348990068e+05
8.880000000000000000e+02 1.088730885446645116e+05
8.890000000000000000e+02 1.093160600045343890e+05
8.900000000000000000e+02 1.097598872627706878e+05
8.910000000000000000e+02 1.102045693661442201e+05
8.920000000000000000e+02 1.106501053599575534e+05
8.930000000000000000e+02 1.110964942880674644e+05
8.940000000000000000e+02 1.115437351929072465e+05
8.950000000000000000e+02 1.119918271155091206e+05
8.960000000000000000e+02 1.124407690955262224e+05
8.970000000000000000e+02 1.128905601712546049e+05
8.980000000000000000e+02 1.133411993796550960e+05
8.990000000000000000e+02 1.137926857563748490e+05
9.000000000000000000e+02 1.142450183357690257e+05
9.010000000000000000e+02 1.146981961509220419e+05
9.020000000000000000e+02 1.151522182336689002e+05
9.030000000000000000e+02 1.156070836146162474e+05
9.040000000000000000e+02 1.160627913231633429e+05
9.050000000000000000e+02 1.165193403875228541e+05
9.060000000000000000e+02 1.169767298347416363e+05
9.070000000000000000e+02 1.174349586907210760e+05
9.080000000000000000e+02 1.178940259802377113e+05
9.090000000000000000e+02 1.183539307269633136e+05
9.100000000000000000e+02 1.188146719534851727e+05
9.110000000000000000e+02 1.192762486813259311e+05
9.120000000000000000e+02 1.197386599309634767e+05
9.130000000000000000e+02 1.202019047218507912e+05
9.140000000000000000e+02 1.206659820724353631e+05
9.150000000000000000e+02 1.211308910001786717e+05
9.160000000000000000e+02 1.215966305215756438e+05
9.170000000000000000e+02 1.220631996521735855e+05
9.180000000000000000e+02 1.225305974065914197e+05
9.190000000000000000e+02 1.229988227985385747e+05
9.200000000000000000e+02 1.234678748408337269e+05
9.210000000000000000e+02 1.239377525454234565e+05
9.220000000000000000e+02 1.244084549234008009e+05
9.230000000000000000e+02 1.248799809850236343e+05
9.240000000000000000e+02 1.253523297397329734e+05
9.250000000000000000e+02 1.258255001961710077e+05
9.260000000000000000e+02 1.262994913621993037e+05
9.270000000000000000e+02 1.267743022449164419e+05
9.280000000000000000e+02 1.272499318506760901e+05
9.290000000000000000e+02 1.277263791851042624e+05
9.300000000000000000e+02 1.282036432531171886e+05
9.310000000000000000e+02 1.286817230589384417e+05
9.320000000000000000e+02 1.291606176061163569e+05
9.330000000000000000e+02 1.296403258975410572e+05
9.340000000000000000e+02 1.301208469354615663e+05
9.350000000000000000e+02 1.306021797215026745e+05
9.360000000000000000e+02 1.310843232566816732e+05
9.370000000000000000e+02 1.315672765414250607e+05
9.380000000000000000e+02 1.320510385755850002e+05
9.390000000000000000e+02 1.325356083584558801e+05
9.400000000000000000e+02 1.330209848887904664e+05
9.410000000000000000e+02 1.335071671648161137e+05
9.420000000000000000e+02 1.339941541842509178e+05
9.430000000000000000e+02 1.344819449443195190e+05
9.440000000000000000e+02 1.349705384417690511e+05
9.450000000000000000e+02 1.354599336728847702e+05
9.460000000000000000e+02 1.359501296335056832e+05
9.470000000000000000e+02 1.364411253190401476e+05
9.480000000000000000e+02 1.369329197244808893e+05
9.490000000000000000e+02 1.374255118444207765e+05
9.500000000000000000e+02 1.379189006730675173e+05
9.510000000000000000e+02 1.384130852042588522e+05
9.520000000000000000e+02 1.389080644314775709e+05
9.530000000000000000e+02 1.394038373478662397e+05
9.540000000000000000e+02 1.399004029462417820e+05
9.550000000000000000e+02 1.403977602191102633e+05
9.560000000000000000e+02 1.408959081586813263e+05
9.570000000000000000e+02 1.413948457568824524e+05
9.580000000000000000e+02 1.418945720053733385e+05
9.590000000000000000e+02 1.423950858955600415e+05
9.600000000000000000e+02 1.428963864186089486e+05
9.610000000000000000e+02 1.433984725654608337e+05
9.620000000000000000e+02 1.439013433268446533e+05
9.630000000000000000e+02 1.444049976932912250e+05
9.640000000000000000e+02 1.449094346551469353e+05
9.650000000000000000e+02 1.454146532025872730e+05
9.660000000000000000e+02 1.459206523256300716e+05
9.670000000000000000e+02 1.464274310141491878e+05
9.680000000000000000e+02 1.469349882578873076e+05
9.690000000000000000e+02 1.474433230464693625e+05
9.700000000000000000e+02 1.479524343694155104e+05
9.710000000000000000e+02 1.484623212161537958e+05
9.720000000000000000e+02 1.489729825760333333e+05
9.730000000000000000e+02 1.494844174383367354e+05
9.740000000000000000e+02 1.499966247922928596e+05
9.750000000000000000e+02 1.505096036270893819e+05
9.760000000000000000e+02 1.510233529318850196e+05
9.770000000000000000e+02 1.515378716958221339e+05
9.780000000000000000e+02 1.520531589080386620e+05
9.790000000000000000e+02 1.525692135576804867e+05
9.800000000000000000e+02 1.530860346339133102e+05
9.810000000000000000e+02 1.536036211259347619e+05
9.820000000000000000e+02 1.541219720229860395e+05
9.830000000000000000e+02 1.546410863143638417e+05
9.840000000000000000e+02 1.551609629894319514e+05
9.850000000000000000e+02 1.556816010376328195e+05
9.860000000000000000e+02 1.562029994484989729e+05
9.870000000000000000e+02 1.567251572116645402e+05
9.880000000000000000e+02 1.572480733168764273e+05
9.890000000000000000e+02 1.577717467540054931e+05
9.900000000000000000e+02 1.582961765130578715e+05
9.910000000000000000e+02 1.588213615841857099e+05
9.920000000000000000e+02 1.593473009576983459e+05
9.930000000000000000e+02 1.598739936240729294e+05
9.940000000000000000e+02 1.604014385739653371e+05
9.950000000000000000e+02 1.609296347982208536e+05
9.960000000000000000e+02 1.614585812878846773e+05
9.970000000000000000e+02 1.619882770342123695e+05
9.980000000000000000e+02 1.625187210286804766e+05
9.990000000000000000e+02 1.630499122629965132e+05
