# BB temperature (K); Intensity through filter (ph/s/m^2/mas^2)
1.000000000000000000e+01 0.000000000000000000e+00
1.100000000000000000e+01 0.000000000000000000e+00
1.200000000000000000e+01 0.000000000000000000e+00
1.300000000000000000e+01 0.000000000000000000e+00
1.400000000000000000e+01 0.000000000000000000e+00
1.500000000000000000e+01 0.000000000000000000e+00
1.600000000000000000e+01 0.000000000000000000e+00
1.700000000000000000e+01 0.000000000000000000e+00
1.800000000000000000e+01 0.000000000000000000e+00
1.900000000000000000e+01 0.000000000000000000e+00
2.000000000000000000e+01 0.000000000000000000e+00
2.100000000000000000e+01 1.454110746641683186e-54
2.200000000000000000e+01 7.430037980053647285e-52
2.300000000000000000e+01 2.216931021888098065e-49
2.400000000000000000e+01 4.129929854685995608e-47
2.500000000000000000e+01 5.081489808722593510e-45
2.600000000000000000e+01 4.330928501186595514e-43
2.700000000000000000e+01 2.662826039298921064e-41
2.800000000000000000e+01 1.222916682433777145e-39
2.900000000000000000e+01 4.323001341842964256e-38
3.000000000000000000e+01 1.207306346164816139e-36
3.100000000000000000e+01 2.724884868106083300e-35
3.200000000000000000e+01 5.069961819860363139e-34
3.300000000000000000e+01 7.913565824129744697e-33
3.400000000000000000e+01 1.052316970444144664e-31
3.500000000000000000e+01 1.208539838287712999e-30
3.600000000000000000e+01 1.213365539516392511e-29
3.700000000000000000e+01 1.076580368722743053e-28
3.800000000000000000e+01 8.523920194881269307e-28
3.900000000000000000e+01 6.075104395713836944e-27
4.000000000000000000e+01 3.928221114511796763e-26
4.100000000000000000e+01 2.320818387309803285e-25
4.200000000000000000e+01 1.260877457765171525e-24
4.300000000000000000e+01 6.336020667137993458e-24
4.400000000000000000e+01 2.960527120267900403e-23
4.500000000000000000e+01 1.292479494680494140e-22
4.600000000000000000e+01 5.295323838639249971e-22
4.700000000000000000e+01 2.044210614031398836e-21
4.800000000000000000e+01 7.463246198294238902e-21
4.900000000000000000e+01 2.585670716785336448e-20
5.000000000000000000e+01 8.527443260735293218e-20
5.100000000000000000e+01 2.684822132372661510e-19
5.200000000000000000e+01 8.091300666896953035e-19
5.300000000000000000e+01 2.339890773816343643e-18
5.400000000000000000e+01 6.507838402449476478e-18
5.500000000000000000e+01 1.744454834944573764e-17
5.600000000000000000e+01 4.515616945767561447e-17
5.700000000000000000e+01 1.130841917147459541e-16
5.800000000000000000e+01 2.744433731300600128e-16
5.900000000000000000e+01 6.464849398413637237e-16
6.000000000000000000e+01 1.480341644896782885e-15
6.100000000000000000e+01 3.299624226566459037e-15
6.200000000000000000e+01 7.168503483418852750e-15
6.300000000000000000e+01 1.519780875466552471e-14
6.400000000000000000e+01 3.147865014568227437e-14
6.500000000000000000e+01 6.376726784440900247e-14
6.600000000000000000e+01 1.264625854807815717e-13
6.700000000000000000e+01 2.457643578392688109e-13
6.800000000000000000e+01 4.684404568658720462e-13
6.900000000000000000e+01 8.764604782975294151e-13
7.000000000000000000e+01 1.611001083711832805e-12
7.100000000000000000e+01 2.911177982346131004e-12
7.200000000000000000e+01 5.175556921039780783e-12
7.300000000000000000e+01 9.058371387871965811e-12
7.400000000000000000e+01 1.561786254022229109e-11
7.500000000000000000e+01 2.654182151649926534e-11
7.600000000000000000e+01 4.448597867170962969e-11
7.700000000000000000e+01 7.357526212255695162e-11
7.800000000000000000e+01 1.201372795957689499e-10
7.900000000000000000e+01 1.937630685495788494e-10
8.000000000000000000e+01 3.088239220016467633e-10
8.100000000000000000e+01 4.866169930038010870e-10
8.200000000000000000e+01 7.583688639626590033e-10
8.300000000000000000e+01 1.169398229272550785e-09
8.400000000000000000e+01 1.784829650631675875e-09
8.500000000000000000e+01 2.697363890812410102e-09
8.600000000000000000e+01 4.037751052054868392e-09
8.700000000000000000e+01 5.988785658235640357e-09
8.800000000000000000e+01 8.803853545129750233e-09
8.900000000000000000e+01 1.283131519297139218e-08
9.000000000000000000e+01 1.854631579713562990e-08
9.100000000000000000e+01 2.659197637747170946e-08
9.200000000000000000e+01 3.783235060751919103e-08
9.300000000000000000e+01 5.342003737962364299e-08
9.400000000000000000e+01 7.488192848371366126e-08
9.500000000000000000e+01 1.042272536691092715e-07
9.600000000000000000e+01 1.440828716341462135e-07
9.700000000000000000e+01 1.978616552597396831e-07
9.800000000000000000e+01 2.699708429345851961e-07
9.900000000000000000e+01 3.660683854099573949e-07
1.000000000000000000e+02 4.933766194748331234e-07
1.010000000000000000e+02 6.610640558286886062e-07
1.020000000000000000e+02 8.807076884436410571e-07
1.030000000000000000e+02 1.166850025515832352e-06
1.040000000000000000e+02 1.537667016193718453e-06
1.050000000000000000e+02 2.015765210189759566e-06
1.060000000000000000e+02 2.629128845697944009e-06
1.070000000000000000e+02 3.412240120185927940e-06
1.080000000000000000e+02 4.407398662767712497e-06
1.090000000000000000e+02 5.666269198746832057e-06
1.100000000000000000e+02 7.251689577783047391e-06
1.110000000000000000e+02 9.239774726578710740e-06
1.120000000000000000e+02 1.172235568288336278e-05
1.130000000000000000e+02 1.480979666605842456e-05
1.140000000000000000e+02 1.863423713465585640e-05
1.150000000000000000e+02 2.335330996578108140e-05
1.160000000000000000e+02 2.915439125485650844e-05
1.170000000000000000e+02 3.625944176629541265e-05
1.180000000000000000e+02 4.493050475216653496e-05
1.190000000000000000e+02 5.547592968196535647e-05
1.200000000000000000e+02 6.825739637511314564e-05
1.210000000000000000e+02 8.369781908008189870e-05
1.220000000000000000e+02 1.022902151797956650e-04
1.230000000000000000e+02 1.246076284003966002e-04
1.240000000000000000e+02 1.513142016364502616e-04
1.250000000000000000e+02 1.831774997558407395e-04
1.260000000000000000e+02 2.210821879865715626e-04
1.270000000000000000e+02 2.660451766891437490e-04
1.280000000000000000e+02 3.192323484551299532e-04
1.290000000000000000e+02 3.819769885174692319e-04
1.300000000000000000e+02 4.558000443830006587e-04
1.310000000000000000e+02 5.424323453748196994e-04
1.320000000000000000e+02 6.438389173731885740e-04
1.330000000000000000e+02 7.622455324412307984e-04
1.340000000000000000e+02 9.001676371881429635e-04
1.350000000000000000e+02 1.060441807631450940e-03
1.360000000000000000e+02 1.246259881944962369e-03
1.370000000000000000e+02 1.461205925795534344e-03
1.380000000000000000e+02 1.709296187955672199e-03
1.390000000000000000e+02 1.995022206507690663e-03
1.400000000000000000e+02 2.323397228207449948e-03
1.410000000000000000e+02 2.700006105431793958e-03
1.420000000000000000e+02 3.131058836575786875e-03
1.430000000000000000e+02 3.623447916777174267e-03
1.440000000000000000e+02 4.184809666411892087e-03
1.450000000000000000e+02 4.823589704913108442e-03
1.460000000000000000e+02 5.549112737106809759e-03
1.470000000000000000e+02 6.371656818420439773e-03
1.480000000000000000e+02 7.302532264001283975e-03
1.490000000000000000e+02 8.354165364973476990e-03
1.500000000000000000e+02 9.540187072764187357e-03
1.510000000000000000e+02 1.087552680964063052e-02
1.520000000000000000e+02 1.237651156032125443e-02
1.530000000000000000e+02 1.406097039576095081e-02
1.540000000000000000e+02 1.594834457596651725e-02
1.550000000000000000e+02 1.805980337398288213e-02
1.560000000000000000e+02 2.041836575801183121e-02
1.570000000000000000e+02 2.304902806299449075e-02
1.580000000000000000e+02 2.597889777691939767e-02
1.590000000000000000e+02 2.923733356062421795e-02
1.600000000000000000e+02 3.285609161295669628e-02
1.610000000000000000e+02 3.686947848586732968e-02
1.620000000000000000e+02 4.131451044634034536e-02
1.630000000000000000e+02 4.623107947405161178e-02
1.640000000000000000e+02 5.166212597529260681e-02
1.650000000000000000e+02 5.765381828504073658e-02
1.660000000000000000e+02 6.425573902011105787e-02
1.670000000000000000e+02 7.152107833711623952e-02
1.680000000000000000e+02 7.950683413951495360e-02
1.690000000000000000e+02 8.827401926836862811e-02
1.700000000000000000e+02 9.788787570157733708e-02
1.710000000000000000e+02 1.084180957763545283e-01
1.720000000000000000e+02 1.199390504395503598e-01
1.730000000000000000e+02 1.325300245201746774e-01
1.740000000000000000e+02 1.462754590081233874e-01
1.750000000000000000e+02 1.612652003127089118e-01
1.760000000000000000e+02 1.775947564641538745e-01
1.770000000000000000e+02 1.953655602107612355e-01
1.780000000000000000e+02 2.146852389540406525e-01
1.790000000000000000e+02 2.356678914536805003e-01
1.800000000000000000e+02 2.584343712239278168e-01
1.810000000000000000e+02 2.831125765327007215e-01
1.820000000000000000e+02 3.098377469046285637e-01
1.830000000000000000e+02 3.387527660192204970e-01
1.840000000000000000e+02 3.700084708855215787e-01
1.850000000000000000e+02 4.037639671649494444e-01
1.860000000000000000e+02 4.401869505045292730e-01
1.870000000000000000e+02 4.794540337334873836e-01
1.880000000000000000e+02 5.217510797671294220e-01
1.890000000000000000e+02 5.672735400531505601e-01
1.900000000000000000e+02 6.162267983870005628e-01
1.910000000000000000e+02 6.688265199146872231e-01
1.920000000000000000e+02 7.252990051334483601e-01
1.930000000000000000e+02 7.858815486930744720e-01
1.940000000000000000e+02 8.508228027933361082e-01
1.950000000000000000e+02 9.203831449659627406e-01
1.960000000000000000e+02 9.948350500229519167e-01
1.970000000000000000e+02 1.074463465946659202e+00
1.980000000000000000e+02 1.159566193491161412e+00
1.990000000000000000e+02 1.250454269258749029e+00
2.000000000000000000e+02 1.347452352010186871e+00
2.010000000000000000e+02 1.450899111962467458e+00
2.020000000000000000e+02 1.561147622823310321e+00
2.030000000000000000e+02 1.678565756307499379e+00
2.040000000000000000e+02 1.803536578876420826e+00
2.050000000000000000e+02 1.936458750438768917e+00
2.060000000000000000e+02 2.077746924747408297e+00
2.070000000000000000e+02 2.227832151224746760e+00
2.080000000000000000e+02 2.387162277946739408e+00
2.090000000000000000e+02 2.556202355513770730e+00
2.100000000000000000e+02 2.735435041535160039e+00
2.110000000000000000e+02 2.925361005452919549e+00
2.120000000000000000e+02 3.126499333429595850e+00
2.130000000000000000e+02 3.339387933024648092e+00
2.140000000000000000e+02 3.564583937383729584e+00
2.150000000000000000e+02 3.802664108665543274e+00
2.160000000000000000e+02 4.054225240431554411e+00
2.170000000000000000e+02 4.319884558724822909e+00
2.180000000000000000e+02 4.600280121565464952e+00
2.190000000000000000e+02 4.896071216591885822e+00
2.200000000000000000e+02 5.207938756578825767e+00
2.210000000000000000e+02 5.536585672565442096e+00
2.220000000000000000e+02 5.882737304329183736e+00
2.230000000000000000e+02 6.247141787943959912e+00
2.240000000000000000e+02 6.630570440164182955e+00
2.250000000000000000e+02 7.033818139379533818e+00
2.260000000000000000e+02 7.457703702888912822e+00
2.270000000000000000e+02 7.903070260245788958e+00
2.280000000000000000e+02 8.370785622431231587e+00
2.290000000000000000e+02 8.861742646615146768e+00
2.300000000000000000e+02 9.376859596270678665e+00
2.310000000000000000e+02 9.917080496411484702e+00
2.320000000000000000e+02 1.048337548372630046e+01
2.330000000000000000e+02 1.107674115139042215e+01
2.340000000000000000e+02 1.169820088833873761e+01
2.350000000000000000e+02 1.234880521279046128e+01
2.360000000000000000e+02 1.302963209982112147e+01
2.370000000000000000e+02 1.374178730278301508e+01
2.380000000000000000e+02 1.448640466838115159e+01
2.390000000000000000e+02 1.526464644521746905e+01
2.400000000000000000e+02 1.607770358562226676e+01
2.410000000000000000e+02 1.692679604059769716e+01
2.420000000000000000e+02 1.781317304770443855e+01
2.430000000000000000e+02 1.873811341172887168e+01
2.440000000000000000e+02 1.970292577797441425e+01
2.450000000000000000e+02 2.070894889802697492e+01
2.460000000000000000e+02 2.175755188785099037e+01
2.470000000000000000e+02 2.285013447807887843e+01
2.480000000000000000e+02 2.398812725636327059e+01
2.490000000000000000e+02 2.517299190166787071e+01
2.500000000000000000e+02 2.640622141037937354e+01
2.510000000000000000e+02 2.768934031412918984e+01
2.520000000000000000e+02 2.902390488922067746e+01
2.530000000000000000e+02 3.041150335756348611e+01
2.540000000000000000e+02 3.185375607902376771e+01
2.550000000000000000e+02 3.335231573510492353e+01
2.560000000000000000e+02 3.490886750388046522e+01
2.570000000000000000e+02 3.652512922610659274e+01
2.580000000000000000e+02 3.820285156244868574e+01
2.590000000000000000e+02 3.994381814176224310e+01
2.600000000000000000e+02 4.174984570037487686e+01
2.610000000000000000e+02 4.362278421232238657e+01
2.620000000000000000e+02 4.556451701049788028e+01
2.630000000000000000e+02 4.757696089867924627e+01
2.640000000000000000e+02 4.966206625440578648e+01
2.650000000000000000e+02 5.182181712268152296e+01
2.660000000000000000e+02 5.405823130048766245e+01
2.670000000000000000e+02 5.637336041209297832e+01
2.680000000000000000e+02 5.876928997515640418e+01
2.690000000000000000e+02 6.124813945762178946e+01
2.700000000000000000e+02 6.381206232540976941e+01
2.710000000000000000e+02 6.646324608091794062e+01
2.720000000000000000e+02 6.920391229234455466e+01
2.730000000000000000e+02 7.203631661385773555e+01
2.740000000000000000e+02 7.496274879663531010e+01
2.750000000000000000e+02 7.798553269080706229e+01
2.760000000000000000e+02 8.110702623833500979e+01
2.770000000000000000e+02 8.432962145687221778e+01
2.780000000000000000e+02 8.765574441464534061e+01
2.790000000000000000e+02 9.108785519641068618e+01
2.800000000000000000e+02 9.462844786053747725e+01
2.810000000000000000e+02 9.828005038727678766e+01
2.820000000000000000e+02 1.020452246182785956e+02
2.830000000000000000e+02 1.059265661874226936e+02
2.840000000000000000e+02 1.099267044430343390e+02
2.850000000000000000e+02 1.140483023615582567e+02
2.860000000000000000e+02 1.182940564527684728e+02
2.870000000000000000e+02 1.226666966565952919e+02
2.880000000000000000e+02 1.271689862316535624e+02
2.890000000000000000e+02 1.318037216355603505e+02
2.900000000000000000e+02 1.365737323971325168e+02
2.910000000000000000e+02 1.414818809805579463e+02
2.920000000000000000e+02 1.465310626416379591e+02
2.930000000000000000e+02 1.517242052761991431e+02
2.940000000000000000e+02 1.570642692607781612e+02
2.950000000000000000e+02 1.625542472856831751e+02
2.960000000000000000e+02 1.681971641805396303e+02
2.970000000000000000e+02 1.739960767324296285e+02
2.980000000000000000e+02 1.799540734967362710e+02
2.990000000000000000e+02 1.860742746008073993e+02
3.000000000000000000e+02 1.923598315405532162e+02
3.010000000000000000e+02 1.988139269700966452e+02
3.020000000000000000e+02 2.054397744845942384e+02
3.030000000000000000e+02 2.122406183963500723e+02
3.040000000000000000e+02 2.192197335043427699e+02
3.050000000000000000e+02 2.263804248572924962e+02
3.060000000000000000e+02 2.337260275103898834e+02
3.070000000000000000e+02 2.412599062758152400e+02
3.080000000000000000e+02 2.489854554671748588e+02
3.090000000000000000e+02 2.569060986379826659e+02
3.100000000000000000e+02 2.650252883143167537e+02
3.110000000000000000e+02 2.733465057217808294e+02
3.120000000000000000e+02 2.818732605069014880e+02
3.130000000000000000e+02 2.906090904530931880e+02
3.140000000000000000e+02 2.995575611913217813e+02
3.150000000000000000e+02 3.087222659056009775e+02
3.160000000000000000e+02 3.181068250334528784e+02
3.170000000000000000e+02 3.277148859614663934e+02
3.180000000000000000e+02 3.375501227160876851e+02
3.190000000000000000e+02 3.476162356497742394e+02
3.200000000000000000e+02 3.579169511226484701e+02
3.210000000000000000e+02 3.684560211797819989e+02
3.220000000000000000e+02 3.792372232242465202e+02
3.230000000000000000e+02 3.902643596860611410e+02
3.240000000000000000e+02 4.015412576871738111e+02
3.250000000000000000e+02 4.130717687026043450e+02
3.260000000000000000e+02 4.248597682178857440e+02
3.270000000000000000e+02 4.369091553829329087e+02
3.280000000000000000e+02 4.492238526624714154e+02
3.290000000000000000e+02 4.618078054831569261e+02
3.300000000000000000e+02 4.746649818775150038e+02
3.310000000000000000e+02 4.877993721248314500e+02
3.320000000000000000e+02 5.012149883891220838e+02
3.330000000000000000e+02 5.149158643543084963e+02
3.340000000000000000e+02 5.289060548567294973e+02
3.350000000000000000e+02 5.431896355151125135e+02
3.360000000000000000e+02 5.577707023581310750e+02
3.370000000000000000e+02 5.726533714496723633e+02
3.380000000000000000e+02 5.878417785119397649e+02
3.390000000000000000e+02 6.033400785465112222e+02
3.400000000000000000e+02 6.191524454534740016e+02
3.410000000000000000e+02 6.352830716487599148e+02
3.420000000000000000e+02 6.517361676797936525e+02
3.430000000000000000e+02 6.685159618395800862e+02
3.440000000000000000e+02 6.856266997793384235e+02
3.450000000000000000e+02 7.030726441198060002e+02
3.460000000000000000e+02 7.208580740613205080e+02
3.470000000000000000e+02 7.389872849927972993e+02
3.480000000000000000e+02 7.574645880997099994e+02
3.490000000000000000e+02 7.762943099711858395e+02
3.500000000000000000e+02 7.954807922063249634e+02
3.510000000000000000e+02 8.150283910198500053e+02
3.520000000000000000e+02 8.349414768471914385e+02
3.530000000000000000e+02 8.552244339491138589e+02
3.540000000000000000e+02 8.758816600159860855e+02
3.550000000000000000e+02 8.969175657717953527e+02
3.560000000000000000e+02 9.183365745780067755e+02
3.570000000000000000e+02 9.401431220373660835e+02
3.580000000000000000e+02 9.623416555977416920e+02
3.590000000000000000e+02 9.849366341561019453e+02
3.600000000000000000e+02 1.007932527662723032e+03
3.610000000000000000e+02 1.031333816725715224e+03
3.620000000000000000e+02 1.055144992215964066e+03
3.630000000000000000e+02 1.079370554872570210e+03
3.640000000000000000e+02 1.104015014908879493e+03
3.650000000000000000e+02 1.129082891619184466e+03
3.660000000000000000e+02 1.154578712986189430e+03
3.670000000000000000e+02 1.180507015289311994e+03
3.680000000000000000e+02 1.206872342713909347e+03
3.690000000000000000e+02 1.233679246961508852e+03
3.700000000000000000e+02 1.260932286861113653e+03
3.710000000000000000e+02 1.288636027981669940e+03
3.720000000000000000e+02 1.316795042245763398e+03
3.730000000000000000e+02 1.345413907544618041e+03
3.740000000000000000e+02 1.374497207354476814e+03
3.750000000000000000e+02 1.404049530354422814e+03
3.760000000000000000e+02 1.434075470045718248e+03
3.770000000000000000e+02 1.464579624372723856e+03
3.780000000000000000e+02 1.495566595345467931e+03
3.790000000000000000e+02 1.527040988663920643e+03
3.800000000000000000e+02 1.559007413344048928e+03
3.810000000000000000e+02 1.591470481345698772e+03
3.820000000000000000e+02 1.624434807202372212e+03
3.830000000000000000e+02 1.657905007652959284e+03
3.840000000000000000e+02 1.691885701275468591e+03
3.850000000000000000e+02 1.726381508122828564e+03
3.860000000000000000e+02 1.761397049360794881e+03
3.870000000000000000e+02 1.796936946908030222e+03
3.880000000000000000e+02 1.833005823078397952e+03
3.890000000000000000e+02 1.869608300225519997e+03
3.900000000000000000e+02 1.906749000389651428e+03
3.910000000000000000e+02 1.944432544946906773e+03
3.920000000000000000e+02 1.982663554260897627e+03
3.930000000000000000e+02 2.021446647336807473e+03
3.940000000000000000e+02 2.060786441477960580e+03
3.950000000000000000e+02 2.100687551944914958e+03
3.960000000000000000e+02 2.141154591617123970e+03
3.970000000000000000e+02 2.182192170657201586e+03
3.980000000000000000e+02 2.223804896177827686e+03
3.990000000000000000e+02 2.265997371911329992e+03
4.000000000000000000e+02 2.308774197881972214e+03
4.010000000000000000e+02 2.352139970080986586e+03
4.020000000000000000e+02 2.396099280144378099e+03
4.030000000000000000e+02 2.440656715033529053e+03
4.040000000000000000e+02 2.485816856718633971e+03
4.050000000000000000e+02 2.531584281864997138e+03
4.060000000000000000e+02 2.577963561522207783e+03
4.070000000000000000e+02 2.624959260816226561e+03
4.080000000000000000e+02 2.672575938644406961e+03
4.090000000000000000e+02 2.720818147373469401e+03
4.100000000000000000e+02 2.769690432540450274e+03
4.110000000000000000e+02 2.819197332556653691e+03
4.120000000000000000e+02 2.869343378414610925e+03
4.130000000000000000e+02 2.920133093398080746e+03
4.140000000000000000e+02 2.971570992795098846e+03
4.150000000000000000e+02 3.023661583614091796e+03
4.160000000000000000e+02 3.076409364303078746e+03
4.170000000000000000e+02 3.129818824471958123e+03
4.180000000000000000e+02 3.183894444617919362e+03
4.190000000000000000e+02 3.238640695853956458e+03
4.200000000000000000e+02 3.294062039640529292e+03
4.210000000000000000e+02 3.350162927520354060e+03
4.220000000000000000e+02 3.406947800856353297e+03
4.230000000000000000e+02 3.464421090572757294e+03
4.240000000000000000e+02 3.522587216899373743e+03
4.250000000000000000e+02 3.581450589119031974e+03
4.260000000000000000e+02 3.641015605318200414e+03
4.270000000000000000e+02 3.701286652140786373e+03
4.280000000000000000e+02 3.762268104545122242e+03
4.290000000000000000e+02 3.823964325564142200e+03
4.300000000000000000e+02 3.886379666068743973e+03
4.310000000000000000e+02 3.949518464534347459e+03
4.320000000000000000e+02 4.013385046810642507e+03
4.330000000000000000e+02 4.077983725894528106e+03
4.340000000000000000e+02 4.143318801706249360e+03
4.350000000000000000e+02 4.209394560868710869e+03
4.360000000000000000e+02 4.276215276489984717e+03
4.370000000000000000e+02 4.343785207949007599e+03
4.380000000000000000e+02 4.412108600684447083e+03
4.390000000000000000e+02 4.481189685986743825e+03
4.400000000000000000e+02 4.551032680793335203e+03
4.410000000000000000e+02 4.621641787487029433e+03
4.420000000000000000e+02 4.693021193697543822e+03
4.430000000000000000e+02 4.765175072106197149e+03
4.440000000000000000e+02 4.838107580253739798e+03
4.450000000000000000e+02 4.911822860351320742e+03
4.460000000000000000e+02 4.986325039094580461e+03
4.470000000000000000e+02 5.061618227480863425e+03
4.480000000000000000e+02 5.137706520629535589e+03
4.490000000000000000e+02 5.214593997605397817e+03
4.500000000000000000e+02 5.292284721245190667e+03
4.510000000000000000e+02 5.370782737987165092e+03
4.520000000000000000e+02 5.450092077703726318e+03
4.530000000000000000e+02 5.530216753537115437e+03
4.540000000000000000e+02 5.611160761738150541e+03
4.550000000000000000e+02 5.692928081507960087e+03
4.560000000000000000e+02 5.775522674842764900e+03
4.570000000000000000e+02 5.858948486381626935e+03
4.580000000000000000e+02 5.943209443257193925e+03
4.590000000000000000e+02 6.028309454949411702e+03
4.600000000000000000e+02 6.114252413142190562e+03
4.610000000000000000e+02 6.201042191583002932e+03
4.620000000000000000e+02 6.288682645945405966e+03
4.630000000000000000e+02 6.377177613694470892e+03
4.640000000000000000e+02 6.466530913955093638e+03
4.650000000000000000e+02 6.556746347383194006e+03
4.660000000000000000e+02 6.647827696039741568e+03
4.670000000000000000e+02 6.739778723267645546e+03
4.680000000000000000e+02 6.832603173571453226e+03
4.690000000000000000e+02 6.926304772499841420e+03
4.700000000000000000e+02 7.020887226530904627e+03
4.710000000000000000e+02 7.116354222960197148e+03
4.720000000000000000e+02 7.212709429791528237e+03
4.730000000000000000e+02 7.309956495630477548e+03
4.740000000000000000e+02 7.408099049580619976e+03
4.750000000000000000e+02 7.507140701142438047e+03
4.760000000000000000e+02 7.607085040114903677e+03
4.770000000000000000e+02 7.707935636499704742e+03
4.780000000000000000e+02 7.809696040408100089e+03
4.790000000000000000e+02 7.912369781970386612e+03
4.800000000000000000e+02 8.015960371247950206e+03
4.810000000000000000e+02 8.120471298147876951e+03
4.820000000000000000e+02 8.225906032340126330e+03
4.830000000000000000e+02 8.332268023177213763e+03
4.840000000000000000e+02 8.439560699616402417e+03
4.850000000000000000e+02 8.547787470144385225e+03
4.860000000000000000e+02 8.656951722704412532e+03
4.870000000000000000e+02 8.767056824625877198e+03
4.880000000000000000e+02 8.878106122556309856e+03
4.890000000000000000e+02 8.990102942395762511e+03
4.900000000000000000e+02 9.103050589233595019e+03
4.910000000000000000e+02 9.216952347287582597e+03
4.920000000000000000e+02 9.331811479845377107e+03
4.930000000000000000e+02 9.447631229208262084e+03
4.940000000000000000e+02 9.564414816637228796e+03
4.950000000000000000e+02 9.682165442301266012e+03
4.960000000000000000e+02 9.800886285227941698e+03
4.970000000000000000e+02 9.920580503256180236e+03
4.980000000000000000e+02 1.004125123299125335e+04
4.990000000000000000e+02 1.016290158976193379e+04
5.000000000000000000e+02 1.028553466757982096e+04
5.010000000000000000e+02 1.040915353910078557e+04
5.020000000000000000e+02 1.053376125558853164e+04
5.030000000000000000e+02 1.065936084688026313e+04
5.040000000000000000e+02 1.078595532135437679e+04
5.050000000000000000e+02 1.091354766590023428e+04
5.060000000000000000e+02 1.104214084588995320e+04
5.070000000000000000e+02 1.117173780515219005e+04
5.080000000000000000e+02 1.130234146594788399e+04
5.090000000000000000e+02 1.143395472894799605e+04
5.100000000000000000e+02 1.156658047321314734e+04
5.110000000000000000e+02 1.170022155617518729e+04
5.120000000000000000e+02 1.183488081362063895e+04
5.130000000000000000e+02 1.197056105967602343e+04
5.140000000000000000e+02 1.210726508679501421e+04
5.150000000000000000e+02 1.224499566574743767e+04
5.160000000000000000e+02 1.238375554561005083e+04
5.170000000000000000e+02 1.252354745375911079e+04
5.180000000000000000e+02 1.266437409586470312e+04
5.190000000000000000e+02 1.280623815588681100e+04
5.200000000000000000e+02 1.294914229607307061e+04
5.210000000000000000e+02 1.309308915695826363e+04
5.220000000000000000e+02 1.323808135736544136e+04
5.230000000000000000e+02 1.338412149440872963e+04
5.240000000000000000e+02 1.353121214349773072e+04
5.250000000000000000e+02 1.367935585834356971e+04
5.260000000000000000e+02 1.382855517096649237e+04
5.270000000000000000e+02 1.397881259170504563e+04
5.280000000000000000e+02 1.413013060922681689e+04
5.290000000000000000e+02 1.428251169054064667e+04
5.300000000000000000e+02 1.443595828101041116e+04
5.310000000000000000e+02 1.459047280437023073e+04
5.320000000000000000e+02 1.474605766274116831e+04
5.330000000000000000e+02 1.490271523664935739e+04
5.340000000000000000e+02 1.506044788504556709e+04
5.350000000000000000e+02 1.521925794532613509e+04
5.360000000000000000e+02 1.537914773335531208e+04
5.370000000000000000e+02 1.554011954348894869e+04
5.380000000000000000e+02 1.570217564859952836e+04
5.390000000000000000e+02 1.586531830010253179e+04
5.400000000000000000e+02 1.602954972798406015e+04
5.410000000000000000e+02 1.619487214082979699e+04
5.420000000000000000e+02 1.636128772585518345e+04
5.430000000000000000e+02 1.652879864893687045e+04
5.440000000000000000e+02 1.669740705464536586e+04
5.450000000000000000e+02 1.686711506627889685e+04
5.460000000000000000e+02 1.703792478589845996e+04
5.470000000000000000e+02 1.720983829436404267e+04
5.480000000000000000e+02 1.738285765137197450e+04
5.490000000000000000e+02 1.755698489549340593e+04
5.500000000000000000e+02 1.773222204421393690e+04
5.510000000000000000e+02 1.790857109397428212e+04
5.520000000000000000e+02 1.808603402021203510e+04
5.530000000000000000e+02 1.826461277740451624e+04
5.540000000000000000e+02 1.844430929911259227e+04
5.550000000000000000e+02 1.862512549802558351e+04
5.560000000000000000e+02 1.880706326600712782e+04
5.570000000000000000e+02 1.899012447414205963e+04
5.580000000000000000e+02 1.917431097278422385e+04
5.590000000000000000e+02 1.935962459160526487e+04
5.600000000000000000e+02 1.954606713964437222e+04
5.610000000000000000e+02 1.973364040535885215e+04
5.620000000000000000e+02 1.992234615667571416e+04
5.630000000000000000e+02 2.011218614104406151e+04
5.640000000000000000e+02 2.030316208548836585e+04
5.650000000000000000e+02 2.049527569666261843e+04
5.660000000000000000e+02 2.068852866090527095e+04
5.670000000000000000e+02 2.088292264429503848e+04
5.680000000000000000e+02 2.107845929270745910e+04
5.690000000000000000e+02 2.127514023187229759e+04
5.700000000000000000e+02 2.147296706743164395e+04
5.710000000000000000e+02 2.167194138499884139e+04
5.720000000000000000e+02 2.187206475021809820e+04
5.730000000000000000e+02 2.207333870882486372e+04
5.740000000000000000e+02 2.227576478670687356e+04
5.750000000000000000e+02 2.247934448996592982e+04
5.760000000000000000e+02 2.268407930498033602e+04
5.770000000000000000e+02 2.288997069846798695e+04
5.780000000000000000e+02 2.309702011755015701e+04
5.790000000000000000e+02 2.330522898981584876e+04
5.800000000000000000e+02 2.351459872338684727e+04
5.810000000000000000e+02 2.372513070698330921e+04
5.820000000000000000e+02 2.393682630998998502e+04
5.830000000000000000e+02 2.414968688252301945e+04
5.840000000000000000e+02 2.436371375549731601e+04
5.850000000000000000e+02 2.457890824069442533e+04
5.860000000000000000e+02 2.479527163083102641e+04
5.870000000000000000e+02 2.501280519962787366e+04
5.880000000000000000e+02 2.523151020187931863e+04
5.890000000000000000e+02 2.545138787352327927e+04
5.900000000000000000e+02 2.567243943171172577e+04
5.910000000000000000e+02 2.589466607488162117e+04
5.920000000000000000e+02 2.611806898282637485e+04
5.930000000000000000e+02 2.634264931676765991e+04
5.940000000000000000e+02 2.656840821942772163e+04
5.950000000000000000e+02 2.679534681510214432e+04
5.960000000000000000e+02 2.702346620973295649e+04
5.970000000000000000e+02 2.725276749098217260e+04
5.980000000000000000e+02 2.748325172830573865e+04
5.990000000000000000e+02 2.771491997302784148e+04
6.000000000000000000e+02 2.794777325841557467e+04
6.010000000000000000e+02 2.818181259975399735e+04
6.020000000000000000e+02 2.841703899442145484e+04
6.030000000000000000e+02 2.865345342196536149e+04
6.040000000000000000e+02 2.889105684417819066e+04
6.050000000000000000e+02 2.912985020517381054e+04
6.060000000000000000e+02 2.936983443146416539e+04
6.070000000000000000e+02 2.961101043203617883e+04
6.080000000000000000e+02 2.985337909842898807e+04
6.090000000000000000e+02 3.009694130481141474e+04
6.100000000000000000e+02 3.034169790805974117e+04
6.110000000000000000e+02 3.058764974783566868e+04
6.120000000000000000e+02 3.083479764666457049e+04
6.130000000000000000e+02 3.108314241001397022e+04
6.140000000000000000e+02 3.133268482637219131e+04
6.150000000000000000e+02 3.158342566732730484e+04
6.160000000000000000e+02 3.183536568764617914e+04
6.170000000000000000e+02 3.208850562535380595e+04
6.180000000000000000e+02 3.234284620181275386e+04
6.190000000000000000e+02 3.259838812180283276e+04
6.200000000000000000e+02 3.285513207360089291e+04
6.210000000000000000e+02 3.311307872906082048e+04
6.220000000000000000e+02 3.337222874369361671e+04
6.230000000000000000e+02 3.363258275674770266e+04
6.240000000000000000e+02 3.389414139128927491e+04
6.250000000000000000e+02 3.415690525428281398e+04
6.260000000000000000e+02 3.442087493667176750e+04
6.270000000000000000e+02 3.468605101345920411e+04
6.280000000000000000e+02 3.495243404378868581e+04
6.290000000000000000e+02 3.522002457102521294e+04
6.300000000000000000e+02 3.548882312283617648e+04
6.310000000000000000e+02 3.575883021127249231e+04
6.320000000000000000e+02 3.603004633284968440e+04
6.330000000000000000e+02 3.630247196862918645e+04
6.340000000000000000e+02 3.657610758429950511e+04
6.350000000000000000e+02 3.685095363025757979e+04
6.360000000000000000e+02 3.712701054169013514e+04
6.370000000000000000e+02 3.740427873865503352e+04
6.380000000000000000e+02 3.768275862616272207e+04
6.390000000000000000e+02 3.796245059425756335e+04
6.400000000000000000e+02 3.824335501809936250e+04
6.410000000000000000e+02 3.852547225804477785e+04
6.420000000000000000e+02 3.880880265972873167e+04
6.430000000000000000e+02 3.909334655414585723e+04
6.440000000000000000e+02 3.937910425773189490e+04
6.450000000000000000e+02 3.966607607244511746e+04
6.460000000000000000e+02 3.995426228584768978e+04
6.470000000000000000e+02 4.024366317118697043e+04
6.480000000000000000e+02 4.053427898747682048e+04
6.490000000000000000e+02 4.082610997957890504e+04
6.500000000000000000e+02 4.111915637828382751e+04
6.510000000000000000e+02 4.141341840039228555e+04
6.520000000000000000e+02 4.170889624879622716e+04
6.530000000000000000e+02 4.200559011255975929e+04
6.540000000000000000e+02 4.230350016700018023e+04
6.550000000000000000e+02 4.260262657376880816e+04
6.560000000000000000e+02 4.290296948093181709e+04
6.570000000000000000e+02 4.320452902305086172e+04
6.580000000000000000e+02 4.350730532126374601e+04
6.590000000000000000e+02 4.381129848336491705e+04
6.600000000000000000e+02 4.411650860388586443e+04
6.610000000000000000e+02 4.442293576417544682e+04
6.620000000000000000e+02 4.473058003248004388e+04
6.630000000000000000e+02 4.503944146402370097e+04
6.640000000000000000e+02 4.534952010108799732e+04
6.650000000000000000e+02 4.566081597309192875e+04
6.660000000000000000e+02 4.597332909667161584e+04
6.670000000000000000e+02 4.628705947575984464e+04
6.680000000000000000e+02 4.660200710166551289e+04
6.690000000000000000e+02 4.691817195315290883e+04
6.700000000000000000e+02 4.723555399652088818e+04
6.710000000000000000e+02 4.755415318568177463e+04
6.720000000000000000e+02 4.787396946224034764e+04
6.730000000000000000e+02 4.819500275557237910e+04
6.740000000000000000e+02 4.851725298290327191e+04
6.750000000000000000e+02 4.884072004938630562e+04
6.760000000000000000e+02 4.916540384818096209e+04
6.770000000000000000e+02 4.949130426053080009e+04
6.780000000000000000e+02 4.981842115584140993e+04
6.790000000000000000e+02 5.014675439175801876e+04
6.800000000000000000e+02 5.047630381424297957e+04
6.810000000000000000e+02 5.080706925765310007e+04
6.820000000000000000e+02 5.113905054481670959e+04
6.830000000000000000e+02 5.147224748711060965e+04
6.840000000000000000e+02 5.180665988453678438e+04
6.850000000000000000e+02 5.214228752579891443e+04
6.860000000000000000e+02 5.247913018837875279e+04
6.870000000000000000e+02 5.281718763861218758e+04
6.880000000000000000e+02 5.315645963176518853e+04
6.890000000000000000e+02 5.349694591210954241e+04
6.900000000000000000e+02 5.383864621299826831e+04
6.910000000000000000e+02 5.418156025694103300e+04
6.920000000000000000e+02 5.452568775567908597e+04
6.930000000000000000e+02 5.487102841026018723e+04
6.940000000000000000e+02 5.521758191111322958e+04
6.950000000000000000e+02 5.556534793812262069e+04
6.960000000000000000e+02 5.591432616070244694e+04
6.970000000000000000e+02 5.626451623787051358e+04
6.980000000000000000e+02 5.661591781832193374e+04
6.990000000000000000e+02 5.696853054050273931e+04
7.000000000000000000e+02 5.732235403268305527e+04
7.010000000000000000e+02 5.767738791303015023e+04
7.020000000000000000e+02 5.803363178968120337e+04
7.030000000000000000e+02 5.839108526081585296e+04
7.040000000000000000e+02 5.874974791472850484e+04
7.050000000000000000e+02 5.910961932990033529e+04
7.060000000000000000e+02 5.947069907507115568e+04
7.070000000000000000e+02 5.983298670931094239e+04
7.080000000000000000e+02 6.019648178209112666e+04
7.090000000000000000e+02 6.056118383335570979e+04
7.100000000000000000e+02 6.092709239359200001e+04
7.110000000000000000e+02 6.129420698390122561e+04
7.120000000000000000e+02 6.166252711606878438e+04
7.130000000000000000e+02 6.203205229263432557e+04
7.140000000000000000e+02 6.240278200696143904e+04
7.150000000000000000e+02 6.277471574330732983e+04
7.160000000000000000e+02 6.314785297689193976e+04
7.170000000000000000e+02 6.352219317396698898e+04
7.180000000000000000e+02 6.389773579188474105e+04
7.190000000000000000e+02 6.427448027916641877e+04
7.200000000000000000e+02 6.465242607557043084e+04
7.210000000000000000e+02 6.503157261216034385e+04
7.220000000000000000e+02 6.541191931137245410e+04
7.230000000000000000e+02 6.579346558708329394e+04
7.240000000000000000e+02 6.617621084467667970e+04
7.250000000000000000e+02 6.656015448111061414e+04
7.260000000000000000e+02 6.694529588498381781e+04
7.270000000000000000e+02 6.733163443660212215e+04
7.280000000000000000e+02 6.771916950804441876e+04
7.290000000000000000e+02 6.810790046322846320e+04
7.300000000000000000e+02 6.849782665797643131e+04
7.310000000000000000e+02 6.888894744007993722e+04
7.320000000000000000e+02 6.928126214936518227e+04
7.330000000000000000e+02 6.967477011775747815e+04
7.340000000000000000e+02 7.006947066934571194e+04
7.350000000000000000e+02 7.046536312044630176e+04
7.360000000000000000e+02 7.086244677966722520e+04
7.370000000000000000e+02 7.126072094797134923e+04
7.380000000000000000e+02 7.166018491873987659e+04
7.390000000000000000e+02 7.206083797783516638e+04
7.400000000000000000e+02 7.246267940366352559e+04
7.410000000000000000e+02 7.286570846723762224e+04
7.420000000000000000e+02 7.326992443223854934e+04
7.430000000000000000e+02 7.367532655507777235e+04
7.440000000000000000e+02 7.408191408495861106e+04
7.450000000000000000e+02 7.448968626393756131e+04
7.460000000000000000e+02 7.489864232698536944e+04
7.470000000000000000e+02 7.530878150204753911e+04
7.480000000000000000e+02 7.572010301010505646e+04
7.490000000000000000e+02 7.613260606523425668e+04
7.500000000000000000e+02 7.654628987466692342e+04
7.510000000000000000e+02 7.696115363884973340e+04
7.520000000000000000e+02 7.737719655150355538e+04
7.530000000000000000e+02 7.779441779968250194e+04
7.540000000000000000e+02 7.821281656383271911e+04
7.550000000000000000e+02 7.863239201785068144e+04
7.560000000000000000e+02 7.905314332914145780e+04
7.570000000000000000e+02 7.947506965867659892e+04
7.580000000000000000e+02 7.989817016105158837e+04
7.590000000000000000e+02 8.032244398454332259e+04
7.600000000000000000e+02 8.074789027116706711e+04
7.610000000000000000e+02 8.117450815673309262e+04
7.620000000000000000e+02 8.160229677090328187e+04
7.630000000000000000e+02 8.203125523724718369e+04
7.640000000000000000e+02 8.246138267329799419e+04
7.650000000000000000e+02 8.289267819060802867e+04
7.660000000000000000e+02 8.332514089480414987e+04
7.670000000000000000e+02 8.375876988564274507e+04
7.680000000000000000e+02 8.419356425706448499e+04
7.690000000000000000e+02 8.462952309724880615e+04
7.700000000000000000e+02 8.506664548866807309e+04
7.710000000000000000e+02 8.550493050814147864e+04
7.720000000000000000e+02 8.594437722688866779e+04
7.730000000000000000e+02 8.638498471058311407e+04
7.740000000000000000e+02 8.682675201940504485e+04
7.750000000000000000e+02 8.726967820809442492e+04
7.760000000000000000e+02 8.771376232600327057e+04
7.770000000000000000e+02 8.815900341714792012e+04
7.780000000000000000e+02 8.860540052026098419e+04
7.790000000000000000e+02 8.905295266884301964e+04
7.800000000000000000e+02 8.950165889121379587e+04
7.810000000000000000e+02 8.995151821056357585e+04
7.820000000000000000e+02 9.040252964500374219e+04
7.830000000000000000e+02 9.085469220761745237e+04
7.840000000000000000e+02 9.130800490650988650e+04
7.850000000000000000e+02 9.176246674485818949e+04
7.860000000000000000e+02 9.221807672096125316e+04
7.870000000000000000e+02 9.267483382828911999e+04
7.880000000000000000e+02 9.313273705553205218e+04
7.890000000000000000e+02 9.359178538664958614e+04
7.900000000000000000e+02 9.405197780091904860e+04
7.910000000000000000e+02 9.451331327298388351e+04
7.920000000000000000e+02 9.497579077290176065e+04
7.930000000000000000e+02 9.543940926619232050e+04
7.940000000000000000e+02 9.590416771388475900e+04
7.950000000000000000e+02 9.637006507256507757e+04
7.960000000000000000e+02 9.683710029442294035e+04
7.970000000000000000e+02 9.730527232729856041e+04
7.980000000000000000e+02 9.777458011472909129e+04
7.990000000000000000e+02 9.824502259599466925e+04
8.000000000000000000e+02 9.871659870616451371e+04
8.010000000000000000e+02 9.918930737614246027e+04
8.020000000000000000e+02 9.966314753271234804e+04
8.030000000000000000e+02 1.001381180985831743e+05
8.040000000000000000e+02 1.006142179924338561e+05
8.050000000000000000e+02 1.010914461289579049e+05
8.060000000000000000e+02 1.015698014189076930e+05
8.070000000000000000e+02 1.020492827691384737e+05
8.080000000000000000e+02 1.025298890826522693e+05
8.090000000000000000e+02 1.030116192586413526e+05
8.100000000000000000e+02 1.034944721925314952e+05
8.110000000000000000e+02 1.039784467760250554e+05
8.120000000000000000e+02 1.044635418971436156e+05
8.130000000000000000e+02 1.049497564402706194e+05
8.140000000000000000e+02 1.054370892861934990e+05
8.150000000000000000e+02 1.059255393121457601e+05
8.160000000000000000e+02 1.064151053918485995e+05
8.170000000000000000e+02 1.069057863955524517e+05
8.180000000000000000e+02 1.073975811900782282e+05
8.190000000000000000e+02 1.078904886388582090e+05
8.200000000000000000e+02 1.083845076019768603e+05
8.210000000000000000e+02 1.088796369362112309e+05
8.220000000000000000e+02 1.093758754950711591e+05
8.230000000000000000e+02 1.098732221288392466e+05
8.240000000000000000e+02 1.103716756846106437e+05
8.250000000000000000e+02 1.108712350063324557e+05
8.260000000000000000e+02 1.113718989348429313e+05
8.270000000000000000e+02 1.118736663079105492e+05
8.280000000000000000e+02 1.123765359602726821e+05
8.290000000000000000e+02 1.128805067236740433e+05
8.300000000000000000e+02 1.133855774269050016e+05
8.310000000000000000e+02 1.138917468958396057e+05
8.320000000000000000e+02 1.143990139534732734e+05
8.330000000000000000e+02 1.149073774199602776e+05
8.340000000000000000e+02 1.154168361126512318e+05
8.350000000000000000e+02 1.159273888461298775e+05
8.360000000000000000e+02 1.164390344322500605e+05
8.370000000000000000e+02 1.169517716801722127e+05
8.380000000000000000e+02 1.174655993963997171e+05
8.390000000000000000e+02 1.179805163848150696e+05
8.400000000000000000e+02 1.184965214467155747e+05
8.410000000000000000e+02 1.190136133808491577e+05
8.420000000000000000e+02 1.195317909834496386e+05
8.430000000000000000e+02 1.200510530482719769e+05
8.440000000000000000e+02 1.205713983666271379e+05
8.450000000000000000e+02 1.210928257274168573e+05
8.460000000000000000e+02 1.216153339171681146e+05
8.470000000000000000e+02 1.221389217200673302e+05
8.480000000000000000e+02 1.226635879179944459e+05
8.490000000000000000e+02 1.231893312905567436e+05
8.500000000000000000e+02 1.237161506151223002e+05
8.510000000000000000e+02 1.242440446668535005e+05
8.520000000000000000e+02 1.247730122187400411e+05
8.530000000000000000e+02 1.253030520416319196e+05
8.540000000000000000e+02 1.258341629042720306e+05
8.550000000000000000e+02 1.263663435733287188e+05
8.560000000000000000e+02 1.268995928134279966e+05
8.570000000000000000e+02 1.274339093871855584e+05
8.580000000000000000e+02 1.279692920552386204e+05
8.590000000000000000e+02 1.285057395762774104e+05
8.600000000000000000e+02 1.290432507070767751e+05
8.610000000000000000e+02 1.295818242025271029e+05
8.620000000000000000e+02 1.301214588156654499e+05
8.630000000000000000e+02 1.306621532977061433e+05
8.640000000000000000e+02 1.312039063980714709e+05
8.650000000000000000e+02 1.317467168644218473e+05
8.660000000000000000e+02 1.322905834426860674e+05
8.670000000000000000e+02 1.328355048770910362e+05
8.680000000000000000e+02 1.333814799101916724e+05
8.690000000000000000e+02 1.339285072829001874e+05
8.700000000000000000e+02 1.344765857345155964e+05
8.710000000000000000e+02 1.350257140027525602e+05
8.720000000000000000e+02 1.355758908237704309e+05
8.730000000000000000e+02 1.361271149322018318e+05
8.740000000000000000e+02 1.366793850611812959e+05
8.750000000000000000e+02 1.372326999423732341e+05
8.760000000000000000e+02 1.377870583060003119e+05
8.770000000000000000e+02 1.383424588808711269e+05
8.780000000000000000e+02 1.388989003944080323e+05
8.790000000000000000e+02 1.394563815726744651e+05
8.800000000000000000e+02 1.400149011404023622e+05
8.810000000000000000e+02 1.405744578210191685e+05
8.820000000000000000e+02 1.411350503366747871e+05
8.830000000000000000e+02 1.416966774082682095e+05
8.840000000000000000e+02 1.422593377554740291e+05
8.850000000000000000e+02 1.428230300967689545e+05
8.860000000000000000e+02 1.433877531494576542e+05
8.870000000000000000e+02 1.439535056296989205e+05
8.880000000000000000e+02 1.445202862525312230e+05
8.890000000000000000e+02 1.450880937318984943e+05
8.900000000000000000e+02 1.456569267806753633e+05
8.910000000000000000e+02 1.462267841106923588e+05
8.920000000000000000e+02 1.467976644327610265e+05
8.930000000000000000e+02 1.473695664566985797e+05
8.940000000000000000e+02 1.479424888913528121e+05
8.950000000000000000e+02 1.485164304446261376e+05
8.960000000000000000e+02 1.490913898235003580e+05
8.970000000000000000e+02 1.496673657340604695e+05
8.980000000000000000e+02 1.502443568815186154e+05
8.990000000000000000e+02 1.508223619702378637e+05
9.000000000000000000e+02 1.514013797037559852e+05
9.010000000000000000e+02 1.519814087848084164e+05
9.020000000000000000e+02 1.525624479153517750e+05
9.030000000000000000e+02 1.531444957965869689e+05
9.040000000000000000e+02 1.537275511289818096e+05
9.050000000000000000e+02 1.543116126122939750e+05
9.060000000000000000e+02 1.548966789455933031e+05
9.070000000000000000e+02 1.554827488272843766e+05
9.080000000000000000e+02 1.560698209551285254e+05
9.090000000000000000e+02 1.566578940262659744e+05
9.100000000000000000e+02 1.572469667372376134e+05
9.110000000000000000e+02 1.578370377840068541e+05
9.120000000000000000e+02 1.584281058619808173e+05
9.130000000000000000e+02 1.590201696660321031e+05
9.140000000000000000e+02 1.596132278905196290e+05
9.150000000000000000e+02 1.602072792293098755e+05
9.160000000000000000e+02 1.608023223757977830e+05
9.170000000000000000e+02 1.613983560229271825e+05
9.180000000000000000e+02 1.619953788632116921e+05
9.190000000000000000e+02 1.625933895887548570e+05
9.200000000000000000e+02 1.631923868912705802e+05
9.210000000000000000e+02 1.637923694621029135e+05
9.220000000000000000e+02 1.643933359922462841e+05
9.230000000000000000e+02 1.649952851723650238e+05
9.240000000000000000e+02 1.655982156928131881e+05
9.250000000000000000e+02 1.662021262436537654e+05
9.260000000000000000e+02 1.668070155146781181e+05
9.270000000000000000e+02 1.674128821954251616e+05
9.280000000000000000e+02 1.680197249752002535e+05
9.290000000000000000e+02 1.686275425430940231e+05
9.300000000000000000e+02 1.692363335880013183e+05
9.310000000000000000e+02 1.698460967986393662e+05
9.320000000000000000e+02 1.704568308635664580e+05
9.330000000000000000e+02 1.710685344712001388e+05
9.340000000000000000e+02 1.716812063098351355e+05
9.350000000000000000e+02 1.722948450676615466e+05
9.360000000000000000e+02 1.729094494327826542e+05
9.370000000000000000e+02 1.735250180932323565e+05
9.380000000000000000e+02 1.741415497369929217e+05
9.390000000000000000e+02 1.747590430520122754e+05
9.400000000000000000e+02 1.753774967262212303e+05
9.410000000000000000e+02 1.759969094475507736e+05
9.420000000000000000e+02 1.766172799039486272e+05
9.430000000000000000e+02 1.772386067833965353e+05
9.440000000000000000e+02 1.778608887739267084e+05
9.450000000000000000e+02 1.784841245636382664e+05
9.460000000000000000e+02 1.791083128407139448e+05
9.470000000000000000e+02 1.797334522934362176e+05
9.480000000000000000e+02 1.803595416102032759e+05
9.490000000000000000e+02 1.809865794795453548e+05
9.500000000000000000e+02 1.816145645901404787e+05
9.510000000000000000e+02 1.822434956308300025e+05
9.520000000000000000e+02 1.828733712906345609e+05
9.530000000000000000e+02 1.835041902587694349e+05
9.540000000000000000e+02 1.841359512246596569e+05
9.550000000000000000e+02 1.847686528779556393e+05
9.560000000000000000e+02 1.854022939085479302e+05
9.570000000000000000e+02 1.860368730065824057e+05
9.580000000000000000e+02 1.866723888624749379e+05
9.590000000000000000e+02 1.873088401669262676e+05
9.600000000000000000e+02 1.879462256109364680e+05
9.610000000000000000e+02 1.885845438858194393e+05
9.620000000000000000e+02 1.892237936832173727e+05
9.630000000000000000e+02 1.898639736951147206e+05
9.640000000000000000e+02 1.905050826138524571e+05
9.650000000000000000e+02 1.911471191321421065e+05
9.660000000000000000e+02 1.917900819430794218e+05
9.670000000000000000e+02 1.924339697401582380e+05
9.680000000000000000e+02 1.930787812172841514e+05
9.690000000000000000e+02 1.937245150687877322e+05
9.700000000000000000e+02 1.943711699894382036e+05
9.710000000000000000e+02 1.950187446744565968e+05
9.720000000000000000e+02 1.956672378195288475e+05
9.730000000000000000e+02 1.963166481208188925e+05
9.740000000000000000e+02 1.969669742749814177e+05
9.750000000000000000e+02 1.976182149791750708e+05
9.760000000000000000e+02 1.982703689310745685e+05
9.770000000000000000e+02 1.989234348288837355e+05
9.780000000000000000e+02 1.995774113713477564e+05
9.790000000000000000e+02 2.002322972577655746e+05
9.800000000000000000e+02 2.008880911880020867e+05
9.810000000000000000e+02 2.015447918625004240e+05
9.820000000000000000e+02 2.022023979822936817e+05
9.830000000000000000e+02 2.028609082490172004e+05
9.840000000000000000e+02 2.035203213649199752e+05
9.850000000000000000e+02 2.041806360328767041e+05
9.860000000000000000e+02 2.048418509563991975e+05
9.870000000000000000e+02 2.055039648396478733e+05
9.880000000000000000e+02 2.061669763874431374e+05
9.890000000000000000e+02 2.068308843052767625e+05
9.900000000000000000e+02 2.074956872993228608e+05
9.910000000000000000e+02 2.081613840764492052e+05
9.920000000000000000e+02 2.088279733442278812e+05
9.930000000000000000e+02 2.094954538109464920e+05
9.940000000000000000e+02 2.101638241856187233e+05
9.950000000000000000e+02 2.108330831779949949e+05
9.960000000000000000e+02 2.115032294985730550e+05
9.970000000000000000e+02 2.121742618586086028e+05
9.980000000000000000e+02 2.128461789701253292e+05
9.990000000000000000e+02 2.135189795459254819e+05
