# BB temperature (K); Intensity through filter (ph/s/m^2/mas^2)
1.000000000000000000e+01 0.000000000000000000e+00
1.100000000000000000e+01 0.000000000000000000e+00
1.200000000000000000e+01 0.000000000000000000e+00
1.300000000000000000e+01 0.000000000000000000e+00
1.400000000000000000e+01 0.000000000000000000e+00
1.500000000000000000e+01 0.000000000000000000e+00
1.600000000000000000e+01 0.000000000000000000e+00
1.700000000000000000e+01 0.000000000000000000e+00
1.800000000000000000e+01 0.000000000000000000e+00
1.900000000000000000e+01 0.000000000000000000e+00
2.000000000000000000e+01 0.000000000000000000e+00
2.100000000000000000e+01 3.611878978658771124e-84
2.200000000000000000e+01 4.484132520022307510e-80
2.300000000000000000e+01 2.457616966567813672e-76
2.400000000000000000e+01 6.585552291249785914e-73
2.500000000000000000e+01 9.400933001010357522e-70
2.600000000000000000e+01 7.687399406957114540e-67
2.700000000000000000e+01 3.830697544905381109e-64
2.800000000000000000e+01 1.226566474181612449e-61
2.900000000000000000e+01 2.641616410578013775e-59
3.000000000000000000e+01 3.981246889732299891e-57
3.100000000000000000e+01 4.346358825213370295e-55
3.200000000000000000e+01 3.542446633393698641e-53
3.300000000000000000e+01 2.213491235313791288e-51
3.400000000000000000e+01 1.085473927692633756e-49
3.500000000000000000e+01 4.265174664253662184e-48
3.600000000000000000e+01 1.367850004749183271e-46
3.700000000000000000e+01 3.639716438029612570e-45
3.800000000000000000e+01 8.154847009606116417e-44
3.900000000000000000e+01 1.558906037220899531e-42
4.000000000000000000e+01 2.573020889420830124e-41
4.100000000000000000e+01 3.706345955223700085e-40
4.200000000000000000e+01 4.704835050683738205e-39
4.300000000000000000e+01 5.309617702455325899e-38
4.400000000000000000e+01 5.370066764408773301e-37
4.500000000000000000e+01 4.903001679912831287e-36
4.600000000000000000e+01 4.068210178824728417e-35
4.700000000000000000e+01 3.086389632580614013e-34
4.800000000000000000e+01 2.152934398129375633e-33
4.900000000000000000e+01 1.387944954258395924e-32
5.000000000000000000e+01 8.308558325859884209e-32
5.100000000000000000e+01 4.638536596514524618e-31
5.200000000000000000e+01 2.424838624523590200e-30
5.300000000000000000e+01 1.191363637150421168e-29
5.400000000000000000e+01 5.520255958692982886e-29
5.500000000000000000e+01 2.419984951210857738e-28
5.600000000000000000e+01 1.006679081892271786e-27
5.700000000000000000e+01 3.984653163888451815e-27
5.800000000000000000e+01 1.504613203132932465e-26
5.900000000000000000e+01 5.432908655247337289e-26
6.000000000000000000e+01 1.880105878848626260e-25
6.100000000000000000e+01 6.248564726716107482e-25
6.200000000000000000e+01 1.998359508996666578e-24
6.300000000000000000e+01 6.161067030991340425e-24
6.400000000000000000e+01 1.834303715792839393e-23
6.500000000000000000e+01 5.282236671512549892e-23
6.600000000000000000e+01 1.473505591484973584e-22
6.700000000000000000e+01 3.987401284063445557e-22
6.800000000000000000e+01 1.048124755307037821e-21
6.900000000000000000e+01 2.679587367032761255e-21
7.000000000000000000e+01 6.670687274433310950e-21
7.100000000000000000e+01 1.618854207753830852e-20
7.200000000000000000e+01 3.833885713137896294e-20
7.300000000000000000e+01 8.869506558620209257e-20
7.400000000000000000e+01 2.006317999217587195e-19
7.500000000000000000e+01 4.441496583887682046e-19
7.600000000000000000e+01 9.630679406265551116e-19
7.700000000000000000e+01 2.047067641140520796e-18
7.800000000000000000e+01 4.268613847542822325e-18
7.900000000000000000e+01 8.738480295875524324e-18
8.000000000000000000e+01 1.757432082334027129e-17
8.100000000000000000e+01 3.474555533237114407e-17
8.200000000000000000e+01 6.757229114377255812e-17
8.300000000000000000e+01 1.293434078528477703e-16
8.400000000000000000e+01 2.438212525895544060e-16
8.500000000000000000e+01 4.528811319652697165e-16
8.600000000000000000e+01 8.292877557180187520e-16
8.700000000000000000e+01 1.497777645384508440e-15
8.800000000000000000e+01 2.669399374644559454e-15
8.900000000000000000e+01 4.696754097124126809e-15
9.000000000000000000e+01 8.161791230571036903e-15
9.100000000000000000e+01 1.401372942480878479e-14
9.200000000000000000e+01 2.378329729560610494e-14
9.300000000000000000e+01 3.991192872096862368e-14
9.400000000000000000e+01 6.625230768357907729e-14
9.500000000000000000e+01 1.088217607611365172e-13
9.600000000000000000e+01 1.769251366435918809e-13
9.700000000000000000e+01 2.848125488122921146e-13
9.800000000000000000e+01 4.541043426356766807e-13
9.900000000000000000e+01 7.173069144343717932e-13
1.000000000000000000e+02 1.122866313521941189e-12
1.010000000000000000e+02 1.742371788622650091e-12
1.020000000000000000e+02 2.680741108095980540e-12
1.030000000000000000e+02 4.090509293587645511e-12
1.040000000000000000e+02 6.191721925806053273e-12
1.050000000000000000e+02 9.299427611432374708e-12
1.060000000000000000e+02 1.386140126756492888e-11
1.070000000000000000e+02 2.050954684533816252e-11
1.080000000000000000e+02 3.012946891635768788e-11
1.090000000000000000e+02 4.395402008386339111e-11
1.100000000000000000e+02 6.368828874300846703e-11
1.110000000000000000e+02 9.167556455544670059e-11
1.120000000000000000e+02 1.311163960734113705e-10
1.130000000000000000e+02 1.863560407791690385e-10
1.140000000000000000e+02 2.632595245449503492e-10
1.150000000000000000e+02 3.696983171132599005e-10
1.160000000000000000e+02 5.161784567172841447e-10
1.170000000000000000e+02 7.166470090506738861e-10
1.180000000000000000e+02 9.895222392450286999e-10
1.190000000000000000e+02 1.359003055925779738e-09
1.200000000000000000e+02 1.856725431960629364e-09
1.210000000000000000e+02 2.523847930726669698e-09
1.220000000000000000e+02 3.413665521346983555e-09
1.230000000000000000e+02 4.594870944173401150e-09
1.240000000000000000e+02 6.155606425459481152e-09
1.250000000000000000e+02 8.208476020909139966e-09
1.260000000000000000e+02 1.089672082406737768e-08
1.270000000000000000e+02 1.440179629153404311e-08
1.280000000000000000e+02 1.895263365097270904e-08
1.290000000000000000e+02 2.483691646423847825e-08
1.300000000000000000e+02 3.241475966901980362e-08
1.310000000000000000e+02 4.213524263004406774e-08
1.320000000000000000e+02 5.455632076768103303e-08
1.330000000000000000e+02 7.036872313172885737e-08
1.340000000000000000e+02 9.042453684718507079e-08
1.350000000000000000e+02 1.157712847345769714e-07
1.360000000000000000e+02 1.476924207188636388e-07
1.370000000000000000e+02 1.877553000670872915e-07
1.380000000000000000e+02 2.378678292734038236e-07
1.390000000000000000e+02 3.003451648348013082e-07
1.400000000000000000e+02 3.779880125791646011e-07
1.410000000000000000e+02 4.741742810171267233e-07
1.420000000000000000e+02 5.929660648343314876e-07
1.430000000000000000e+02 7.392341796070480270e-07
1.440000000000000000e+02 9.188027376339760741e-07
1.450000000000000000e+02 1.138616548983747968e-06
1.460000000000000000e+02 1.406934453039179687e-06
1.470000000000000000e+02 1.733552035571470662e-06
1.480000000000000000e+02 2.130057566306845482e-06
1.490000000000000000e+02 2.610125403663698741e-06
1.500000000000000000e+02 3.189851558444058273e-06
1.510000000000000000e+02 3.888136588348822823e-06
1.520000000000000000e+02 4.727121511818616496e-06
1.530000000000000000e+02 5.732682984415953611e-06
1.540000000000000000e+02 6.934994575252328576e-06
1.550000000000000000e+02 8.369161616267717415e-06
1.560000000000000000e+02 1.007593777486989985e-05
1.570000000000000000e+02 1.210253222184656248e-05
1.580000000000000000e+02 1.450351703280215977e-05
1.590000000000000000e+02 1.734184527378346136e-05
1.600000000000000000e+02 2.068999108127745522e-05
1.610000000000000000e+02 2.463122395432388171e-05
1.620000000000000000e+02 2.926103043288810573e-05
1.630000000000000000e+02 3.468869734257146805e-05
1.640000000000000000e+02 4.103907184173941704e-05
1.650000000000000000e+02 4.845451461362361315e-05
1.660000000000000000e+02 5.709706370315177496e-05
1.670000000000000000e+02 6.715082770626640664e-05
1.680000000000000000e+02 7.882462827823830283e-05
1.690000000000000000e+02 9.235491323671392934e-05
1.700000000000000000e+02 1.080089628945340991e-04
1.710000000000000000e+02 1.260884136661261231e-04
1.720000000000000000e+02 1.469331244487102049e-04
1.730000000000000000e+02 1.709254127847013524e-04
1.740000000000000000e+02 1.984946893633716036e-04
1.750000000000000000e+02 2.301225210166986466e-04
1.760000000000000000e+02 2.663481540048409624e-04
1.770000000000000000e+02 3.077745310690869519e-04
1.780000000000000000e+02 3.550748374525337339e-04
1.790000000000000000e+02 4.089996128490142719e-04
1.800000000000000000e+02 4.703844680366525265e-04
1.810000000000000000e+02 5.401584467813768699e-04
1.820000000000000000e+02 6.193530754551353082e-04
1.830000000000000000e+02 7.091121447006069889e-04
1.840000000000000000e+02 8.107022693858833423e-04
1.850000000000000000e+02 9.255242750257978686e-04
1.860000000000000000e+02 1.055125460797979708e-03
1.870000000000000000e+02 1.201212791247899129e-03
1.880000000000000000e+02 1.365667070754517792e-03
1.890000000000000000e+02 1.550558156813074736e-03
1.900000000000000000e+02 1.758161270180096884e-03
1.910000000000000000e+02 1.990974461914061643e-03
1.920000000000000000e+02 2.251737299329316724e-03
1.930000000000000000e+02 2.543450834856581053e-03
1.940000000000000000e+02 2.869398923766738885e-03
1.950000000000000000e+02 3.233170958661157890e-03
1.960000000000000000e+02 3.638686090557414782e-03
1.970000000000000000e+02 4.090219008299572807e-03
1.980000000000000000e+02 4.592427349892794913e-03
1.990000000000000000e+02 5.150380821198785597e-03
2.000000000000000000e+02 5.769592099226844226e-03
2.010000000000000000e+02 6.456049599010917420e-03
2.020000000000000000e+02 7.216252184771803149e-03
2.030000000000000000e+02 8.057245907720873498e-03
2.040000000000000000e+02 8.986662854463756123e-03
2.050000000000000000e+02 1.001276219150445089e-02
2.060000000000000000e+02 1.114447349282885261e-02
2.070000000000000000e+02 1.239144243895737470e-02
2.080000000000000000e+02 1.376407897719510338e-02
2.090000000000000000e+02 1.527360803407147583e-02
2.100000000000000000e+02 1.693212287214532208e-02
2.110000000000000000e+02 1.875264118445297418e-02
2.120000000000000000e+02 2.074916402089084858e-02
2.130000000000000000e+02 2.293673764175103644e-02
2.140000000000000000e+02 2.533151839445919526e-02
2.150000000000000000e+02 2.795084071030195377e-02
2.160000000000000000e+02 3.081328831856837425e-02
2.170000000000000000e+02 3.393876877606738507e-02
2.180000000000000000e+02 3.734859141041503572e-02
2.190000000000000000e+02 4.106554877581323343e-02
2.200000000000000000e+02 4.511400172025881866e-02
2.210000000000000000e+02 4.951996816323065570e-02
2.220000000000000000e+02 5.431121568289843521e-02
2.230000000000000000e+02 5.951735801177878565e-02
2.240000000000000000e+02 6.516995553953254527e-02
2.250000000000000000e+02 7.130261992124811710e-02
2.260000000000000000e+02 7.795112288908978559e-02
2.270000000000000000e+02 8.515350936460758247e-02
2.280000000000000000e+02 9.295021496830241370e-02
2.290000000000000000e+02 1.013841880222201008e-01
2.300000000000000000e+02 1.105010161404096358e-01
2.310000000000000000e+02 1.203490575010207481e-01
2.320000000000000000e+02 1.309795768926421133e-01
2.330000000000000000e+02 1.424468866261855982e-01
2.340000000000000000e+02 1.548084924022097297e-01
2.350000000000000000e+02 1.681252442220485810e-01
2.360000000000000000e+02 1.824614924294682694e-01
2.370000000000000000e+02 1.978852489678144255e-01
2.380000000000000000e+02 2.144683539357447044e-01
2.390000000000000000e+02 2.322866475226580130e-01
2.400000000000000000e+02 2.514201474028417427e-01
2.410000000000000000e+02 2.719532316651570025e-01
2.420000000000000000e+02 2.939748273527841849e-01
2.430000000000000000e+02 3.175786046851340472e-01
2.440000000000000000e+02 3.428631770315350713e-01
2.450000000000000000e+02 3.699323067036886514e-01
2.460000000000000000e+02 3.988951166311927032e-01
2.470000000000000000e+02 4.298663079816359978e-01
2.480000000000000000e+02 4.629663837838801088e-01
2.490000000000000000e+02 4.983218786101841768e-01
2.500000000000000000e+02 5.360655943697635317e-01
2.510000000000000000e+02 5.763368422632469956e-01
2.520000000000000000e+02 6.192816909442885320e-01
2.530000000000000000e+02 6.650532209312984833e-01
2.540000000000000000e+02 7.138117853089130938e-01
2.550000000000000000e+02 7.657252767554014738e-01
2.560000000000000000e+02 8.209694009287246130e-01
2.570000000000000000e+02 8.797279562404201059e-01
2.580000000000000000e+02 9.421931200429006781e-01
2.590000000000000000e+02 1.008565741252096304e+00
2.600000000000000000e+02 1.079055639423687429e+00
2.610000000000000000e+02 1.153881910297434032e+00
2.620000000000000000e+02 1.233273237820338597e+00
2.630000000000000000e+02 1.317468212655555471e+00
2.640000000000000000e+02 1.406715657180146239e+00
2.650000000000000000e+02 1.501274956970878316e+00
2.660000000000000000e+02 1.601416398773397365e+00
2.670000000000000000e+02 1.707421514946191765e+00
2.680000000000000000e+02 1.819583434366823793e+00
2.690000000000000000e+02 1.938207239783994895e+00
2.700000000000000000e+02 2.063610331595030267e+00
2.710000000000000000e+02 2.196122798024470413e+00
2.720000000000000000e+02 2.336087791675458103e+00
2.730000000000000000e+02 2.483861912421708507e+00
2.740000000000000000e+02 2.639815596603896530e+00
2.750000000000000000e+02 2.804333512490360114e+00
2.760000000000000000e+02 2.977814961958177076e+00
2.770000000000000000e+02 3.160674288346666305e+00
2.780000000000000000e+02 3.353341290431638200e+00
2.790000000000000000e+02 3.556261642464778383e+00
2.800000000000000000e+02 3.769897320218775771e+00
2.810000000000000000e+02 3.994727032975064152e+00
2.820000000000000000e+02 4.231246661387230823e+00
2.830000000000000000e+02 4.479969701149522976e+00
2.840000000000000000e+02 4.741427712396190763e+00
2.850000000000000000e+02 5.016170774753788919e+00
2.860000000000000000e+02 5.304767947965020269e+00
2.870000000000000000e+02 5.607807737999161546e+00
2.880000000000000000e+02 5.925898568560706181e+00
2.890000000000000000e+02 6.259669257904401540e+00
2.900000000000000000e+02 6.609769500861557567e+00
2.910000000000000000e+02 6.976870355979211347e+00
2.920000000000000000e+02 7.361664737670531977e+00
2.930000000000000000e+02 7.764867913271678468e+00
2.940000000000000000e+02 8.187218004897269807e+00
2.950000000000000000e+02 8.629476495983610107e+00
2.960000000000000000e+02 9.092428742405873621e+00
2.970000000000000000e+02 9.576884488052611388e+00
2.980000000000000000e+02 1.008367838473812839e+01
2.990000000000000000e+02 1.061367051633060044e+01
3.000000000000000000e+02 1.116774692697118887e+01
3.010000000000000000e+02 1.174682015325681661e+01
3.020000000000000000e+02 1.235182976025683210e+01
3.030000000000000000e+02 1.298374288123149611e+01
3.040000000000000000e+02 1.364355476091772346e+01
3.050000000000000000e+02 1.433228930224552400e+01
3.060000000000000000e+02 1.505099961634641126e+01
3.070000000000000000e+02 1.580076857571287618e+01
3.080000000000000000e+02 1.658270937036626336e+01
3.090000000000000000e+02 1.739796606688845060e+01
3.100000000000000000e+02 1.824771417017097264e+01
3.110000000000000000e+02 1.913316118773351349e+01
3.120000000000000000e+02 2.005554719646227468e+01
3.130000000000000000e+02 2.101614541161695371e+01
3.140000000000000000e+02 2.201626275795394250e+01
3.150000000000000000e+02 2.305724044281192420e+01
3.160000000000000000e+02 2.414045453100480643e+01
3.170000000000000000e+02 2.526731652136577466e+01
3.180000000000000000e+02 2.643927392478545357e+01
3.190000000000000000e+02 2.765781084358579633e+01
3.200000000000000000e+02 2.892444855207092758e+01
3.210000000000000000e+02 3.024074607809501813e+01
3.220000000000000000e+02 3.160830078548690381e+01
3.230000000000000000e+02 3.302874895717033610e+01
3.240000000000000000e+02 3.450376637881835507e+01
3.250000000000000000e+02 3.603506892287997232e+01
3.260000000000000000e+02 3.762441313281679101e+01
3.270000000000000000e+02 3.927359680738724279e+01
3.280000000000000000e+02 4.098445958481570983e+01
3.290000000000000000e+02 4.275888352668390269e+01
3.300000000000000000e+02 4.459879370138194332e+01
3.310000000000000000e+02 4.650615876695635365e+01
3.320000000000000000e+02 4.848299155319293163e+01
3.330000000000000000e+02 5.053134964277213470e+01
3.340000000000000000e+02 5.265333595133542843e+01
3.350000000000000000e+02 5.485109930630127906e+01
3.360000000000000000e+02 5.712683502426974513e+01
3.370000000000000000e+02 5.948278548685593847e+01
3.380000000000000000e+02 6.192124071479224767e+01
3.390000000000000000e+02 6.444453894014093009e+01
3.400000000000000000e+02 6.705506717645870651e+01
3.410000000000000000e+02 6.975526178675663402e+01
3.420000000000000000e+02 7.254760904909849728e+01
3.430000000000000000e+02 7.543464571968314658e+01
3.440000000000000000e+02 7.841895959325600529e+01
3.450000000000000000e+02 8.150319006069744887e+01
3.460000000000000000e+02 8.469002866363580040e+01
3.470000000000000000e+02 8.798221964593467703e+01
3.480000000000000000e+02 9.138256050190543078e+01
3.490000000000000000e+02 9.489390252109708968e+01
3.500000000000000000e+02 9.851915132951724274e+01
3.510000000000000000e+02 1.022612674271391739e+02
3.520000000000000000e+02 1.061232667215520280e+02
3.530000000000000000e+02 1.101082210576122691e+02
3.540000000000000000e+02 1.142192587429565975e+02
3.550000000000000000e+02 1.184595650692374988e+02
3.560000000000000000e+02 1.228323828289459811e+02
3.570000000000000000e+02 1.273410128276857733e+02
3.580000000000000000e+02 1.319888143917659988e+02
3.590000000000000000e+02 1.367792058709831622e+02
3.600000000000000000e+02 1.417156651364603590e+02
3.610000000000000000e+02 1.468017300734196340e+02
3.620000000000000000e+02 1.520409990687604989e+02
3.630000000000000000e+02 1.574371314933225108e+02
3.640000000000000000e+02 1.629938481787105218e+02
3.650000000000000000e+02 1.687149318885635410e+02
3.660000000000000000e+02 1.746042277841519308e+02
3.670000000000000000e+02 1.806656438841864372e+02
3.680000000000000000e+02 1.869031515187280377e+02
3.690000000000000000e+02 1.933207857770886733e+02
3.700000000000000000e+02 1.999226459496136954e+02
3.710000000000000000e+02 2.067128959632421754e+02
3.720000000000000000e+02 2.136957648107409966e+02
3.730000000000000000e+02 2.208755469735113195e+02
3.740000000000000000e+02 2.282566028378700480e+02
3.750000000000000000e+02 2.358433591047090943e+02
3.760000000000000000e+02 2.436403091924390480e+02
3.770000000000000000e+02 2.516520136331254776e+02
3.780000000000000000e+02 2.598831004617294411e+02
3.790000000000000000e+02 2.683382655983651262e+02
3.800000000000000000e+02 2.770222732234896057e+02
3.810000000000000000e+02 2.859399561459451888e+02
3.820000000000000000e+02 2.950962161637722829e+02
3.830000000000000000e+02 3.044960244177181039e+02
3.840000000000000000e+02 3.141444217373655192e+02
3.850000000000000000e+02 3.240465189798103438e+02
3.860000000000000000e+02 3.342074973608181381e+02
3.870000000000000000e+02 3.446326087783925800e+02
3.880000000000000000e+02 3.553271761286912920e+02
3.890000000000000000e+02 3.662965936142268788e+02
3.900000000000000000e+02 3.775463270442940598e+02
3.910000000000000000e+02 3.890819141275646871e+02
3.920000000000000000e+02 4.009089647567963084e+02
3.930000000000000000e+02 4.130331612856028300e+02
3.940000000000000000e+02 4.254602587972353263e+02
3.950000000000000000e+02 4.381960853653282015e+02
3.960000000000000000e+02 4.512465423065635832e+02
3.970000000000000000e+02 4.646176044252124484e+02
3.980000000000000000e+02 4.783153202495113874e+02
3.990000000000000000e+02 4.923458122598388513e+02
4.000000000000000000e+02 5.067152771086530265e+02
4.010000000000000000e+02 5.214299858321609236e+02
4.020000000000000000e+02 5.364962840536857129e+02
4.030000000000000000e+02 5.519205921787057605e+02
4.040000000000000000e+02 5.677094055815377942e+02
4.050000000000000000e+02 5.838692947836418625e+02
4.060000000000000000e+02 6.004069056235255175e+02
4.070000000000000000e+02 6.173289594182282372e+02
4.080000000000000000e+02 6.346422531163710801e+02
4.090000000000000000e+02 6.523536594427532691e+02
4.100000000000000000e+02 6.704701270344868362e+02
4.110000000000000000e+02 6.889986805686561411e+02
4.120000000000000000e+02 7.079464208814977155e+02
4.130000000000000000e+02 7.273205250790892933e+02
4.140000000000000000e+02 7.471282466395512074e+02
4.150000000000000000e+02 7.673769155067498104e+02
4.160000000000000000e+02 7.880739381755137174e+02
4.170000000000000000e+02 8.092267977683536628e+02
4.180000000000000000e+02 8.308430541037025705e+02
4.190000000000000000e+02 8.529303437556687868e+02
4.200000000000000000e+02 8.754963801053283987e+02
4.210000000000000000e+02 8.985489533835477687e+02
4.220000000000000000e+02 9.220959307053619796e+02
4.230000000000000000e+02 9.461452560959208995e+02
4.240000000000000000e+02 9.707049505080160543e+02
4.250000000000000000e+02 9.957831118312063836e+02
4.260000000000000000e+02 1.021387914892569142e+03
4.270000000000000000e+02 1.047527611449087090e+03
4.280000000000000000e+02 1.074210530171705614e+03
4.290000000000000000e+02 1.101445076621079579e+03
4.300000000000000000e+02 1.129239733215034221e+03
4.310000000000000000e+02 1.157603059187777717e+03
4.320000000000000000e+02 1.186543690540888065e+03
4.330000000000000000e+02 1.216070339986105409e+03
4.340000000000000000e+02 1.246191796879970525e+03
4.350000000000000000e+02 1.276916927150338779e+03
4.360000000000000000e+02 1.308254673214805507e+03
4.370000000000000000e+02 1.340214053891086223e+03
4.380000000000000000e+02 1.372804164299387594e+03
4.390000000000000000e+02 1.406034175756808054e+03
4.400000000000000000e+02 1.439913335663815815e+03
4.410000000000000000e+02 1.474450967382846329e+03
4.420000000000000000e+02 1.509656470109059683e+03
4.430000000000000000e+02 1.545539318733316350e+03
4.440000000000000000e+02 1.582109063697402917e+03
4.450000000000000000e+02 1.619375330841568029e+03
4.460000000000000000e+02 1.657347821244425177e+03
4.470000000000000000e+02 1.696036311055248916e+03
4.480000000000000000e+02 1.735450651318750715e+03
4.490000000000000000e+02 1.775600767792359875e+03
4.500000000000000000e+02 1.816496660756083202e+03
4.510000000000000000e+02 1.858148404814987998e+03
4.520000000000000000e+02 1.900566148694374533e+03
4.530000000000000000e+02 1.943760115027692564e+03
4.540000000000000000e+02 1.987740600137254660e+03
4.550000000000000000e+02 2.032517973807824546e+03
4.560000000000000000e+02 2.078102679053119118e+03
4.570000000000000000e+02 2.124505231875305981e+03
4.580000000000000000e+02 2.171736221017548360e+03
4.590000000000000000e+02 2.219806307709664452e+03
4.600000000000000000e+02 2.268726225406966478e+03
4.610000000000000000e+02 2.318506779522344914e+03
4.620000000000000000e+02 2.369158847151669306e+03
4.630000000000000000e+02 2.420693376792553863e+03
4.640000000000000000e+02 2.473121388056593332e+03
4.650000000000000000e+02 2.526453971375090532e+03
4.660000000000000000e+02 2.580702287698386499e+03
4.670000000000000000e+02 2.635877568188834175e+03
4.680000000000000000e+02 2.691991113907508861e+03
4.690000000000000000e+02 2.749054295494706821e+03
4.700000000000000000e+02 2.807078552844317528e+03
4.710000000000000000e+02 2.866075394772135951e+03
4.720000000000000000e+02 2.926056398678194455e+03
4.730000000000000000e+02 2.987033210203171166e+03
4.740000000000000000e+02 3.049017542878972108e+03
4.750000000000000000e+02 3.112021177773545787e+03
4.760000000000000000e+02 3.176055963130003420e+03
4.770000000000000000e+02 3.241133814000136681e+03
4.780000000000000000e+02 3.307266711872386168e+03
4.790000000000000000e+02 3.374466704294354258e+03
4.800000000000000000e+02 3.442745904489933309e+03
4.810000000000000000e+02 3.512116490971115581e+03
4.820000000000000000e+02 3.582590707144584485e+03
4.830000000000000000e+02 3.654180860913140805e+03
4.840000000000000000e+02 3.726899324272051672e+03
4.850000000000000000e+02 3.800758532900408682e+03
4.860000000000000000e+02 3.875770985747544728e+03
4.870000000000000000e+02 3.951949244614635518e+03
4.880000000000000000e+02 4.029305933731504865e+03
4.890000000000000000e+02 4.107853739328759730e+03
4.900000000000000000e+02 4.187605409205315482e+03
4.910000000000000000e+02 4.268573752291385063e+03
4.920000000000000000e+02 4.350771638207012074e+03
4.930000000000000000e+02 4.434211996816248757e+03
4.940000000000000000e+02 4.518907817777011587e+03
4.950000000000000000e+02 4.604872150086745023e+03
4.960000000000000000e+02 4.692118101623940674e+03
4.970000000000000000e+02 4.780658838685584669e+03
4.980000000000000000e+02 4.870507585520648718e+03
4.990000000000000000e+02 4.961677623859659434e+03
5.000000000000000000e+02 5.054182292440453239e+03
5.010000000000000000e+02 5.148034986530189599e+03
5.020000000000000000e+02 5.243249157443696276e+03
5.030000000000000000e+02 5.339838312058219344e+03
5.040000000000000000e+02 5.437816012324678013e+03
5.050000000000000000e+02 5.537195874775477023e+03
5.060000000000000000e+02 5.637991570028962087e+03
5.070000000000000000e+02 5.740216822290623895e+03
5.080000000000000000e+02 5.843885408851066131e+03
5.090000000000000000e+02 5.949011159580883032e+03
5.100000000000000000e+02 6.055607956422483767e+03
5.110000000000000000e+02 6.163689732878934592e+03
5.120000000000000000e+02 6.273270473499930631e+03
5.130000000000000000e+02 6.384364213364950956e+03
5.140000000000000000e+02 6.496985037563659716e+03
5.150000000000000000e+02 6.611147080673653363e+03
5.160000000000000000e+02 6.726864526235633093e+03
5.170000000000000000e+02 6.844151606226036165e+03
5.180000000000000000e+02 6.963022600527262512e+03
5.190000000000000000e+02 7.083491836395509381e+03
5.200000000000000000e+02 7.205573687926337698e+03
5.210000000000000000e+02 7.329282575518016529e+03
5.220000000000000000e+02 7.454632965332712047e+03
5.230000000000000000e+02 7.581639368755640135e+03
5.240000000000000000e+02 7.710316341852193545e+03
5.250000000000000000e+02 7.840678484823148210e+03
5.260000000000000000e+02 7.972740441458035093e+03
5.270000000000000000e+02 8.106516898586717616e+03
5.280000000000000000e+02 8.242022585529261050e+03
5.290000000000000000e+02 8.379272273544163909e+03
5.300000000000000000e+02 8.518280775275026826e+03
5.310000000000000000e+02 8.659062944195706223e+03
5.320000000000000000e+02 8.801633674054060975e+03
5.330000000000000000e+02 8.946007898314304839e+03
5.340000000000000000e+02 9.092200589598118313e+03
5.350000000000000000e+02 9.240226759124463570e+03
5.360000000000000000e+02 9.390101456148317084e+03
5.370000000000000000e+02 9.541839767398250842e+03
5.380000000000000000e+02 9.695456816513024023e+03
5.390000000000000000e+02 9.850967763477197877e+03
5.400000000000000000e+02 1.000838780405587204e+04
5.410000000000000000e+02 1.016773216922858046e+04
5.420000000000000000e+02 1.032901612462241974e+04
5.430000000000000000e+02 1.049225496994449531e+04
5.440000000000000000e+02 1.065746403841370920e+04
5.450000000000000000e+02 1.082465869619198384e+04
5.460000000000000000e+02 1.099385434181496385e+04
5.470000000000000000e+02 1.116506640562229040e+04
5.480000000000000000e+02 1.133831034918745354e+04
5.490000000000000000e+02 1.151360166474732068e+04
5.500000000000000000e+02 1.169095587463143602e+04
5.510000000000000000e+02 1.187038853069104152e+04
5.520000000000000000e+02 1.205191521372801617e+04
5.530000000000000000e+02 1.223555153292364776e+04
5.540000000000000000e+02 1.242131312526744296e+04
5.550000000000000000e+02 1.260921565498590644e+04
5.560000000000000000e+02 1.279927481297141821e+04
5.570000000000000000e+02 1.299150631621125285e+04
5.580000000000000000e+02 1.318592590721675333e+04
5.590000000000000000e+02 1.338254935345278500e+04
5.600000000000000000e+02 1.358139244676747694e+04
5.610000000000000000e+02 1.378247100282230895e+04
5.620000000000000000e+02 1.398580086052259139e+04
5.630000000000000000e+02 1.419139788144843988e+04
5.640000000000000000e+02 1.439927794928619915e+04
5.650000000000000000e+02 1.460945696926050732e+04
5.660000000000000000e+02 1.482195086756686760e+04
5.670000000000000000e+02 1.503677559080498577e+04
5.680000000000000000e+02 1.525394710541274799e+04
5.690000000000000000e+02 1.547348139710096439e+04
5.700000000000000000e+02 1.569539447028894574e+04
5.710000000000000000e+02 1.591970234754092598e+04
5.720000000000000000e+02 1.614642106900336512e+04
5.730000000000000000e+02 1.637556669184320708e+04
5.740000000000000000e+02 1.660715528968717263e+04
5.750000000000000000e+02 1.684120295206201263e+04
5.760000000000000000e+02 1.707772578383592190e+04
5.770000000000000000e+02 1.731673990466101168e+04
5.780000000000000000e+02 1.755826144841703353e+04
5.790000000000000000e+02 1.780230656265621656e+04
5.800000000000000000e+02 1.804889140804946146e+04
5.810000000000000000e+02 1.829803215783372798e+04
5.820000000000000000e+02 1.854974499726087015e+04
5.830000000000000000e+02 1.880404612304777766e+04
5.840000000000000000e+02 1.906095174282793960e+04
5.850000000000000000e+02 1.932047807460448530e+04
5.860000000000000000e+02 1.958264134620471668e+04
5.870000000000000000e+02 1.984745779473619405e+04
5.880000000000000000e+02 2.011494366604433890e+04
5.890000000000000000e+02 2.038511521417170297e+04
5.900000000000000000e+02 2.065798870081884161e+04
5.910000000000000000e+02 2.093358039480692969e+04
5.920000000000000000e+02 2.121190657154198561e+04
5.930000000000000000e+02 2.149298351248096151e+04
5.940000000000000000e+02 2.177682750459953604e+04
5.950000000000000000e+02 2.206345483986176987e+04
5.960000000000000000e+02 2.235288181469160918e+04
5.970000000000000000e+02 2.264512472944621186e+04
5.980000000000000000e+02 2.294019988789131821e+04
5.990000000000000000e+02 2.323812359667839337e+04
6.000000000000000000e+02 2.353891216482392701e+04
6.010000000000000000e+02 2.384258190319058849e+04
6.020000000000000000e+02 2.414914912397053195e+04
6.030000000000000000e+02 2.445863014017067326e+04
6.040000000000000000e+02 2.477104126510013884e+04
6.050000000000000000e+02 2.508639881185979175e+04
6.060000000000000000e+02 2.540471909283391142e+04
6.070000000000000000e+02 2.572601841918406353e+04
6.080000000000000000e+02 2.605031310034514900e+04
6.090000000000000000e+02 2.637761944352373393e+04
6.100000000000000000e+02 2.670795375319853702e+04
6.110000000000000000e+02 2.704133233062331055e+04
6.120000000000000000e+02 2.737777147333190806e+04
6.130000000000000000e+02 2.771728747464578555e+04
6.140000000000000000e+02 2.805989662318376941e+04
6.150000000000000000e+02 2.840561520237420336e+04
6.160000000000000000e+02 2.875445948996959487e+04
6.170000000000000000e+02 2.910644575756347331e+04
6.180000000000000000e+02 2.946159027010992577e+04
6.190000000000000000e+02 2.981990928544536655e+04
6.200000000000000000e+02 3.018141905381294782e+04
6.210000000000000000e+02 3.054613581738936773e+04
6.220000000000000000e+02 3.091407580981425781e+04
6.230000000000000000e+02 3.128525525572204060e+04
6.240000000000000000e+02 3.165969037027641389e+04
6.250000000000000000e+02 3.203739735870734876e+04
6.260000000000000000e+02 3.241839241585066338e+04
6.270000000000000000e+02 3.280269172569028888e+04
6.280000000000000000e+02 3.319031146090303810e+04
6.290000000000000000e+02 3.358126778240611748e+04
6.300000000000000000e+02 3.397557683890721091e+04
6.310000000000000000e+02 3.437325476645727031e+04
6.320000000000000000e+02 3.477431768800598365e+04
6.330000000000000000e+02 3.517878171295989159e+04
6.340000000000000000e+02 3.558666293674334884e+04
6.350000000000000000e+02 3.599797744036203221e+04
6.360000000000000000e+02 3.641274128996923537e+04
6.370000000000000000e+02 3.683097053643505205e+04
6.380000000000000000e+02 3.725268121491811326e+04
6.390000000000000000e+02 3.767788934444019833e+04
6.400000000000000000e+02 3.810661092746365466e+04
6.410000000000000000e+02 3.853886194947152399e+04
6.420000000000000000e+02 3.897465837855055725e+04
6.430000000000000000e+02 3.941401616497697250e+04
6.440000000000000000e+02 3.985695124080505775e+04
6.450000000000000000e+02 4.030347951945866953e+04
6.460000000000000000e+02 4.075361689532539458e+04
6.470000000000000000e+02 4.120737924335381831e+04
6.480000000000000000e+02 4.166478241865339805e+04
6.490000000000000000e+02 4.212584225609733403e+04
6.500000000000000000e+02 4.259057456992832158e+04
6.510000000000000000e+02 4.305899515336709737e+04
6.520000000000000000e+02 4.353111977822391782e+04
6.530000000000000000e+02 4.400696419451294787e+04
6.540000000000000000e+02 4.448654413006953109e+04
6.550000000000000000e+02 4.496987529017026827e+04
6.560000000000000000e+02 4.545697335715616646e+04
6.570000000000000000e+02 4.594785399005858199e+04
6.580000000000000000e+02 4.644253282422809571e+04
6.590000000000000000e+02 4.694102547096633498e+04
6.600000000000000000e+02 4.744334751716072060e+04
6.610000000000000000e+02 4.794951452492205135e+04
6.620000000000000000e+02 4.845954203122518811e+04
6.630000000000000000e+02 4.897344554755245190e+04
6.640000000000000000e+02 4.949124055954014329e+04
6.650000000000000000e+02 5.001294252662792860e+04
6.660000000000000000e+02 5.053856688171110000e+04
6.670000000000000000e+02 5.106812903079584794e+04
6.680000000000000000e+02 5.160164435265752400e+04
6.690000000000000000e+02 5.213912819850163214e+04
6.700000000000000000e+02 5.268059589162807242e+04
6.710000000000000000e+02 5.322606272709801124e+04
6.720000000000000000e+02 5.377554397140390938e+04
6.730000000000000000e+02 5.432905486214243865e+04
6.740000000000000000e+02 5.488661060769021424e+04
6.750000000000000000e+02 5.544822638688269944e+04
6.760000000000000000e+02 5.601391734869580250e+04
6.770000000000000000e+02 5.658369861193062388e+04
6.780000000000000000e+02 5.715758526490097574e+04
6.790000000000000000e+02 5.773559236512384814e+04
6.800000000000000000e+02 5.831773493901299662e+04
6.810000000000000000e+02 5.890402798157521465e+04
6.820000000000000000e+02 5.949448645610961830e+04
6.830000000000000000e+02 6.008912529390989948e+04
6.840000000000000000e+02 6.068795939396949689e+04
6.850000000000000000e+02 6.129100362268957542e+04
6.860000000000000000e+02 6.189827281359006156e+04
6.870000000000000000e+02 6.250978176702342898e+04
6.880000000000000000e+02 6.312554524989162019e+04
6.890000000000000000e+02 6.374557799536553648e+04
6.900000000000000000e+02 6.436989470260774397e+04
6.910000000000000000e+02 6.499851003649790073e+04
6.920000000000000000e+02 6.563143862736107258e+04
6.930000000000000000e+02 6.626869507069903193e+04
6.940000000000000000e+02 6.691029392692420515e+04
6.950000000000000000e+02 6.755624972109685768e+04
6.960000000000000000e+02 6.820657694266473118e+04
6.970000000000000000e+02 6.886129004520580929e+04
6.980000000000000000e+02 6.952040344617386290e+04
6.990000000000000000e+02 7.018393152664687659e+04
7.000000000000000000e+02 7.085188863107807992e+04
7.010000000000000000e+02 7.152428906705028203e+04
7.020000000000000000e+02 7.220114710503251990e+04
7.030000000000000000e+02 7.288247697813977720e+04
7.040000000000000000e+02 7.356829288189565705e+04
7.050000000000000000e+02 7.425860897399738315e+04
7.060000000000000000e+02 7.495343937408420607e+04
7.070000000000000000e+02 7.565279816350816691e+04
7.080000000000000000e+02 7.635669938510764041e+04
7.090000000000000000e+02 7.706515704298393393e+04
7.100000000000000000e+02 7.777818510228037485e+04
7.110000000000000000e+02 7.849579748896433739e+04
7.120000000000000000e+02 7.921800808961184521e+04
7.130000000000000000e+02 7.994483075119515706e+04
7.140000000000000000e+02 8.067627928087269538e+04
7.150000000000000000e+02 8.141236744578207436e+04
7.160000000000000000e+02 8.215310897283571830e+04
7.170000000000000000e+02 8.289851754851904116e+04
7.180000000000000000e+02 8.364860681869141990e+04
7.190000000000000000e+02 8.440339038838996203e+04
7.200000000000000000e+02 8.516288182163574675e+04
7.210000000000000000e+02 8.592709464124277292e+04
7.220000000000000000e+02 8.669604232862980280e+04
7.230000000000000000e+02 8.746973832363434485e+04
7.240000000000000000e+02 8.824819602432977990e+04
7.250000000000000000e+02 8.903142878684494644e+04
7.260000000000000000e+02 8.981944992518601066e+04
7.270000000000000000e+02 9.061227271106158150e+04
7.280000000000000000e+02 9.140991037370970298e+04
7.290000000000000000e+02 9.221237609972800419e+04
7.300000000000000000e+02 9.301968303290613403e+04
7.310000000000000000e+02 9.383184427406066970e+04
7.320000000000000000e+02 9.464887288087302295e+04
7.330000000000000000e+02 9.547078186772915069e+04
7.340000000000000000e+02 9.629758420556255442e+04
7.350000000000000000e+02 9.712929282169927319e+04
7.360000000000000000e+02 9.796592059970556875e+04
7.370000000000000000e+02 9.880748037923820084e+04
7.380000000000000000e+02 9.965398495589682716e+04
7.390000000000000000e+02 1.005054470810793282e+05
7.400000000000000000e+02 1.013618794618393295e+05
7.410000000000000000e+02 1.022232947607460665e+05
7.420000000000000000e+02 1.030897055957470293e+05
7.430000000000000000e+02 1.039611245400326588e+05
7.440000000000000000e+02 1.048375641219036625e+05
7.450000000000000000e+02 1.057190368246407306e+05
7.460000000000000000e+02 1.066055550863765238e+05
7.470000000000000000e+02 1.074971312999701186e+05
7.480000000000000000e+02 1.083937778128837817e+05
7.490000000000000000e+02 1.092955069270620734e+05
7.500000000000000000e+02 1.102023308988134377e+05
7.510000000000000000e+02 1.111142619386938459e+05
7.520000000000000000e+02 1.120313122113929421e+05
7.530000000000000000e+02 1.129534938356224739e+05
7.540000000000000000e+02 1.138808188840070361e+05
7.550000000000000000e+02 1.148132993829768529e+05
7.560000000000000000e+02 1.157509473126631783e+05
7.570000000000000000e+02 1.166937746067957050e+05
7.580000000000000000e+02 1.176417931526022585e+05
7.590000000000000000e+02 1.185950147907107312e+05
7.600000000000000000e+02 1.195534513150533021e+05
7.610000000000000000e+02 1.205171144727726496e+05
7.620000000000000000e+02 1.214860159641305654e+05
7.630000000000000000e+02 1.224601674424186640e+05
7.640000000000000000e+02 1.234395805138711148e+05
7.650000000000000000e+02 1.244242667375799065e+05
7.660000000000000000e+02 1.254142376254117262e+05
7.670000000000000000e+02 1.264095046419273276e+05
7.680000000000000000e+02 1.274100792043029360e+05
7.690000000000000000e+02 1.284159726822536322e+05
7.700000000000000000e+02 1.294271963979589927e+05
7.710000000000000000e+02 1.304437616259906936e+05
7.720000000000000000e+02 1.314656795932419482e+05
7.730000000000000000e+02 1.324929614788597391e+05
7.740000000000000000e+02 1.335256184141779959e+05
7.750000000000000000e+02 1.345636614826537552e+05
7.760000000000000000e+02 1.356071017198046902e+05
7.770000000000000000e+02 1.366559501131490979e+05
7.780000000000000000e+02 1.377102176021474588e+05
7.790000000000000000e+02 1.387699150781461212e+05
7.800000000000000000e+02 1.398350533843230514e+05
7.810000000000000000e+02 1.409056433156355051e+05
7.820000000000000000e+02 1.419816956187694159e+05
7.830000000000000000e+02 1.430632209920907626e+05
7.840000000000000000e+02 1.441502300855990907e+05
7.850000000000000000e+02 1.452427335008825467e+05
7.860000000000000000e+02 1.463407417910752411e+05
7.870000000000000000e+02 1.474442654608158045e+05
7.880000000000000000e+02 1.485533149662085052e+05
7.890000000000000000e+02 1.496679007147857919e+05
7.900000000000000000e+02 1.507880330654727586e+05
7.910000000000000000e+02 1.519137223285533837e+05
7.920000000000000000e+02 1.530449787656384869e+05
7.930000000000000000e+02 1.541818125896358397e+05
7.940000000000000000e+02 1.553242339647214685e+05
7.950000000000000000e+02 1.564722530063132581e+05
7.960000000000000000e+02 1.576258797810459218e+05
7.970000000000000000e+02 1.587851243067479518e+05
7.980000000000000000e+02 1.599499965524200234e+05
7.990000000000000000e+02 1.611205064382152632e+05
8.000000000000000000e+02 1.622966638354216120e+05
8.010000000000000000e+02 1.634784785664447409e+05
8.020000000000000000e+02 1.646659604047939356e+05
8.030000000000000000e+02 1.658591190750687674e+05
8.040000000000000000e+02 1.670579642529477132e+05
8.050000000000000000e+02 1.682625055651785515e+05
8.060000000000000000e+02 1.694727525895699218e+05
8.070000000000000000e+02 1.706887148549849517e+05
8.080000000000000000e+02 1.719104018413360463e+05
8.090000000000000000e+02 1.731378229795818334e+05
8.100000000000000000e+02 1.743709876517250668e+05
8.110000000000000000e+02 1.756099051908123947e+05
8.120000000000000000e+02 1.768545848809354648e+05
8.130000000000000000e+02 1.781050359572340967e+05
8.140000000000000000e+02 1.793612676059002115e+05
8.150000000000000000e+02 1.806232889641836518e+05
8.160000000000000000e+02 1.818911091203994292e+05
8.170000000000000000e+02 1.831647371139368624e+05
8.180000000000000000e+02 1.844441819352692401e+05
8.190000000000000000e+02 1.857294525259658112e+05
8.200000000000000000e+02 1.870205577787048533e+05
8.210000000000000000e+02 1.883175065372879908e+05
8.220000000000000000e+02 1.896203075966564065e+05
8.230000000000000000e+02 1.909289697029080999e+05
8.240000000000000000e+02 1.922435015533164551e+05
8.250000000000000000e+02 1.935639117963505560e+05
8.260000000000000000e+02 1.948902090316964895e+05
8.270000000000000000e+02 1.962224018102803966e+05
8.280000000000000000e+02 1.975604986342922784e+05
8.290000000000000000e+02 1.989045079572118411e+05
8.300000000000000000e+02 2.002544381838350091e+05
8.310000000000000000e+02 2.016102976703023305e+05
8.320000000000000000e+02 2.029720947241281683e+05
8.330000000000000000e+02 2.043398376042313175e+05
8.340000000000000000e+02 2.057135345209672523e+05
8.350000000000000000e+02 2.070931936361609842e+05
8.360000000000000000e+02 2.084788230631418992e+05
8.370000000000000000e+02 2.098704308667788864e+05
8.380000000000000000e+02 2.112680250635180564e+05
8.390000000000000000e+02 2.126716136214199068e+05
8.400000000000000000e+02 2.140812044601995440e+05
8.410000000000000000e+02 2.154968054512664094e+05
8.420000000000000000e+02 2.169184244177666551e+05
8.430000000000000000e+02 2.183460691346252279e+05
8.440000000000000000e+02 2.197797473285906308e+05
8.450000000000000000e+02 2.212194666782795102e+05
8.460000000000000000e+02 2.226652348142231931e+05
8.470000000000000000e+02 2.241170593189150095e+05
8.480000000000000000e+02 2.255749477268586343e+05
8.490000000000000000e+02 2.270389075246179127e+05
8.500000000000000000e+02 2.285089461508673849e+05
8.510000000000000000e+02 2.299850709964440612e+05
8.520000000000000000e+02 2.314672894044003333e+05
8.530000000000000000e+02 2.329556086700575543e+05
8.540000000000000000e+02 2.344500360410613066e+05
8.550000000000000000e+02 2.359505787174370489e+05
8.560000000000000000e+02 2.374572438516471302e+05
8.570000000000000000e+02 2.389700385486488813e+05
8.580000000000000000e+02 2.404889698659534915e+05
8.590000000000000000e+02 2.420140448136859341e+05
8.600000000000000000e+02 2.435452703546457342e+05
8.610000000000000000e+02 2.450826534043691645e+05
8.620000000000000000e+02 2.466262008311920799e+05
8.630000000000000000e+02 2.481759194563132187e+05
8.640000000000000000e+02 2.497318160538595985e+05
8.650000000000000000e+02 2.512938973509517382e+05
8.660000000000000000e+02 2.528621700277700729e+05
8.670000000000000000e+02 2.544366407176230859e+05
8.680000000000000000e+02 2.560173160070149461e+05
8.690000000000000000e+02 2.576042024357151531e+05
8.700000000000000000e+02 2.591973064968285325e+05
8.710000000000000000e+02 2.607966346368662489e+05
8.720000000000000000e+02 2.624021932558175758e+05
8.730000000000000000e+02 2.640139887072225683e+05
8.740000000000000000e+02 2.656320272982457536e+05
8.750000000000000000e+02 2.672563152897501714e+05
8.760000000000000000e+02 2.688868588963728398e+05
8.770000000000000000e+02 2.705236642866002512e+05
8.780000000000000000e+02 2.721667375828456716e+05
8.790000000000000000e+02 2.738160848615262075e+05
8.800000000000000000e+02 2.754717121531414450e+05
8.810000000000000000e+02 2.771336254423522623e+05
8.820000000000000000e+02 2.788018306680606911e+05
8.830000000000000000e+02 2.804763337234907667e+05
8.840000000000000000e+02 2.821571404562693788e+05
8.850000000000000000e+02 2.838442566685088095e+05
8.860000000000000000e+02 2.855376881168889813e+05
8.870000000000000000e+02 2.872374405127412756e+05
8.880000000000000000e+02 2.889435195221326430e+05
8.890000000000000000e+02 2.906559307659504120e+05
8.900000000000000000e+02 2.923746798199876212e+05
8.910000000000000000e+02 2.940997722150298650e+05
8.920000000000000000e+02 2.958312134369413834e+05
8.930000000000000000e+02 2.975690089267529547e+05
8.940000000000000000e+02 2.993131640807502554e+05
8.950000000000000000e+02 3.010636842505624518e+05
8.960000000000000000e+02 3.028205747432517237e+05
8.970000000000000000e+02 3.045838408214030205e+05
8.980000000000000000e+02 3.063534877032155637e+05
8.990000000000000000e+02 3.081295205625930685e+05
9.000000000000000000e+02 3.099119445292365272e+05
9.010000000000000000e+02 3.117007646887360024e+05
9.020000000000000000e+02 3.134959860826641670e+05
9.030000000000000000e+02 3.152976137086694944e+05
9.040000000000000000e+02 3.171056525205709040e+05
9.050000000000000000e+02 3.189201074284521746e+05
9.060000000000000000e+02 3.207409832987570553e+05
9.070000000000000000e+02 3.225682849543855409e+05
9.080000000000000000e+02 3.244020171747899149e+05
9.090000000000000000e+02 3.262421846960715484e+05
9.100000000000000000e+02 3.280887922110786894e+05
9.110000000000000000e+02 3.299418443695036694e+05
9.120000000000000000e+02 3.318013457779816817e+05
9.130000000000000000e+02 3.336673010001900839e+05
9.140000000000000000e+02 3.355397145569467684e+05
9.150000000000000000e+02 3.374185909263107460e+05
9.160000000000000000e+02 3.393039345436820295e+05
9.170000000000000000e+02 3.411957498019027989e+05
9.180000000000000000e+02 3.430940410513579845e+05
9.190000000000000000e+02 3.449988126000777120e+05
9.200000000000000000e+02 3.469100687138382345e+05
9.210000000000000000e+02 3.488278136162659503e+05
9.220000000000000000e+02 3.507520514889390324e+05
9.230000000000000000e+02 3.526827864714914467e+05
9.240000000000000000e+02 3.546200226617163862e+05
9.250000000000000000e+02 3.565637641156705213e+05
9.260000000000000000e+02 3.585140148477787152e+05
9.270000000000000000e+02 3.604707788309389725e+05
9.280000000000000000e+02 3.624340599966270383e+05
9.290000000000000000e+02 3.644038622350032674e+05
9.300000000000000000e+02 3.663801893950176891e+05
9.310000000000000000e+02 3.683630452845168184e+05
9.320000000000000000e+02 3.703524336703504669e+05
9.330000000000000000e+02 3.723483582784783212e+05
9.340000000000000000e+02 3.743508227940785582e+05
9.350000000000000000e+02 3.763598308616541326e+05
9.360000000000000000e+02 3.783753860851418576e+05
9.370000000000000000e+02 3.803974920280206716e+05
9.380000000000000000e+02 3.824261522134199040e+05
9.390000000000000000e+02 3.844613701242289389e+05
9.400000000000000000e+02 3.865031492032062961e+05
9.410000000000000000e+02 3.885514928530890029e+05
9.420000000000000000e+02 3.906064044367026654e+05
9.430000000000000000e+02 3.926678872770717135e+05
9.440000000000000000e+02 3.947359446575301117e+05
9.450000000000000000e+02 3.968105798218313721e+05
9.460000000000000000e+02 3.988917959742603707e+05
9.470000000000000000e+02 4.009795962797438842e+05
9.480000000000000000e+02 4.030739838639626978e+05
9.490000000000000000e+02 4.051749618134627235e+05
9.500000000000000000e+02 4.072825331757675158e+05
9.510000000000000000e+02 4.093967009594902629e+05
9.520000000000000000e+02 4.115174681344460696e+05
9.530000000000000000e+02 4.136448376317647053e+05
9.540000000000000000e+02 4.157788123440038762e+05
9.550000000000000000e+02 4.179193951252614497e+05
9.560000000000000000e+02 4.200665887912896578e+05
9.570000000000000000e+02 4.222203961196077871e+05
9.580000000000000000e+02 4.243808198496160330e+05
9.590000000000000000e+02 4.265478626827102271e+05
9.600000000000000000e+02 4.287215272823944688e+05
9.610000000000000000e+02 4.309018162743962021e+05
9.620000000000000000e+02 4.330887322467804770e+05
9.630000000000000000e+02 4.352822777500643278e+05
9.640000000000000000e+02 4.374824552973313257e+05
9.650000000000000000e+02 4.396892673643472954e+05
9.660000000000000000e+02 4.419027163896739366e+05
9.670000000000000000e+02 4.441228047747852979e+05
9.680000000000000000e+02 4.463495348841820960e+05
9.690000000000000000e+02 4.485829090455078986e+05
9.700000000000000000e+02 4.508229295496639097e+05
9.710000000000000000e+02 4.530695986509252689e+05
9.720000000000000000e+02 4.553229185670563602e+05
9.730000000000000000e+02 4.575828914794274606e+05
9.740000000000000000e+02 4.598495195331297582e+05
9.750000000000000000e+02 4.621228048370921751e+05
9.760000000000000000e+02 4.644027494641972589e+05
9.770000000000000000e+02 4.666893554513975978e+05
9.780000000000000000e+02 4.689826247998327017e+05
9.790000000000000000e+02 4.712825594749442535e+05
9.800000000000000000e+02 4.735891614065940375e+05
9.810000000000000000e+02 4.759024324891797150e+05
9.820000000000000000e+02 4.782223745817519375e+05
9.830000000000000000e+02 4.805489895081310533e+05
9.840000000000000000e+02 4.828822790570236975e+05
9.850000000000000000e+02 4.852222449821402552e+05
9.860000000000000000e+02 4.875688890023110434e+05
9.870000000000000000e+02 4.899222128016042407e+05
9.880000000000000000e+02 4.922822180294420687e+05
9.890000000000000000e+02 4.946489063007186051e+05
9.900000000000000000e+02 4.970222791959161987e+05
9.910000000000000000e+02 4.994023382612236310e+05
9.920000000000000000e+02 5.017890850086521823e+05
9.930000000000000000e+02 5.041825209161534440e+05
9.940000000000000000e+02 5.065826474277368397e+05
9.950000000000000000e+02 5.089894659535864484e+05
9.960000000000000000e+02 5.114029778701781179e+05
9.970000000000000000e+02 5.138231845203973353e+05
9.980000000000000000e+02 5.162500872136560502e+05
9.990000000000000000e+02 5.186836872260100790e+05
