# BB temperature (K); Intensity through filter (ph/s/m^2/mas^2)
1.000000000000000000e+01 0.000000000000000000e+00
1.100000000000000000e+01 0.000000000000000000e+00
1.200000000000000000e+01 0.000000000000000000e+00
1.300000000000000000e+01 0.000000000000000000e+00
1.400000000000000000e+01 0.000000000000000000e+00
1.500000000000000000e+01 0.000000000000000000e+00
1.600000000000000000e+01 0.000000000000000000e+00
1.700000000000000000e+01 0.000000000000000000e+00
1.800000000000000000e+01 0.000000000000000000e+00
1.900000000000000000e+01 0.000000000000000000e+00
2.000000000000000000e+01 0.000000000000000000e+00
2.100000000000000000e+01 1.775947612567466775e-67
2.200000000000000000e+01 3.771884323899241863e-64
2.300000000000000000e+01 4.123419832765183925e-61
2.400000000000000000e+01 2.520837144151036150e-58
2.500000000000000000e+01 9.240115224817889448e-56
2.600000000000000000e+01 2.154071973870074405e-53
2.700000000000000000e+01 3.358202999732613714e-51
2.800000000000000000e+01 3.655248126022224663e-49
2.900000000000000000e+01 2.882780635572653866e-47
3.000000000000000000e+01 1.701236076131028733e-45
3.100000000000000000e+01 7.725870452125378570e-44
3.200000000000000000e+01 2.767013557213884328e-42
3.300000000000000000e+01 7.985777574800938196e-41
3.400000000000000000e+01 1.892891488808698490e-39
3.500000000000000000e+01 3.747606515532309655e-38
3.600000000000000000e+01 6.290813178721448337e-37
3.700000000000000000e+01 9.073738110782184600e-36
3.800000000000000000e+01 1.138109907353260108e-34
3.900000000000000000e+01 1.254759479236302372e-33
4.000000000000000000e+01 1.227748207698817059e-32
4.100000000000000000e+01 1.075513991353220223e-31
4.200000000000000000e+01 8.501703447031791344e-31
4.300000000000000000e+01 6.107814511964280685e-30
4.400000000000000000e+01 4.014028175198063341e-29
4.500000000000000000e+01 2.427523978804883056e-28
4.600000000000000000e+01 1.358267863396796416e-27
4.700000000000000000e+01 7.066372603032382809e-27
4.800000000000000000e+01 3.433746718366522710e-26
4.900000000000000000e+01 1.564988800874599362e-25
5.000000000000000000e+01 6.715701743869237350e-25
5.100000000000000000e+01 2.722978218745096163e-24
5.200000000000000000e+01 1.046615024405401359e-23
5.300000000000000000e+01 3.824990499123243803e-23
5.400000000000000000e+01 1.332870481856552468e-22
5.500000000000000000e+01 4.440022423943516871e-22
5.600000000000000000e+01 1.417317447351220051e-21
5.700000000000000000e+01 4.345159589966364850e-21
5.800000000000000000e+01 1.282052712555343131e-20
5.900000000000000000e+01 3.647633752171959611e-20
6.000000000000000000e+01 1.002557356318305121e-19
6.100000000000000000e+01 2.666464321872590766e-19
6.200000000000000000e+01 6.873522212019438511e-19
6.300000000000000000e+01 1.719826853091438957e-18
6.400000000000000000e+01 4.182697804309308552e-18
6.500000000000000000e+01 9.900611659258234065e-18
6.600000000000000000e+01 2.283675491564518103e-17
6.700000000000000000e+01 5.138955429567204429e-17
6.800000000000000000e+01 1.129419351601279305e-16
6.900000000000000000e+01 2.426721924732720678e-16
7.000000000000000000e+01 5.102562736317503546e-16
7.100000000000000000e+01 1.050886455774009860e-15
7.200000000000000000e+01 2.121758473394571685e-15
7.300000000000000000e+01 4.203024942084820638e-15
7.400000000000000000e+01 8.175003735052224793e-15
7.500000000000000000e+01 1.562392796864632594e-14
7.600000000000000000e+01 2.936083845253641454e-14
7.700000000000000000e+01 5.428836624684483774e-14
7.800000000000000000e+01 9.882680854551685507e-14
7.900000000000000000e+01 1.772263961662655101e-13
8.000000000000000000e+01 3.132642662346027872e-13
8.100000000000000000e+01 5.460762835775293355e-13
8.200000000000000000e+01 9.392381135368212846e-13
8.300000000000000000e+01 1.594730804532836937e-12
8.400000000000000000e+01 2.674162156810795154e-12
8.500000000000000000e+01 4.430643452680592031e-12
8.600000000000000000e+01 7.256142128886819343e-12
8.700000000000000000e+01 1.175107406735480930e-11
8.800000000000000000e+01 1.882552934456300695e-11
8.900000000000000000e+01 2.984505078757135765e-11
9.000000000000000000e+01 4.683856594823477486e-11
9.100000000000000000e+01 7.279223270335319740e-11
9.200000000000000000e+01 1.120609926092303628e-10
9.300000000000000000e+01 1.709400162686056196e-10
9.400000000000000000e+01 2.584515527662310378e-10
9.500000000000000000e+01 3.874196565659422927e-10
9.600000000000000000e+01 5.759266863084243808e-10
9.700000000000000000e+01 8.492723240013838495e-10
9.800000000000000000e+01 1.242589288157605203e-09
9.900000000000000000e+01 1.804311231362340254e-09
1.000000000000000000e+02 2.600739043678757686e-09
1.010000000000000000e+02 3.722013670119710885e-09
1.020000000000000000e+02 5.289878572935010910e-09
1.030000000000000000e+02 7.467705362932686622e-09
1.040000000000000000e+02 1.047336439565750782e-08
1.050000000000000000e+02 1.459565107220660909e-08
1.060000000000000000e+02 2.021513129529420906e-08
1.070000000000000000e+02 2.783044941476928606e-08
1.080000000000000000e+02 3.809135277881797583e-08
1.090000000000000000e+02 5.183993273843125103e-08
1.100000000000000000e+02 7.016186701150445161e-08
1.110000000000000000e+02 9.444977740282251947e-08
1.120000000000000000e+02 1.264811950206392535e-07
1.130000000000000000e+02 1.685140576628545707e-07
1.140000000000000000e+02 2.234031565944765634e-07
1.150000000000000000e+02 2.947415084077971520e-07
1.160000000000000000e+02 3.870312582043958821e-07
1.170000000000000000e+02 5.058894293441543360e-07
1.180000000000000000e+02 6.582946290415103422e-07
1.190000000000000000e+02 8.528817048759921949e-07
1.200000000000000000e+02 1.100292331655156797e-06
1.210000000000000000e+02 1.413590597919110146e-06
1.220000000000000000e+02 1.808753863615151726e-06
1.230000000000000000e+02 2.305250481965949620e-06
1.240000000000000000e+02 2.926717426073760660e-06
1.250000000000000000e+02 3.701752440957681418e-06
1.260000000000000000e+02 4.664837060902375509e-06
1.270000000000000000e+02 5.857408696314015673e-06
1.280000000000000000e+02 7.329102009495018586e-06
1.290000000000000000e+02 9.139181970215458204e-06
1.300000000000000000e+02 1.135819331455255606e-05
1.310000000000000000e+02 1.406985362853067005e-05
1.320000000000000000e+02 1.737321994536382668e-05
1.330000000000000000e+02 2.138516158466400376e-05
1.340000000000000000e+02 2.624317497620219736e-05
1.350000000000000000e+02 3.210857940129880830e-05
1.360000000000000000e+02 3.917013595246349937e-05
1.370000000000000000e+02 4.764813555643515830e-05
1.380000000000000000e+02 5.779900562631826578e-05
1.390000000000000000e+02 6.992048880317642352e-05
1.400000000000000000e+02 8.435745131336778665e-05
1.410000000000000000e+02 1.015083827012465927e-04
1.420000000000000000e+02 1.218326530927774174e-04
1.430000000000000000e+02 1.458585986982651839e-04
1.440000000000000000e+02 1.741925109649412992e-04
1.450000000000000000e+02 2.075286096347164159e-04
1.460000000000000000e+02 2.466600849401382020e-04
1.470000000000000000e+02 2.924912992726806681e-04
1.480000000000000000e+02 3.460512438711335170e-04
1.490000000000000000e+02 4.085083513923590845e-04
1.500000000000000000e+02 4.811867706294559567e-04
1.510000000000000000e+02 5.655842151199751621e-04
1.520000000000000000e+02 6.633915029250353219e-04
1.530000000000000000e+02 7.765139104440101645e-04
1.540000000000000000e+02 9.070944687432747717e-04
1.550000000000000000e+02 1.057539336504946222e-03
1.560000000000000000e+02 1.230545389325875131e-03
1.570000000000000000e+02 1.429130170700934751e-03
1.580000000000000000e+02 1.656664355590212840e-03
1.590000000000000000e+02 1.916906882978869396e-03
1.600000000000000000e+02 2.214042919272939287e-03
1.610000000000000000e+02 2.552724819715512187e-03
1.620000000000000000e+02 2.938116260237047788e-03
1.630000000000000000e+02 3.375939717252169660e-03
1.640000000000000000e+02 3.872527477864743176e-03
1.650000000000000000e+02 4.434876367724544313e-03
1.660000000000000000e+02 5.070706388374431918e-03
1.670000000000000000e+02 5.788523460318243871e-03
1.680000000000000000e+02 6.597686472209244105e-03
1.690000000000000000e+02 7.508478840489538932e-03
1.700000000000000000e+02 8.532184787485531594e-03
1.710000000000000000e+02 9.681170549367498768e-03
1.720000000000000000e+02 1.096897072849630644e-02
1.730000000000000000e+02 1.241038000749366578e-02
1.740000000000000000e+02 1.402155044486821760e-02
1.750000000000000000e+02 1.582009457419690512e-02
1.760000000000000000e+02 1.782519453068483195e-02
1.770000000000000000e+02 2.005771743039795607e-02
1.780000000000000000e+02 2.254033722856836966e-02
1.790000000000000000e+02 2.529766328410397794e-02
1.800000000000000000e+02 2.835637585778356951e-02
1.810000000000000000e+02 3.174536877157608378e-02
1.820000000000000000e+02 3.549589945608490338e-02
1.830000000000000000e+02 3.964174661227587437e-02
1.840000000000000000e+02 4.421937571239979714e-02
1.850000000000000000e+02 4.926811256336061096e-02
1.860000000000000000e+02 5.483032515370811488e-02
1.870000000000000000e+02 6.095161400294914905e-02
1.880000000000000000e+02 6.768101122896895416e-02
1.890000000000000000e+02 7.507118854604223623e-02
1.900000000000000000e+02 8.317867440218720820e-02
1.910000000000000000e+02 9.206408046048325522e-02
1.920000000000000000e+02 1.017923376244344591e-01
1.930000000000000000e+02 1.124329418025241806e-01
1.940000000000000000e+02 1.240602096017762307e-01
1.950000000000000000e+02 1.367535441344212011e-01
1.960000000000000000e+02 1.505977111156711068e-01
1.970000000000000000e+02 1.656831254241415696e-01
1.980000000000000000e+02 1.821061482896363382e-01
1.990000000000000000e+02 1.999693952658327389e-01
2.000000000000000000e+02 2.193820551378960204e-01
2.010000000000000000e+02 2.404602199072096991e-01
2.020000000000000000e+02 2.633272259872548315e-01
2.030000000000000000e+02 2.881140067362188972e-01
2.040000000000000000e+02 3.149594564431683619e-01
2.050000000000000000e+02 3.440108058756114473e-01
2.060000000000000000e+02 3.754240094869968902e-01
2.070000000000000000e+02 4.093641443731875773e-01
2.080000000000000000e+02 4.460058210571947734e-01
2.090000000000000000e+02 4.855336061715176399e-01
2.100000000000000000e+02 5.281424570972726995e-01
2.110000000000000000e+02 5.740381686089771618e-01
2.120000000000000000e+02 6.234378315633606338e-01
2.130000000000000000e+02 6.765703036599505227e-01
2.140000000000000000e+02 7.336766922904015553e-01
2.150000000000000000e+02 7.950108494826944039e-01
2.160000000000000000e+02 8.608398789353421954e-01
2.170000000000000000e+02 9.314446551257153928e-01
2.180000000000000000e+02 1.007120354465491641e+00
2.190000000000000000e+02 1.088176998465109735e+00
2.200000000000000000e+02 1.174940008857926044e+00
2.210000000000000000e+02 1.267750774623605192e+00
2.220000000000000000e+02 1.366967230839127412e+00
2.230000000000000000e+02 1.472964449274626997e+00
2.240000000000000000e+02 1.586135240640211386e+00
2.250000000000000000e+02 1.706890768378847678e+00
2.260000000000000000e+02 1.835661173889437503e+00
2.270000000000000000e+02 1.972896213053344505e+00
2.280000000000000000e+02 2.119065903926812933e+00
2.290000000000000000e+02 2.274661185451124723e+00
2.300000000000000000e+02 2.440194587021732087e+00
2.310000000000000000e+02 2.616200908747290388e+00
2.320000000000000000e+02 2.803237912219243455e+00
2.330000000000000000e+02 3.001887021602572592e+00
2.340000000000000000e+02 3.212754034848432028e+00
2.350000000000000000e+02 3.436469844819758368e+00
2.360000000000000000e+02 3.673691170111385240e+00
2.370000000000000000e+02 3.925101295337030560e+00
2.380000000000000000e+02 4.191410820646399138e+00
2.390000000000000000e+02 4.473358420226947629e+00
2.400000000000000000e+02 4.771711609536174237e+00
2.410000000000000000e+02 5.087267521002169168e+00
2.420000000000000000e+02 5.420853687921932895e+00
2.430000000000000000e+02 5.773328836279384646e+00
2.440000000000000000e+02 6.145583684197349683e+00
2.450000000000000000e+02 6.538541748730692937e+00
2.460000000000000000e+02 6.953160159700789045e+00
2.470000000000000000e+02 7.390430480264972068e+00
2.480000000000000000e+02 7.851379533908125374e+00
2.490000000000000000e+02 8.337070237537762551e+00
2.500000000000000000e+02 8.848602440358044774e+00
2.510000000000000000e+02 9.387113768192806518e+00
2.520000000000000000e+02 9.953780472922698408e+00
2.530000000000000000e+02 1.054981828669659016e+01
2.540000000000000000e+02 1.117648328057296148e+01
2.550000000000000000e+02 1.183507272724298964e+01
2.560000000000000000e+02 1.252692596748302734e+01
2.570000000000000000e+02 1.325342527998072129e+01
2.580000000000000000e+02 1.401599675417592294e+01
2.590000000000000000e+02 1.481611116575447440e+01
2.600000000000000000e+02 1.565528485443059203e+01
2.610000000000000000e+02 1.653508060365117416e+01
2.620000000000000000e+02 1.745710852185355222e+01
2.630000000000000000e+02 1.842302692490646265e+01
2.640000000000000000e+02 1.943454321936282270e+01
2.650000000000000000e+02 2.049341478615187739e+01
2.660000000000000000e+02 2.160144986433743952e+01
2.670000000000000000e+02 2.276050843456882689e+01
2.680000000000000000e+02 2.397250310185071953e+01
2.690000000000000000e+02 2.523939997725853956e+01
2.700000000000000000e+02 2.656321955822631509e+01
2.710000000000000000e+02 2.794603760703488859e+01
2.720000000000000000e+02 2.938998602712922192e+01
2.730000000000000000e+02 3.089725373689500287e+01
2.740000000000000000e+02 3.247008754052617974e+01
2.750000000000000000e+02 3.411079299561714606e+01
2.760000000000000000e+02 3.582173527711513117e+01
2.770000000000000000e+02 3.760534003727079977e+01
2.780000000000000000e+02 3.946409426122784225e+01
2.790000000000000000e+02 4.140054711789498043e+01
2.800000000000000000e+02 4.341731080574680846e+01
2.810000000000000000e+02 4.551706139320333477e+01
2.820000000000000000e+02 4.770253965324189238e+01
2.830000000000000000e+02 4.997655189189801916e+01
2.840000000000000000e+02 5.234197077031673473e+01
2.850000000000000000e+02 5.480173612001915018e+01
2.860000000000000000e+02 5.735885575105408662e+01
2.870000000000000000e+02 6.001640625270840701e+01
2.880000000000000000e+02 6.277753378645535776e+01
2.890000000000000000e+02 6.564545487082358477e+01
2.900000000000000000e+02 6.862345715787645872e+01
2.910000000000000000e+02 7.171490020099459173e+01
2.920000000000000000e+02 7.492321621366133400e+01
2.930000000000000000e+02 7.825191081895536627e+01
2.940000000000000000e+02 8.170456378946117582e+01
2.950000000000000000e+02 8.528482977731259496e+01
2.960000000000000000e+02 8.899643903409207724e+01
2.970000000000000000e+02 9.284319812031311869e+01
2.980000000000000000e+02 9.682899060421974013e+01
2.990000000000000000e+02 1.009577777496431992e+02
3.000000000000000000e+02 1.052335991926625525e+02
3.010000000000000000e+02 1.096605736068215435e+02
3.020000000000000000e+02 1.142428993566613968e+02
3.030000000000000000e+02 1.189848551393350959e+02
3.040000000000000000e+02 1.238908006140754594e+02
3.050000000000000000e+02 1.289651770192966751e+02
3.060000000000000000e+02 1.342125077771144674e+02
3.070000000000000000e+02 1.396373990850775613e+02
3.080000000000000000e+02 1.452445404949103249e+02
3.090000000000000000e+02 1.510387054780724156e+02
3.100000000000000000e+02 1.570247519779486822e+02
3.110000000000000000e+02 1.632076229484894156e+02
3.120000000000000000e+02 1.695923468791282005e+02
3.130000000000000000e+02 1.761840383058107875e+02
3.140000000000000000e+02 1.829878983079767352e+02
3.150000000000000000e+02 1.900092149913407127e+02
3.160000000000000000e+02 1.972533639563293661e+02
3.170000000000000000e+02 2.047258087520349363e+02
3.180000000000000000e+02 2.124321013155545188e+02
3.190000000000000000e+02 2.203778823965909055e+02
3.200000000000000000e+02 2.285688819671975978e+02
3.210000000000000000e+02 2.370109196165572598e+02
3.220000000000000000e+02 2.457099049306904988e+02
3.230000000000000000e+02 2.546718378569980530e+02
3.240000000000000000e+02 2.639028090535460933e+02
3.250000000000000000e+02 2.734090002230114465e+02
3.260000000000000000e+02 2.831966844312119065e+02
3.270000000000000000e+02 2.932722264101486758e+02
3.280000000000000000e+02 3.036420828455005676e+02
3.290000000000000000e+02 3.143128026485123883e+02
3.300000000000000000e+02 3.252910272122265383e+02
3.310000000000000000e+02 3.365834906520150867e+02
3.320000000000000000e+02 3.481970200303753131e+02
3.330000000000000000e+02 3.601385355659567153e+02
3.340000000000000000e+02 3.724150508267942428e+02
3.350000000000000000e+02 3.850336729077318410e+02
3.360000000000000000e+02 3.980016025920201059e+02
3.370000000000000000e+02 4.113261344970848086e+02
3.380000000000000000e+02 4.250146572044624236e+02
3.390000000000000000e+02 4.390746533739124402e+02
3.400000000000000000e+02 4.535136998417116274e+02
3.410000000000000000e+02 4.683394677031524793e+02
3.420000000000000000e+02 4.835597223792642581e+02
3.430000000000000000e+02 4.991823236677868181e+02
3.440000000000000000e+02 5.152152257784290441e+02
3.450000000000000000e+02 5.316664773524506700e+02
3.460000000000000000e+02 5.485442214666114751e+02
3.470000000000000000e+02 5.658566956215373693e+02
3.480000000000000000e+02 5.836122317145548095e+02
3.490000000000000000e+02 6.018192559970564162e+02
3.500000000000000000e+02 6.204862890164566807e+02
3.510000000000000000e+02 6.396219455428100673e+02
3.520000000000000000e+02 6.592349344801624511e+02
3.530000000000000000e+02 6.793340587627154719e+02
3.540000000000000000e+02 6.999282152358817939e+02
3.550000000000000000e+02 7.210263945223221072e+02
3.560000000000000000e+02 7.426376808730523180e+02
3.570000000000000000e+02 7.647712520037148352e+02
3.580000000000000000e+02 7.874363789161157001e+02
3.590000000000000000e+02 8.106424257051253335e+02
3.600000000000000000e+02 8.343988493510536273e+02
3.610000000000000000e+02 8.587151994976092055e+02
3.620000000000000000e+02 8.836011182155541519e+02
3.630000000000000000e+02 9.090663397521710749e+02
3.640000000000000000e+02 9.351206902666698397e+02
3.650000000000000000e+02 9.617740875516467440e+02
3.660000000000000000e+02 9.890365407407368821e+02
3.670000000000000000e+02 1.016918150002575203e+03
3.680000000000000000e+02 1.045429106221213715e+03
3.690000000000000000e+02 1.074579690663120118e+03
3.700000000000000000e+02 1.104380274630902477e+03
3.710000000000000000e+02 1.134841319103902379e+03
3.720000000000000000e+02 1.165973374365793461e+03
3.730000000000000000e+02 1.197787079619345832e+03
3.740000000000000000e+02 1.230293162588486666e+03
3.750000000000000000e+02 1.263502439107830014e+03
3.760000000000000000e+02 1.297425812699809285e+03
3.770000000000000000e+02 1.332074274139582940e+03
3.780000000000000000e+02 1.367458901007863460e+03
3.790000000000000000e+02 1.403590857231833070e+03
3.800000000000000000e+02 1.440481392614302649e+03
3.810000000000000000e+02 1.478141842351289142e+03
3.820000000000000000e+02 1.516583626538156977e+03
3.830000000000000000e+02 1.555818249664510404e+03
3.840000000000000000e+02 1.595857300097990901e+03
3.850000000000000000e+02 1.636712449557157470e+03
3.860000000000000000e+02 1.678395452573611465e+03
3.870000000000000000e+02 1.720918145943547415e+03
3.880000000000000000e+02 1.764292448168898773e+03
3.890000000000000000e+02 1.808530358888252977e+03
3.900000000000000000e+02 1.853643958297703648e+03
3.910000000000000000e+02 1.899645406561836126e+03
3.920000000000000000e+02 1.946546943214998009e+03
3.930000000000000000e+02 1.994360886553047976e+03
3.940000000000000000e+02 2.043099633015760674e+03
3.950000000000000000e+02 2.092775656560057541e+03
3.960000000000000000e+02 2.143401508024251598e+03
3.970000000000000000e+02 2.194989814483481950e+03
3.980000000000000000e+02 2.247553278596515611e+03
3.990000000000000000e+02 2.301104677944107152e+03
4.000000000000000000e+02 2.355656864359081283e+03
4.010000000000000000e+02 2.411222763248331830e+03
4.020000000000000000e+02 2.467815372906913581e+03
4.030000000000000000e+02 2.525447763824407957e+03
4.040000000000000000e+02 2.584133077983741714e+03
4.050000000000000000e+02 2.643884528152638723e+03
4.060000000000000000e+02 2.704715397167895389e+03
4.070000000000000000e+02 2.766639037212642961e+03
4.080000000000000000e+02 2.829668869086793620e+03
4.090000000000000000e+02 2.893818381470834083e+03
4.100000000000000000e+02 2.959101130183169062e+03
4.110000000000000000e+02 3.025530737431155558e+03
4.120000000000000000e+02 3.093120891056057189e+03
4.130000000000000000e+02 3.161885343772048600e+03
4.140000000000000000e+02 3.231837912399477773e+03
4.150000000000000000e+02 3.302992477092544505e+03
4.160000000000000000e+02 3.375362980561592849e+03
4.170000000000000000e+02 3.448963427290164873e+03
4.180000000000000000e+02 3.523807882747013537e+03
4.190000000000000000e+02 3.599910472593237500e+03
4.200000000000000000e+02 3.677285381884705203e+03
4.210000000000000000e+02 3.755946854269961932e+03
4.220000000000000000e+02 3.835909191183765870e+03
4.230000000000000000e+02 3.917186751036427268e+03
4.240000000000000000e+02 3.999793948399146757e+03
4.250000000000000000e+02 4.083745253185476940e+03
4.260000000000000000e+02 4.169055189829106894e+03
4.270000000000000000e+02 4.255738336458128288e+03
4.280000000000000000e+02 4.343809324065937290e+03
4.290000000000000000e+02 4.433282835678945048e+03
4.300000000000000000e+02 4.524173605521255922e+03
4.310000000000000000e+02 4.616496418176476254e+03
4.320000000000000000e+02 4.710266107746811031e+03
4.330000000000000000e+02 4.805497557009601223e+03
4.340000000000000000e+02 4.902205696571475528e+03
4.350000000000000000e+02 5.000405504020242006e+03
4.360000000000000000e+02 5.100112003074725180e+03
4.370000000000000000e+02 5.201340262732628617e+03
4.380000000000000000e+02 5.304105396416643089e+03
4.390000000000000000e+02 5.408422561118919475e+03
4.400000000000000000e+02 5.514306956544033710e+03
4.410000000000000000e+02 5.621773824250644793e+03
4.420000000000000000e+02 5.730838446791937713e+03
4.430000000000000000e+02 5.841516146855030456e+03
4.440000000000000000e+02 5.953822286399458790e+03
4.450000000000000000e+02 6.067772265794918894e+03
4.460000000000000000e+02 6.183381522958360620e+03
4.470000000000000000e+02 6.300665532490607802e+03
4.480000000000000000e+02 6.419639804812610237e+03
4.490000000000000000e+02 6.540319885301500108e+03
4.500000000000000000e+02 6.662721353426531095e+03
4.510000000000000000e+02 6.786859821885092970e+03
4.520000000000000000e+02 6.912750935738885346e+03
4.530000000000000000e+02 7.040410371550393393e+03
4.540000000000000000e+02 7.169853836519801007e+03
4.550000000000000000e+02 7.301097067622446957e+03
4.560000000000000000e+02 7.434155830746967695e+03
4.570000000000000000e+02 7.569045919834231427e+03
4.580000000000000000e+02 7.705783156017191686e+03
4.590000000000000000e+02 7.844383386761768634e+03
4.600000000000000000e+02 7.984862485008899966e+03
4.610000000000000000e+02 8.127236348317831471e+03
4.620000000000000000e+02 8.271520898010812743e+03
4.630000000000000000e+02 8.417732078319253560e+03
4.640000000000000000e+02 8.565885855531509151e+03
4.650000000000000000e+02 8.715998217142359863e+03
4.660000000000000000e+02 8.868085171004273434e+03
4.670000000000000000e+02 9.022162744480638139e+03
4.680000000000000000e+02 9.178246983600985914e+03
4.690000000000000000e+02 9.336353952218336417e+03
4.700000000000000000e+02 9.496499731168738435e+03
4.710000000000000000e+02 9.658700417433188704e+03
4.720000000000000000e+02 9.822972123301908141e+03
4.730000000000000000e+02 9.989330975541148291e+03
4.740000000000000000e+02 1.015779311456258074e+04
4.750000000000000000e+02 1.032837469359540955e+04
4.760000000000000000e+02 1.050109187786123221e+04
4.770000000000000000e+02 1.067596084375177270e+04
4.780000000000000000e+02 1.085299777800957600e+04
4.790000000000000000e+02 1.103221887691174379e+04
4.800000000000000000e+02 1.121364034545678260e+04
4.810000000000000000e+02 1.139727839655462412e+04
4.820000000000000000e+02 1.158314925021999443e+04
4.830000000000000000e+02 1.177126913276905907e+04
4.840000000000000000e+02 1.196165427601958072e+04
4.850000000000000000e+02 1.215432091649450194e+04
4.860000000000000000e+02 1.234928529462918777e+04
4.870000000000000000e+02 1.254656365398226626e+04
4.880000000000000000e+02 1.274617224045020521e+04
4.890000000000000000e+02 1.294812730148569972e+04
4.900000000000000000e+02 1.315244508531987231e+04
4.910000000000000000e+02 1.335914184018844026e+04
4.920000000000000000e+02 1.356823381356184109e+04
4.930000000000000000e+02 1.377973725137940710e+04
4.940000000000000000e+02 1.399366839728765081e+04
4.950000000000000000e+02 1.421004349188271590e+04
4.960000000000000000e+02 1.442887877195705732e+04
4.970000000000000000e+02 1.465019046975039055e+04
4.980000000000000000e+02 1.487399481220497546e+04
4.990000000000000000e+02 1.510030802022529679e+04
5.000000000000000000e+02 1.532914630794217010e+04
5.010000000000000000e+02 1.556052588198134981e+04
5.020000000000000000e+02 1.579446294073666286e+04
5.030000000000000000e+02 1.603097367364773891e+04
5.040000000000000000e+02 1.627007426048234265e+04
5.050000000000000000e+02 1.651178087062343911e+04
5.060000000000000000e+02 1.675610966236089735e+04
5.070000000000000000e+02 1.700307678218803267e+04
5.080000000000000000e+02 1.725269836410289645e+04
5.090000000000000000e+02 1.750499052891442261e+04
5.100000000000000000e+02 1.775996938355345992e+04
5.110000000000000000e+02 1.801765102038870100e+04
5.120000000000000000e+02 1.827805151654756992e+04
5.130000000000000000e+02 1.854118693324212654e+04
5.140000000000000000e+02 1.880707331509987489e+04
5.150000000000000000e+02 1.907572668949978834e+04
5.160000000000000000e+02 1.934716306591327157e+04
5.170000000000000000e+02 1.962139843525027027e+04
5.180000000000000000e+02 1.989844876921055038e+04
5.190000000000000000e+02 2.017833001964010327e+04
5.200000000000000000e+02 2.046105811789273139e+04
5.210000000000000000e+02 2.074664897419688350e+04
5.220000000000000000e+02 2.103511847702769592e+04
5.230000000000000000e+02 2.132648249248426146e+04
5.240000000000000000e+02 2.162075686367224262e+04
5.250000000000000000e+02 2.191795741009173435e+04
5.260000000000000000e+02 2.221809992703044554e+04
5.270000000000000000e+02 2.252120018496223202e+04
5.280000000000000000e+02 2.282727392895094818e+04
5.290000000000000000e+02 2.313633687805969748e+04
5.300000000000000000e+02 2.344840472476547075e+04
5.310000000000000000e+02 2.376349313437911042e+04
5.320000000000000000e+02 2.408161774447073549e+04
5.330000000000000000e+02 2.440279416430057972e+04
5.340000000000000000e+02 2.472703797425526864e+04
5.350000000000000000e+02 2.505436472528947343e+04
5.360000000000000000e+02 2.538478993837303642e+04
5.370000000000000000e+02 2.571832910394365899e+04
5.380000000000000000e+02 2.605499768136481725e+04
5.390000000000000000e+02 2.639481109838939301e+04
5.400000000000000000e+02 2.673778475062857615e+04
5.410000000000000000e+02 2.708393400102638043e+04
5.420000000000000000e+02 2.743327417933954348e+04
5.430000000000000000e+02 2.778582058162297108e+04
5.440000000000000000e+02 2.814158846972061656e+04
5.450000000000000000e+02 2.850059307076186815e+04
5.460000000000000000e+02 2.886284957666339687e+04
5.470000000000000000e+02 2.922837314363650876e+04
5.480000000000000000e+02 2.959717889169999034e+04
5.490000000000000000e+02 2.996928190419834209e+04
5.500000000000000000e+02 3.034469722732559967e+04
5.510000000000000000e+02 3.072343986965455042e+04
5.520000000000000000e+02 3.110552480167146496e+04
5.530000000000000000e+02 3.149096695531618388e+04
5.540000000000000000e+02 3.187978122352782884e+04
5.550000000000000000e+02 3.227198245979578860e+04
5.560000000000000000e+02 3.266758547771623489e+04
5.570000000000000000e+02 3.306660505055409158e+04
5.580000000000000000e+02 3.346905591081028251e+04
5.590000000000000000e+02 3.387495274979461828e+04
5.600000000000000000e+02 3.428431021720386343e+04
5.610000000000000000e+02 3.469714292070529336e+04
5.620000000000000000e+02 3.511346542552569008e+04
5.630000000000000000e+02 3.553329225404555473e+04
5.640000000000000000e+02 3.595663788539884263e+04
5.650000000000000000e+02 3.638351675507784967e+04
5.660000000000000000e+02 3.681394325454365753e+04
5.670000000000000000e+02 3.724793173084170121e+04
5.680000000000000000e+02 3.768549648622265522e+04
5.690000000000000000e+02 3.812665177776876226e+04
5.700000000000000000e+02 3.857141181702521862e+04
5.710000000000000000e+02 3.901979076963695843e+04
5.720000000000000000e+02 3.947180275499064737e+04
5.730000000000000000e+02 3.992746184586177696e+04
5.740000000000000000e+02 4.038678206806715025e+04
5.750000000000000000e+02 4.084977740012240974e+04
5.760000000000000000e+02 4.131646177290476044e+04
5.770000000000000000e+02 4.178684906932083686e+04
5.780000000000000000e+02 4.226095312397974340e+04
5.790000000000000000e+02 4.273878772287114407e+04
5.800000000000000000e+02 4.322036660304838733e+04
5.810000000000000000e+02 4.370570345231686952e+04
5.820000000000000000e+02 4.419481190892720042e+04
5.830000000000000000e+02 4.468770556127362943e+04
5.840000000000000000e+02 4.518439794759727374e+04
5.850000000000000000e+02 4.568490255569445435e+04
5.860000000000000000e+02 4.618923282262992871e+04
5.870000000000000000e+02 4.669740213445504924e+04
5.880000000000000000e+02 4.720942382593083312e+04
5.890000000000000000e+02 4.772531118025595060e+04
5.900000000000000000e+02 4.824507742879960279e+04
5.910000000000000000e+02 4.876873575083904143e+04
5.920000000000000000e+02 4.929629927330217470e+04
5.930000000000000000e+02 4.982778107051479310e+04
5.940000000000000000e+02 5.036319416395253938e+04
5.950000000000000000e+02 5.090255152199773875e+04
5.960000000000000000e+02 5.144586605970085657e+04
5.970000000000000000e+02 5.199315063854657637e+04
5.980000000000000000e+02 5.254441806622475269e+04
5.990000000000000000e+02 5.309968109640574403e+04
6.000000000000000000e+02 5.365895242852053343e+04
6.010000000000000000e+02 5.422224470754536014e+04
6.020000000000000000e+02 5.478957052379086963e+04
6.030000000000000000e+02 5.536094241269586200e+04
6.040000000000000000e+02 5.593637285462554428e+04
6.050000000000000000e+02 5.651587427467418456e+04
6.060000000000000000e+02 5.709945904247213912e+04
6.070000000000000000e+02 5.768713947199763061e+04
6.080000000000000000e+02 5.827892782139250630e+04
6.090000000000000000e+02 5.887483629278254375e+04
6.100000000000000000e+02 5.947487703210220934e+04
6.110000000000000000e+02 6.007906212892340409e+04
6.120000000000000000e+02 6.068740361628885148e+04
6.130000000000000000e+02 6.129991347054941434e+04
6.140000000000000000e+02 6.191660361120583548e+04
6.150000000000000000e+02 6.253748590075460379e+04
6.160000000000000000e+02 6.316257214453789493e+04
6.170000000000000000e+02 6.379187409059783386e+04
6.180000000000000000e+02 6.442540342953460640e+04
6.190000000000000000e+02 6.506317179436895094e+04
6.200000000000000000e+02 6.570519076040830987e+04
6.210000000000000000e+02 6.635147184511748492e+04
6.220000000000000000e+02 6.700202650799266121e+04
6.230000000000000000e+02 6.765686615043999336e+04
6.240000000000000000e+02 6.831600211565777136e+04
6.250000000000000000e+02 6.897944568852240627e+04
6.260000000000000000e+02 6.964720809547866520e+04
6.270000000000000000e+02 7.031930050443332584e+04
6.280000000000000000e+02 7.099573402465281833e+04
6.290000000000000000e+02 7.167651970666476700e+04
6.300000000000000000e+02 7.236166854216302454e+04
6.310000000000000000e+02 7.305119146391651884e+04
6.320000000000000000e+02 7.374509934568191238e+04
6.330000000000000000e+02 7.444340300211973954e+04
6.340000000000000000e+02 7.514611318871426920e+04
6.350000000000000000e+02 7.585324060169693257e+04
6.360000000000000000e+02 7.656479587797322893e+04
6.370000000000000000e+02 7.728078959505335661e+04
6.380000000000000000e+02 7.800123227098623465e+04
6.390000000000000000e+02 7.872613436429694411e+04
6.400000000000000000e+02 7.945550627392770548e+04
6.410000000000000000e+02 8.018935833918231947e+04
6.420000000000000000e+02 8.092770083967370738e+04
6.430000000000000000e+02 8.167054399527529313e+04
6.440000000000000000e+02 8.241789796607515018e+04
6.450000000000000000e+02 8.316977285233393195e+04
6.460000000000000000e+02 8.392617869444575626e+04
6.470000000000000000e+02 8.468712547290243674e+04
6.480000000000000000e+02 8.545262310826094472e+04
6.490000000000000000e+02 8.622268146111392707e+04
6.500000000000000000e+02 8.699731033206349821e+04
6.510000000000000000e+02 8.777651946169821895e+04
6.520000000000000000e+02 8.856031853057282569e+04
6.530000000000000000e+02 8.934871715919136477e+04
6.540000000000000000e+02 9.014172490799319348e+04
6.550000000000000000e+02 9.093935127734206617e+04
6.560000000000000000e+02 9.174160570751805790e+04
6.570000000000000000e+02 9.254849757871251495e+04
6.580000000000000000e+02 9.336003621102593024e+04
6.590000000000000000e+02 9.417623086446867092e+04
6.600000000000000000e+02 9.499709073896457267e+04
6.610000000000000000e+02 9.582262497435728437e+04
6.620000000000000000e+02 9.665284265041952312e+04
6.630000000000000000e+02 9.748775278686509409e+04
6.640000000000000000e+02 9.832736434336342791e+04
6.650000000000000000e+02 9.917168621955718845e+04
6.660000000000000000e+02 1.000207272550821654e+05
6.670000000000000000e+02 1.008744962295902660e+05
6.680000000000000000e+02 1.017330018627746467e+05
6.690000000000000000e+02 1.025962528143977834e+05
6.700000000000000000e+02 1.034642576843220595e+05
6.710000000000000000e+02 1.043370250125426683e+05
6.720000000000000000e+02 1.052145632792233810e+05
6.730000000000000000e+02 1.060968809047344985e+05
6.740000000000000000e+02 1.069839862496933783e+05
6.750000000000000000e+02 1.078758876150074939e+05
6.760000000000000000e+02 1.087725932419196324e+05
6.770000000000000000e+02 1.096741113120557129e+05
6.780000000000000000e+02 1.105804499474748445e+05
6.790000000000000000e+02 1.114916172107217280e+05
6.800000000000000000e+02 1.124076211048813420e+05
6.810000000000000000e+02 1.133284695736358262e+05
6.820000000000000000e+02 1.142541705013238097e+05
6.830000000000000000e+02 1.151847317130017036e+05
6.840000000000000000e+02 1.161201609745073656e+05
6.850000000000000000e+02 1.170604659925257438e+05
6.860000000000000000e+02 1.180056544146569795e+05
6.870000000000000000e+02 1.189557338294860383e+05
6.880000000000000000e+02 1.199107117666552367e+05
6.890000000000000000e+02 1.208705956969380786e+05
6.900000000000000000e+02 1.218353930323154345e+05
6.910000000000000000e+02 1.228051111260538601e+05
6.920000000000000000e+02 1.237797572727855877e+05
6.930000000000000000e+02 1.247593387085908034e+05
6.940000000000000000e+02 1.257438626110814948e+05
6.950000000000000000e+02 1.267333360994875402e+05
6.960000000000000000e+02 1.277277662347444275e+05
6.970000000000000000e+02 1.287271600195831124e+05
6.980000000000000000e+02 1.297315243986212736e+05
6.990000000000000000e+02 1.307408662584568228e+05
7.000000000000000000e+02 1.317551924277629005e+05
7.010000000000000000e+02 1.327745096773848054e+05
7.020000000000000000e+02 1.337988247204385407e+05
7.030000000000000000e+02 1.348281442124111636e+05
7.040000000000000000e+02 1.358624747512627800e+05
7.050000000000000000e+02 1.369018228775300668e+05
7.060000000000000000e+02 1.379461950744317437e+05
7.070000000000000000e+02 1.389955977679754433e+05
7.080000000000000000e+02 1.400500373270661803e+05
7.090000000000000000e+02 1.411095200636164227e+05
7.100000000000000000e+02 1.421740522326577338e+05
7.110000000000000000e+02 1.432436400324540737e+05
7.120000000000000000e+02 1.443182896046162350e+05
7.130000000000000000e+02 1.453980070342179388e+05
7.140000000000000000e+02 1.464827983499139664e+05
7.150000000000000000e+02 1.475726695240584668e+05
7.160000000000000000e+02 1.486676264728259121e+05
7.170000000000000000e+02 1.497676750563328387e+05
7.180000000000000000e+02 1.508728210787609569e+05
7.190000000000000000e+02 1.519830702884818020e+05
7.200000000000000000e+02 1.530984283781827253e+05
7.210000000000000000e+02 1.542189009849939903e+05
7.220000000000000000e+02 1.553444936906172079e+05
7.230000000000000000e+02 1.564752120214554016e+05
7.240000000000000000e+02 1.576110614487439161e+05
7.250000000000000000e+02 1.587520473886821128e+05
7.260000000000000000e+02 1.598981752025678288e+05
7.270000000000000000e+02 1.610494501969312551e+05
7.280000000000000000e+02 1.622058776236709673e+05
7.290000000000000000e+02 1.633674626801909180e+05
7.300000000000000000e+02 1.645342105095385050e+05
7.310000000000000000e+02 1.657061262005436874e+05
7.320000000000000000e+02 1.668832147879592667e+05
7.330000000000000000e+02 1.680654812526023888e+05
7.340000000000000000e+02 1.692529305214967753e+05
7.350000000000000000e+02 1.704455674680161173e+05
7.360000000000000000e+02 1.716433969120286638e+05
7.370000000000000000e+02 1.728464236200424784e+05
7.380000000000000000e+02 1.740546523053520941e+05
7.390000000000000000e+02 1.752680876281855744e+05
7.400000000000000000e+02 1.764867341958529432e+05
7.410000000000000000e+02 1.777105965628956037e+05
7.420000000000000000e+02 1.789396792312361067e+05
7.430000000000000000e+02 1.801739866503293742e+05
7.440000000000000000e+02 1.814135232173145341e+05
7.450000000000000000e+02 1.826582932771676860e+05
7.460000000000000000e+02 1.839083011228553660e+05
7.470000000000000000e+02 1.851635509954891168e+05
7.480000000000000000e+02 1.864240470844802621e+05
7.490000000000000000e+02 1.876897935276963108e+05
7.500000000000000000e+02 1.889607944116175058e+05
7.510000000000000000e+02 1.902370537714942766e+05
7.520000000000000000e+02 1.915185755915053596e+05
7.530000000000000000e+02 1.928053638049169676e+05
7.540000000000000000e+02 1.940974222942420456e+05
7.550000000000000000e+02 1.953947548914010113e+05
7.560000000000000000e+02 1.966973653778822918e+05
7.570000000000000000e+02 1.980052574849044322e+05
7.580000000000000000e+02 1.993184348935778544e+05
7.590000000000000000e+02 2.006369012350679259e+05
7.600000000000000000e+02 2.019606600907589309e+05
7.610000000000000000e+02 2.032897149924172554e+05
7.620000000000000000e+02 2.046240694223567843e+05
7.630000000000000000e+02 2.059637268136038329e+05
7.640000000000000000e+02 2.073086905500629218e+05
7.650000000000000000e+02 2.086589639666832227e+05
7.660000000000000000e+02 2.100145503496250603e+05
7.670000000000000000e+02 2.113754529364277842e+05
7.680000000000000000e+02 2.127416749161769403e+05
7.690000000000000000e+02 2.141132194296731905e+05
7.700000000000000000e+02 2.154900895696005027e+05
7.710000000000000000e+02 2.168722883806958562e+05
7.720000000000000000e+02 2.182598188599185087e+05
7.730000000000000000e+02 2.196526839566201670e+05
7.740000000000000000e+02 2.210508865727157972e+05
7.750000000000000000e+02 2.224544295628538530e+05
7.760000000000000000e+02 2.238633157345880172e+05
7.770000000000000000e+02 2.252775478485487401e+05
7.780000000000000000e+02 2.266971286186150392e+05
7.790000000000000000e+02 2.281220607120869390e+05
7.800000000000000000e+02 2.295523467498582904e+05
7.810000000000000000e+02 2.309879893065893848e+05
7.820000000000000000e+02 2.324289909108804713e+05
7.830000000000000000e+02 2.338753540454454778e+05
7.840000000000000000e+02 2.353270811472853238e+05
7.850000000000000000e+02 2.367841746078626893e+05
7.860000000000000000e+02 2.382466367732759973e+05
7.870000000000000000e+02 2.397144699444342405e+05
7.880000000000000000e+02 2.411876763772317208e+05
7.890000000000000000e+02 2.426662582827233127e+05
7.900000000000000000e+02 2.441502178272995225e+05
7.910000000000000000e+02 2.456395571328623046e+05
7.920000000000000000e+02 2.471342782770004997e+05
7.930000000000000000e+02 2.486343832931660290e+05
7.940000000000000000e+02 2.501398741708495945e+05
7.950000000000000000e+02 2.516507528557571641e+05
7.960000000000000000e+02 2.531670212499861373e+05
7.970000000000000000e+02 2.546886812122020347e+05
7.980000000000000000e+02 2.562157345578152162e+05
7.990000000000000000e+02 2.577481830591571343e+05
8.000000000000000000e+02 2.592860284456577501e+05
8.010000000000000000e+02 2.608292724040222820e+05
8.020000000000000000e+02 2.623779165784082143e+05
8.030000000000000000e+02 2.639319625706023071e+05
8.040000000000000000e+02 2.654914119401981588e+05
8.050000000000000000e+02 2.670562662047730992e+05
8.060000000000000000e+02 2.686265268400656059e+05
8.070000000000000000e+02 2.702021952801529551e+05
8.080000000000000000e+02 2.717832729176277644e+05
8.090000000000000000e+02 2.733697611037766328e+05
8.100000000000000000e+02 2.749616611487561604e+05
8.110000000000000000e+02 2.765589743217717623e+05
8.120000000000000000e+02 2.781617018512537470e+05
8.130000000000000000e+02 2.797698449250358972e+05
8.140000000000000000e+02 2.813834046905320138e+05
8.150000000000000000e+02 2.830023822549137403e+05
8.160000000000000000e+02 2.846267786852874560e+05
8.170000000000000000e+02 2.862565950088722748e+05
8.180000000000000000e+02 2.878918322131762980e+05
8.190000000000000000e+02 2.895324912461744971e+05
8.200000000000000000e+02 2.911785730164857814e+05
8.210000000000000000e+02 2.928300783935492509e+05
8.220000000000000000e+02 2.944870082078021369e+05
8.230000000000000000e+02 2.961493632508560549e+05
8.240000000000000000e+02 2.978171442756734905e+05
8.250000000000000000e+02 2.994903519967453321e+05
8.260000000000000000e+02 3.011689870902664261e+05
8.270000000000000000e+02 3.028530501943123527e+05
8.280000000000000000e+02 3.045425419090159121e+05
8.290000000000000000e+02 3.062374627967426786e+05
8.300000000000000000e+02 3.079378133822676609e+05
8.310000000000000000e+02 3.096435941529505071e+05
8.320000000000000000e+02 3.113548055589116411e+05
8.330000000000000000e+02 3.130714480132072931e+05
8.340000000000000000e+02 3.147935218920055777e+05
8.350000000000000000e+02 3.165210275347606512e+05
8.360000000000000000e+02 3.182539652443886735e+05
8.370000000000000000e+02 3.199923352874419070e+05
8.380000000000000000e+02 3.217361378942838055e+05
8.390000000000000000e+02 3.234853732592627639e+05
8.400000000000000000e+02 3.252400415408869740e+05
8.410000000000000000e+02 3.270001428619982325e+05
8.420000000000000000e+02 3.287656773099452839e+05
8.430000000000000000e+02 3.305366449367579189e+05
8.440000000000000000e+02 3.323130457593200845e+05
8.450000000000000000e+02 3.340948797595422366e+05
8.460000000000000000e+02 3.358821468845355557e+05
8.470000000000000000e+02 3.376748470467833686e+05
8.480000000000000000e+02 3.394729801243139082e+05
8.490000000000000000e+02 3.412765459608723759e+05
8.500000000000000000e+02 3.430855443660924211e+05
8.510000000000000000e+02 3.448999751156684360e+05
8.520000000000000000e+02 3.467198379515258130e+05
8.530000000000000000e+02 3.485451325819927733e+05
8.540000000000000000e+02 3.503758586819705670e+05
8.550000000000000000e+02 3.522120158931040205e+05
8.560000000000000000e+02 3.540536038239516201e+05
8.570000000000000000e+02 3.559006220501554781e+05
8.580000000000000000e+02 3.577530701146107167e+05
8.590000000000000000e+02 3.596109475276347948e+05
8.600000000000000000e+02 3.614742537671360187e+05
8.610000000000000000e+02 3.633429882787827519e+05
8.620000000000000000e+02 3.652171504761711694e+05
8.630000000000000000e+02 3.670967397409934783e+05
8.640000000000000000e+02 3.689817554232051480e+05
8.650000000000000000e+02 3.708721968411931884e+05
8.660000000000000000e+02 3.727680632819414604e+05
8.670000000000000000e+02 3.746693540011988953e+05
8.680000000000000000e+02 3.765760682236446301e+05
8.690000000000000000e+02 3.784882051430547144e+05
8.700000000000000000e+02 3.804057639224671293e+05
8.710000000000000000e+02 3.823287436943472130e+05
8.720000000000000000e+02 3.842571435607521562e+05
8.730000000000000000e+02 3.861909625934964279e+05
8.740000000000000000e+02 3.881301998343146988e+05
8.750000000000000000e+02 3.900748542950264527e+05
8.760000000000000000e+02 3.920249249576989678e+05
8.770000000000000000e+02 3.939804107748104725e+05
8.780000000000000000e+02 3.959413106694126036e+05
8.790000000000000000e+02 3.979076235352929216e+05
8.800000000000000000e+02 3.998793482371364371e+05
8.810000000000000000e+02 4.018564836106871371e+05
8.820000000000000000e+02 4.038390284629095695e+05
8.830000000000000000e+02 4.058269815721486229e+05
8.840000000000000000e+02 4.078203416882905294e+05
8.850000000000000000e+02 4.098191075329224113e+05
8.860000000000000000e+02 4.118232777994921198e+05
8.870000000000000000e+02 4.138328511534664431e+05
8.880000000000000000e+02 4.158478262324909447e+05
8.890000000000000000e+02 4.178682016465473571e+05
8.900000000000000000e+02 4.198939759781117318e+05
8.910000000000000000e+02 4.219251477823116002e+05
8.920000000000000000e+02 4.239617155870834831e+05
8.930000000000000000e+02 4.260036778933291207e+05
8.940000000000000000e+02 4.280510331750716432e+05
8.950000000000000000e+02 4.301037798796111601e+05
8.960000000000000000e+02 4.321619164276804659e+05
8.970000000000000000e+02 4.342254412135995226e+05
8.980000000000000000e+02 4.362943526054304093e+05
8.990000000000000000e+02 4.383686489451302914e+05
9.000000000000000000e+02 4.404483285487063113e+05
9.010000000000000000e+02 4.425333897063679760e+05
9.020000000000000000e+02 4.446238306826796033e+05
9.030000000000000000e+02 4.467196497167131747e+05
9.040000000000000000e+02 4.488208450221999083e+05
9.050000000000000000e+02 4.509274147876815405e+05
9.060000000000000000e+02 4.530393571766611421e+05
9.070000000000000000e+02 4.551566703277538763e+05
9.080000000000000000e+02 4.572793523548365920e+05
9.090000000000000000e+02 4.594074013471978251e+05
9.100000000000000000e+02 4.615408153696868685e+05
9.110000000000000000e+02 4.636795924628617358e+05
9.120000000000000000e+02 4.658237306431381730e+05
9.130000000000000000e+02 4.679732279029370984e+05
9.140000000000000000e+02 4.701280822108316352e+05
9.150000000000000000e+02 4.722882915116942022e+05
9.160000000000000000e+02 4.744538537268426735e+05
9.170000000000000000e+02 4.766247667541863630e+05
9.180000000000000000e+02 4.788010284683716018e+05
9.190000000000000000e+02 4.809826367209260934e+05
9.200000000000000000e+02 4.831695893404041417e+05
9.210000000000000000e+02 4.853618841325298417e+05
9.220000000000000000e+02 4.875595188803416677e+05
9.230000000000000000e+02 4.897624913443343830e+05
9.240000000000000000e+02 4.919707992626023479e+05
9.250000000000000000e+02 4.941844403509813710e+05
9.260000000000000000e+02 4.964034123031907948e+05
9.270000000000000000e+02 4.986277127909737756e+05
9.280000000000000000e+02 5.008573394642389612e+05
9.290000000000000000e+02 5.030922899511998985e+05
9.300000000000000000e+02 5.053325618585151969e+05
9.310000000000000000e+02 5.075781527714277036e+05
9.320000000000000000e+02 5.098290602539033862e+05
9.330000000000000000e+02 5.120852818487692275e+05
9.340000000000000000e+02 5.143468150778515846e+05
9.350000000000000000e+02 5.166136574421131518e+05
9.360000000000000000e+02 5.188858064217899810e+05
9.370000000000000000e+02 5.211632594765277463e+05
9.380000000000000000e+02 5.234460140455173096e+05
9.390000000000000000e+02 5.257340675476311008e+05
9.400000000000000000e+02 5.280274173815569375e+05
9.410000000000000000e+02 5.303260609259334160e+05
9.420000000000000000e+02 5.326299955394824501e+05
9.430000000000000000e+02 5.349392185611447785e+05
9.440000000000000000e+02 5.372537273102110485e+05
9.450000000000000000e+02 5.395735190864551114e+05
9.460000000000000000e+02 5.418985911702665035e+05
9.470000000000000000e+02 5.442289408227805980e+05
9.480000000000000000e+02 5.465645652860114351e+05
9.490000000000000000e+02 5.489054617829803610e+05
9.500000000000000000e+02 5.512516275178476935e+05
9.510000000000000000e+02 5.536030596760414774e+05
9.520000000000000000e+02 5.559597554243863560e+05
9.530000000000000000e+02 5.583217119112326764e+05
9.540000000000000000e+02 5.606889262665845454e+05
9.550000000000000000e+02 5.630613956022271886e+05
9.560000000000000000e+02 5.654391170118540758e+05
9.570000000000000000e+02 5.678220875711941626e+05
9.580000000000000000e+02 5.702103043381369207e+05
9.590000000000000000e+02 5.726037643528587651e+05
9.600000000000000000e+02 5.750024646379480837e+05
9.610000000000000000e+02 5.774064021985309664e+05
9.620000000000000000e+02 5.798155740223923931e+05
9.630000000000000000e+02 5.822299770801032428e+05
9.640000000000000000e+02 5.846496083251422970e+05
9.650000000000000000e+02 5.870744646940180101e+05
9.660000000000000000e+02 5.895045431063921424e+05
9.670000000000000000e+02 5.919398404652009485e+05
9.680000000000000000e+02 5.943803536567763658e+05
9.690000000000000000e+02 5.968260795509667369e+05
9.700000000000000000e+02 5.992770150012579979e+05
9.710000000000000000e+02 6.017331568448917242e+05
9.720000000000000000e+02 6.041945019029864343e+05
9.730000000000000000e+02 6.066610469806548208e+05
9.740000000000000000e+02 6.091327888671233086e+05
9.750000000000000000e+02 6.116097243358491687e+05
9.760000000000000000e+02 6.140918501446382143e+05
9.770000000000000000e+02 6.165791630357614486e+05
9.780000000000000000e+02 6.190716597360720625e+05
9.790000000000000000e+02 6.215693369571208023e+05
9.800000000000000000e+02 6.240721913952714531e+05
9.810000000000000000e+02 6.265802197318160906e+05
9.820000000000000000e+02 6.290934186330897501e+05
9.830000000000000000e+02 6.316117847505834652e+05
9.840000000000000000e+02 6.341353147210592870e+05
9.850000000000000000e+02 6.366640051666621584e+05
9.860000000000000000e+02 6.391978526950323721e+05
9.870000000000000000e+02 6.417368538994193077e+05
9.880000000000000000e+02 6.442810053587906295e+05
9.890000000000000000e+02 6.468303036379456753e+05
9.900000000000000000e+02 6.493847452876245370e+05
9.910000000000000000e+02 6.519443268446192378e+05
9.920000000000000000e+02 6.545090448318828130e+05
9.930000000000000000e+02 6.570788957586385077e+05
9.940000000000000000e+02 6.596538761204897892e+05
9.950000000000000000e+02 6.622339823995262850e+05
9.960000000000000000e+02 6.648192110644341446e+05
9.970000000000000000e+02 6.674095585706017446e+05
9.980000000000000000e+02 6.700050213602270233e+05
9.990000000000000000e+02 6.726055958624241175e+05
