# BB temperature (K); Intensity through filter (ph/s/m^2/mas^2)
1.000000000000000000e+01 0.000000000000000000e+00
1.100000000000000000e+01 0.000000000000000000e+00
1.200000000000000000e+01 0.000000000000000000e+00
1.300000000000000000e+01 0.000000000000000000e+00
1.400000000000000000e+01 0.000000000000000000e+00
1.500000000000000000e+01 0.000000000000000000e+00
1.600000000000000000e+01 0.000000000000000000e+00
1.700000000000000000e+01 0.000000000000000000e+00
1.800000000000000000e+01 0.000000000000000000e+00
1.900000000000000000e+01 0.000000000000000000e+00
2.000000000000000000e+01 0.000000000000000000e+00
2.100000000000000000e+01 1.466051080564077998e-72
2.200000000000000000e+01 5.333470444869254988e-69
2.300000000000000000e+01 9.530481926933917441e-66
2.400000000000000000e+01 9.141595978171654044e-63
2.500000000000000000e+01 5.071344050401558506e-60
2.600000000000000000e+01 1.733120986745808568e-57
2.700000000000000000e+01 3.850273362533320535e-55
2.800000000000000000e+01 5.822762138160032448e-53
2.900000000000000000e+01 6.237344487829475116e-51
3.000000000000000000e+01 4.898490136458894578e-49
3.100000000000000000e+01 2.906338735009195382e-47
3.200000000000000000e+01 1.337376494883672997e-45
3.300000000000000000e+01 4.884334810175208461e-44
3.400000000000000000e+01 1.444921135909346352e-42
3.500000000000000000e+01 3.525353229279939991e-41
3.600000000000000000e+01 7.208485327209867684e-40
3.700000000000000000e+01 1.253081091457682053e-38
3.800000000000000000e+01 1.875710102299945513e-37
3.900000000000000000e+01 2.445635191463344944e-36
4.000000000000000000e+01 2.806381272562398884e-35
4.100000000000000000e+01 2.860768259074275713e-34
4.200000000000000000e+01 2.612558788795991730e-33
4.300000000000000000e+01 2.153884760244434025e-32
4.400000000000000000e+01 1.614267092744472368e-31
4.500000000000000000e+01 1.106827339512392116e-30
4.600000000000000000e+01 6.983153323931046098e-30
4.700000000000000000e+01 4.075606510387653521e-29
4.800000000000000000e+01 2.211118427671763464e-28
4.900000000000000000e+01 1.120079554147038413e-27
5.000000000000000000e+01 5.319685650031912969e-27
5.100000000000000000e+01 2.377752842103471977e-26
5.200000000000000000e+01 1.003709880812871042e-25
5.300000000000000000e+01 4.014330850209892863e-25
5.400000000000000000e+01 1.525739956107832485e-24
5.500000000000000000e+01 5.526050078031088546e-24
5.600000000000000000e+01 1.912205868418031294e-23
5.700000000000000000e+01 6.336948634205037418e-23
5.800000000000000000e+01 2.015672403982186939e-22
5.900000000000000000e+01 6.166757288797159527e-22
6.000000000000000000e+01 1.818166670620397309e-21
6.100000000000000000e+01 5.175329933182338962e-21
6.200000000000000000e+01 1.424645233635326905e-20
6.300000000000000000e+01 3.798654974171061011e-20
6.400000000000000000e+01 9.825494377298972780e-20
6.500000000000000000e+01 2.468809933504175088e-19
6.600000000000000000e+01 6.033927148941656111e-19
6.700000000000000000e+01 1.436243547447816064e-18
6.800000000000000000e+01 3.333317496820452346e-18
6.900000000000000000e+01 7.551296815238920577e-18
7.000000000000000000e+01 1.671518637114200540e-17
7.100000000000000000e+01 3.618837183803524720e-17
7.200000000000000000e+01 7.669990609627265251e-17
7.300000000000000000e+01 1.592819400145281728e-16
7.400000000000000000e+01 3.243707641484076859e-16
7.500000000000000000e+01 6.482743489753490499e-16
7.600000000000000000e+01 1.272443919548732818e-15
7.700000000000000000e+01 2.454625374829713582e-15
7.800000000000000000e+01 4.656794245039927119e-15
7.900000000000000000e+01 8.693968477556898390e-15
8.000000000000000000e+01 1.598227134482631080e-14
8.100000000000000000e+01 2.894648135130736647e-14
8.200000000000000000e+01 5.168032858577654563e-14
8.300000000000000000e+01 9.100201336784028734e-14
8.400000000000000000e+01 1.581198432794994479e-13
8.500000000000000000e+01 2.712281467472902473e-13
8.600000000000000000e+01 4.595048193693140887e-13
8.700000000000000000e+01 7.691965795512406629e-13
8.800000000000000000e+01 1.272779612398572565e-12
8.900000000000000000e+01 2.082602463698886256e-12
9.000000000000000000e+01 3.370994738277278626e-12
9.100000000000000000e+01 5.399610779545989458e-12
9.200000000000000000e+01 8.561837644783789418e-12
9.300000000000000000e+01 1.344351422045242873e-11
9.400000000000000000e+01 2.090908703306838514e-11
9.500000000000000000e+01 3.222279705504893951e-11
9.600000000000000000e+01 4.921770920198797497e-11
9.700000000000000000e+01 7.452955594458572548e-11
9.800000000000000000e+01 1.119177031265208275e-10
9.900000000000000000e+01 1.667023417072598747e-10
1.000000000000000000e+02 2.463556002144326241e-10
1.010000000000000000e+02 3.612950577408501165e-10
1.020000000000000000e+02 5.259415850949837788e-10
1.030000000000000000e+02 7.601200997205550090e-10
1.040000000000000000e+02 1.090902323483950759e-09
1.050000000000000000e+02 1.555015713616838119e-09
1.060000000000000000e+02 2.201973234646514740e-09
1.070000000000000000e+02 3.098115507613488088e-09
1.080000000000000000e+02 4.331801192155275334e-09
1.090000000000000000e+02 6.020034441519351982e-09
1.100000000000000000e+02 8.316881277923448936e-09
1.110000000000000000e+02 1.142410127505110060e-08
1.120000000000000000e+02 1.560450867391429061e-08
1.130000000000000000e+02 2.119867983131220470e-08
1.140000000000000000e+02 2.864574371093746504e-08
1.150000000000000000e+02 3.850913115495092962e-08
1.160000000000000000e+02 5.150831927511725369e-08
1.170000000000000000e+02 6.855779201225718621e-08
1.180000000000000000e+02 9.081464944317926505e-08
1.190000000000000000e+02 1.197365396523452606e-07
1.200000000000000000e+02 1.571518609879502171e-07
1.210000000000000000e+02 2.053444925080872345e-07
1.220000000000000000e+02 2.671556597647722778e-07
1.230000000000000000e+02 3.461059352859712318e-07
1.240000000000000000e+02 4.465408118403564788e-07
1.250000000000000000e+02 5.738037755597281052e-07
1.260000000000000000e+02 7.344413490962761742e-07
1.270000000000000000e+02 9.364451761249182174e-07
1.280000000000000000e+02 1.189536881633066771e-06
1.290000000000000000e+02 1.505502171564407873e-06
1.300000000000000000e+02 1.898581434490895098e-06
1.310000000000000000e+02 2.385924981039297017e-06
1.320000000000000000e+02 2.988122007697018039e-06
1.330000000000000000e+02 3.729813404177420982e-06
1.340000000000000000e+02 4.640399641426345924e-06
1.350000000000000000e+02 5.754856184132835979e-06
1.360000000000000000e+02 7.114670170614398567e-06
1.370000000000000000e+02 8.768913497305527493e-06
1.380000000000000000e+02 1.077546893765955986e-05
1.390000000000000000e+02 1.320242751866295753e-05
1.400000000000000000e+02 1.612967707462536397e-05
1.410000000000000000e+02 1.965070369936610514e-05
1.420000000000000000e+02 2.387462972590915965e-05
1.430000000000000000e+02 2.892851387845636678e-05
1.440000000000000000e+02 3.495994136543687723e-05
1.450000000000000000e+02 4.213993391507224749e-05
1.460000000000000000e+02 5.066621209592215701e-05
1.470000000000000000e+02 6.076684471355297163e-05
1.480000000000000000e+02 7.270432262955951622e-05
1.490000000000000000e+02 8.678009700890034904e-05
1.500000000000000000e+02 1.033396247635650955e-04
1.510000000000000000e+02 1.227779668221349858e-04
1.520000000000000000e+02 1.455459878124092522e-04
1.530000000000000000e+02 1.721572087940077844e-04
1.540000000000000000e+02 2.031953678152100201e-04
1.550000000000000000e+02 2.393227462882082973e-04
1.560000000000000000e+02 2.812893224738607077e-04
1.570000000000000000e+02 3.299428167348018664e-04
1.580000000000000000e+02 3.862396966478143321e-04
1.590000000000000000e+02 4.512572135555494306e-04
1.600000000000000000e+02 5.262065456764466109e-04
1.610000000000000000e+02 6.124471264719990107e-04
1.620000000000000000e+02 7.115022405839256442e-04
1.630000000000000000e+02 8.250759732914292061e-04
1.640000000000000000e+02 9.550716030914529076e-04
1.650000000000000000e+02 1.103611530663022641e-03
1.660000000000000000e+02 1.273058841130663907e-03
1.670000000000000000e+02 1.466040600181355621e-03
1.680000000000000000e+02 1.685472988204234513e-03
1.690000000000000000e+02 1.934588380201783791e-03
1.700000000000000000e+02 2.216964482754937675e-03
1.710000000000000000e+02 2.536555642801539660e-03
1.720000000000000000e+02 2.897726446397326430e-03
1.730000000000000000e+02 3.305287728959912033e-03
1.740000000000000000e+02 3.764535121738690152e-03
1.750000000000000000e+02 4.281290262396045959e-03
1.760000000000000000e+02 4.861944800617399622e-03
1.770000000000000000e+02 5.513507332578671156e-03
1.780000000000000000e+02 6.243653400879617746e-03
1.790000000000000000e+02 7.060778699189826889e-03
1.800000000000000000e+02 7.974055623341273422e-03
1.810000000000000000e+02 8.993493312927581390e-03
1.820000000000000000e+02 1.013000132962627725e-02
1.830000000000000000e+02 1.139545712043732277e-02
1.840000000000000000e+02 1.280277741582095882e-02
1.850000000000000000e+02 1.436599371431170752e-02
1.860000000000000000e+02 1.610033200657606800e-02
1.870000000000000000e+02 1.802229689306171848e-02
1.880000000000000000e+02 2.014976025034895604e-02
1.890000000000000000e+02 2.250205460205475724e-02
1.900000000000000000e+02 2.510007135065045469e-02
1.910000000000000000e+02 2.796636402683052441e-02
1.920000000000000000e+02 3.112525671310743466e-02
1.930000000000000000e+02 3.460295779810292766e-02
1.940000000000000000e+02 3.842767921755418231e-02
1.950000000000000000e+02 4.262976133735417450e-02
1.960000000000000000e+02 4.724180363299280982e-02
1.970000000000000000e+02 5.229880131856278619e-02
1.980000000000000000e+02 5.783828807703425556e-02
1.990000000000000000e+02 6.390048504179082767e-02
2.000000000000000000e+02 7.052845617745255591e-02
2.010000000000000000e+02 7.776827020579034355e-02
2.020000000000000000e+02 8.566916922006455326e-02
2.030000000000000000e+02 9.428374412839657381e-02
2.040000000000000000e+02 1.036681170638115296e-01
2.050000000000000000e+02 1.138821308953740785e-01
2.060000000000000000e+02 1.249895459713820101e-01
2.070000000000000000e+02 1.370582442218849784e-01
2.080000000000000000e+02 1.501604407438712763e-01
2.090000000000000000e+02 1.643729029883057857e-01
2.100000000000000000e+02 1.797771776638243391e-01
2.110000000000000000e+02 1.964598254672961508e-01
2.120000000000000000e+02 2.145126637466562014e-01
2.130000000000000000e+02 2.340330171964042916e-01
2.140000000000000000e+02 2.551239766809571541e-01
2.150000000000000000e+02 2.778946662756496266e-01
2.160000000000000000e+02 3.024605186095992160e-01
2.170000000000000000e+02 3.289435585889036728e-01
2.180000000000000000e+02 3.574726955727234867e-01
2.190000000000000000e+02 3.881840240687339794e-01
2.200000000000000000e+02 4.212211330082106242e-01
2.210000000000000000e+02 4.567354236546597446e-01
2.220000000000000000e+02 4.948864361934181000e-01
2.230000000000000000e+02 5.358421850430464817e-01
2.240000000000000000e+02 5.797795029226207042e-01
2.250000000000000000e+02 6.268843937022251511e-01
2.260000000000000000e+02 6.773523940570305157e-01
2.270000000000000000e+02 7.313889439383721713e-01
2.280000000000000000e+02 7.892097658681829220e-01
2.290000000000000000e+02 8.510412530560170774e-01
2.300000000000000000e+02 9.171208663307517384e-01
2.310000000000000000e+02 9.876975398718227384e-01
2.320000000000000000e+02 1.063032095717647563e+00
2.330000000000000000e+02 1.143397667021608388e+00
2.340000000000000000e+02 1.229080130018706418e+00
2.350000000000000000e+02 1.320378544658743269e+00
2.360000000000000000e+02 1.417605603854609653e+00
2.370000000000000000e+02 1.521088091287028377e+00
2.380000000000000000e+02 1.631167347699896908e+00
2.390000000000000000e+02 1.748199745613160605e+00
2.400000000000000000e+02 1.872557172373064738e+00
2.410000000000000000e+02 2.004627521452515992e+00
2.420000000000000000e+02 2.144815191907290419e+00
2.430000000000000000e+02 2.293541595886873008e+00
2.440000000000000000e+02 2.451245674091843796e+00
2.450000000000000000e+02 2.618384419062979696e+00
2.460000000000000000e+02 2.795433406180499070e+00
2.470000000000000000e+02 2.982887332245363066e+00
2.480000000000000000e+02 3.181260561508036933e+00
2.490000000000000000e+02 3.391087679003751632e+00
2.500000000000000000e+02 3.612924051047135876e+00
2.510000000000000000e+02 3.847346392732887477e+00
2.520000000000000000e+02 4.094953342283304210e+00
2.530000000000000000e+02 4.356366042077560508e+00
2.540000000000000000e+02 4.632228726192016310e+00
2.550000000000000000e+02 4.923209314275286630e+00
2.560000000000000000e+02 5.230000011576398045e+00
2.570000000000000000e+02 5.553317914939259303e+00
2.580000000000000000e+02 5.893905624571471158e+00
2.590000000000000000e+02 6.252531861390782097e+00
2.600000000000000000e+02 6.629992089747686279e+00
2.610000000000000000e+02 7.027109145318205741e+00
2.620000000000000000e+02 7.444733867956519369e+00
2.630000000000000000e+02 7.883745739292959520e+00
2.640000000000000000e+02 8.345053524858913718e+00
2.650000000000000000e+02 8.829595920516377205e+00
2.660000000000000000e+02 9.338342202966344985e+00
2.670000000000000000e+02 9.872292884106736111e+00
2.680000000000000000e+02 1.043248036900745923e+01
2.690000000000000000e+02 1.101996961726708157e+01
2.700000000000000000e+02 1.163585880751280399e+01
2.710000000000000000e+02 1.228128000480285387e+01
2.720000000000000000e+02 1.295739983068783019e+01
2.730000000000000000e+02 1.366542013568553848e+01
2.740000000000000000e+02 1.440657867392146407e+01
2.750000000000000000e+02 1.518214977968563772e+01
2.760000000000000000e+02 1.599344504565448233e+01
2.770000000000000000e+02 1.684181400252527183e+01
2.780000000000000000e+02 1.772864479980914254e+01
2.790000000000000000e+02 1.865536488752789523e+01
2.800000000000000000e+02 1.962344169855853337e+01
2.810000000000000000e+02 2.063438333136927127e+01
2.820000000000000000e+02 2.168973923288985262e+01
2.830000000000000000e+02 2.279110088125874967e+01
2.840000000000000000e+02 2.394010246819001253e+01
2.850000000000000000e+02 2.513842158070203681e+01
2.860000000000000000e+02 2.638777988195127477e+01
2.870000000000000000e+02 2.768994379091388325e+01
2.880000000000000000e+02 2.904672516065920718e+01
2.890000000000000000e+02 3.045998195495940308e+01
2.900000000000000000e+02 3.193161892298082094e+01
2.910000000000000000e+02 3.346358827180340967e+01
2.920000000000000000e+02 3.505789033651590358e+01
2.930000000000000000e+02 3.671657424763598954e+01
2.940000000000000000e+02 3.844173859560582684e+01
2.950000000000000000e+02 4.023553209211554815e+01
2.960000000000000000e+02 4.210015422800862694e+01
2.970000000000000000e+02 4.403785592752538491e+01
2.980000000000000000e+02 4.605094019864299781e+01
2.990000000000000000e+02 4.814176277927229819e+01
3.000000000000000000e+02 5.031273277907448005e+01
3.010000000000000000e+02 5.256631331666306295e+01
3.020000000000000000e+02 5.490502215195919433e+01
3.030000000000000000e+02 5.733143231347116142e+01
3.040000000000000000e+02 5.984817272027190427e+01
3.050000000000000000e+02 6.245792879845094348e+01
3.060000000000000000e+02 6.516344309182098016e+01
3.070000000000000000e+02 6.796751586666188416e+01
3.080000000000000000e+02 7.087300571028838192e+01
3.090000000000000000e+02 7.388283012323131516e+01
3.100000000000000000e+02 7.699996610482571668e+01
3.110000000000000000e+02 8.022745073200205468e+01
3.120000000000000000e+02 8.356838173108188528e+01
3.130000000000000000e+02 8.702591804238127793e+01
3.140000000000000000e+02 9.060328037743049379e+01
3.150000000000000000e+02 9.430375176862177966e+01
3.160000000000000000e+02 9.813067811110110483e+01
3.170000000000000000e+02 1.020874686967234055e+02
3.180000000000000000e+02 1.061775967398958898e+02
3.190000000000000000e+02 1.104045998951370251e+02
3.200000000000000000e+02 1.147720807661834925e+02
3.210000000000000000e+02 1.192837074064818523e+02
3.220000000000000000e+02 1.239432138109057178e+02
3.230000000000000000e+02 1.287544003985432255e+02
3.240000000000000000e+02 1.337211344864044520e+02
3.250000000000000000e+02 1.388473507539029583e+02
3.260000000000000000e+02 1.441370516979687011e+02
3.270000000000000000e+02 1.495943080786568657e+02
3.280000000000000000e+02 1.552232593551174773e+02
3.290000000000000000e+02 1.610281141117995105e+02
3.300000000000000000e+02 1.670131504747645863e+02
3.310000000000000000e+02 1.731827165179910821e+02
3.320000000000000000e+02 1.795412306595540315e+02
3.330000000000000000e+02 1.860931820475706502e+02
3.340000000000000000e+02 1.928431309358057888e+02
3.350000000000000000e+02 1.997957090488354197e+02
3.360000000000000000e+02 2.069556199366728890e+02
3.370000000000000000e+02 2.143276393187642270e+02
3.380000000000000000e+02 2.219166154172664562e+02
3.390000000000000000e+02 2.297274692795249393e+02
3.400000000000000000e+02 2.377651950896703852e+02
3.410000000000000000e+02 2.460348604692642596e+02
3.420000000000000000e+02 2.545416067669189601e+02
3.430000000000000000e+02 2.632906493368312226e+02
3.440000000000000000e+02 2.722872778061655481e+02
3.450000000000000000e+02 2.815368563312324000e+02
3.460000000000000000e+02 2.910448238424087322e+02
3.470000000000000000e+02 3.008166942777533563e+02
3.480000000000000000e+02 3.108580568052736908e+02
3.490000000000000000e+02 3.211745760338045557e+02
3.500000000000000000e+02 3.317719922124645677e+02
3.510000000000000000e+02 3.426561214186588131e+02
3.520000000000000000e+02 3.538328557346017078e+02
3.530000000000000000e+02 3.653081634123379899e+02
3.540000000000000000e+02 3.770880890272429156e+02
3.550000000000000000e+02 3.891787536199857414e+02
3.560000000000000000e+02 4.015863548269506964e+02
3.570000000000000000e+02 4.143171669991048134e+02
3.580000000000000000e+02 4.273775413093097768e+02
3.590000000000000000e+02 4.407739058480843823e+02
3.600000000000000000e+02 4.545127657078154471e+02
3.610000000000000000e+02 4.686007030554321773e+02
3.620000000000000000e+02 4.830443771935527479e+02
3.630000000000000000e+02 4.978505246101207149e+02
3.640000000000000000e+02 5.130259590165504733e+02
3.650000000000000000e+02 5.285775713744061477e+02
3.660000000000000000e+02 5.445123299106380728e+02
3.670000000000000000e+02 5.608372801214097763e+02
3.680000000000000000e+02 5.775595447645467857e+02
3.690000000000000000e+02 5.946863238406456276e+02
3.700000000000000000e+02 6.122248945628811043e+02
3.710000000000000000e+02 6.301826113155560734e+02
3.720000000000000000e+02 6.485669056014407943e+02
3.730000000000000000e+02 6.673852859779481150e+02
3.740000000000000000e+02 6.866453379822003171e+02
3.750000000000000000e+02 7.063547240450400295e+02
3.760000000000000000e+02 7.265211833940435326e+02
3.770000000000000000e+02 7.471525319455995486e+02
3.780000000000000000e+02 7.682566621861141130e+02
3.790000000000000000e+02 7.898415430424073520e+02
3.800000000000000000e+02 8.119152197413759495e+02
3.810000000000000000e+02 8.344858136589845117e+02
3.820000000000000000e+02 8.575615221586687085e+02
3.830000000000000000e+02 8.811506184192159026e+02
3.840000000000000000e+02 9.052614512522148971e+02
3.850000000000000000e+02 9.299024449091409679e+02
3.860000000000000000e+02 9.550820988781707683e+02
3.870000000000000000e+02 9.808089876708068005e+02
3.880000000000000000e+02 1.007091760598400242e+03
3.890000000000000000e+02 1.033939141538660351e+03
3.900000000000000000e+02 1.061359928692241510e+03
3.910000000000000000e+02 1.089362994329506137e+03
3.920000000000000000e+02 1.117957284527549518e+03
3.930000000000000000e+02 1.147151818897589692e+03
3.940000000000000000e+02 1.176955690302821495e+03
3.950000000000000000e+02 1.207378064566829607e+03
3.960000000000000000e+02 1.238428180172668363e+03
3.970000000000000000e+02 1.270115347952707680e+03
3.980000000000000000e+02 1.302448950769352223e+03
3.990000000000000000e+02 1.335438443186735185e+03
4.000000000000000000e+02 1.369093351133504939e+03
4.010000000000000000e+02 1.403423271556800955e+03
4.020000000000000000e+02 1.438437872067536546e+03
4.030000000000000000e+02 1.474146890577099612e+03
4.040000000000000000e+02 1.510560134925579860e+03
4.050000000000000000e+02 1.547687482501641171e+03
4.060000000000000000e+02 1.585538879854149172e+03
4.070000000000000000e+02 1.624124342295672022e+03
4.080000000000000000e+02 1.663453953497972407e+03
4.090000000000000000e+02 1.703537865079601715e+03
4.100000000000000000e+02 1.744386296185725314e+03
4.110000000000000000e+02 1.786009533060285776e+03
4.120000000000000000e+02 1.828417928610630952e+03
4.130000000000000000e+02 1.871621901964730569e+03
4.140000000000000000e+02 1.915631938021088217e+03
4.150000000000000000e+02 1.960458586991490847e+03
4.160000000000000000e+02 2.006112463936693302e+03
4.170000000000000000e+02 2.052604248295186608e+03
4.180000000000000000e+02 2.099944683405149135e+03
4.190000000000000000e+02 2.148144576019721626e+03
4.200000000000000000e+02 2.197214795815717025e+03
4.210000000000000000e+02 2.247166274895898823e+03
4.220000000000000000e+02 2.298010007284944550e+03
4.230000000000000000e+02 2.349757048419224247e+03
4.240000000000000000e+02 2.402418514630511709e+03
4.250000000000000000e+02 2.456005582623764894e+03
4.260000000000000000e+02 2.510529488949083316e+03
4.270000000000000000e+02 2.566001529467980617e+03
4.280000000000000000e+02 2.622433058814099240e+03
4.290000000000000000e+02 2.679835489848467660e+03
4.300000000000000000e+02 2.738220293109463000e+03
4.310000000000000000e+02 2.797598996257568615e+03
4.320000000000000000e+02 2.857983183515066230e+03
4.330000000000000000e+02 2.919384495100796812e+03
4.340000000000000000e+02 2.981814626660084286e+03
4.350000000000000000e+02 3.045285328689982180e+03
4.360000000000000000e+02 3.109808405959932770e+03
4.370000000000000000e+02 3.175395716927991998e+03
4.380000000000000000e+02 3.242059173152716994e+03
4.390000000000000000e+02 3.309810738700849015e+03
4.400000000000000000e+02 3.378662429550928664e+03
4.410000000000000000e+02 3.448626312992926614e+03
4.420000000000000000e+02 3.519714507024057184e+03
4.430000000000000000e+02 3.591939179740860709e+03
4.440000000000000000e+02 3.665312548727682042e+03
4.450000000000000000e+02 3.739846880441680241e+03
4.460000000000000000e+02 3.815554489594467213e+03
4.470000000000000000e+02 3.892447738530507650e+03
4.480000000000000000e+02 3.970539036602389388e+03
4.490000000000000000e+02 4.049840839543086076e+03
4.500000000000000000e+02 4.130365648835326283e+03
4.510000000000000000e+02 4.212126011078186821e+03
4.520000000000000000e+02 4.295134517351020804e+03
4.530000000000000000e+02 4.379403802574835026e+03
4.540000000000000000e+02 4.464946544871234437e+03
4.550000000000000000e+02 4.551775464919043770e+03
4.560000000000000000e+02 4.639903325308719104e+03
4.570000000000000000e+02 4.729342929894652116e+03
4.580000000000000000e+02 4.820107123145480728e+03
4.590000000000000000e+02 4.912208789492550750e+03
4.600000000000000000e+02 5.005660852676540344e+03
4.610000000000000000e+02 5.100476275092488322e+03
4.620000000000000000e+02 5.196668057133219918e+03
4.630000000000000000e+02 5.294249236531327369e+03
4.640000000000000000e+02 5.393232887699809908e+03
4.650000000000000000e+02 5.493632121071465008e+03
4.660000000000000000e+02 5.595460082437125493e+03
4.670000000000000000e+02 5.698729952282878003e+03
4.680000000000000000e+02 5.803454945126323764e+03
4.690000000000000000e+02 5.909648308852009905e+03
4.700000000000000000e+02 6.017323324046107700e+03
4.710000000000000000e+02 6.126493303330462368e+03
4.720000000000000000e+02 6.237171590696089879e+03
4.730000000000000000e+02 6.349371560836218123e+03
4.740000000000000000e+02 6.463106618478988821e+03
4.750000000000000000e+02 6.578390197719873868e+03
4.760000000000000000e+02 6.695235761353943417e+03
4.770000000000000000e+02 6.813656800208052118e+03
4.780000000000000000e+02 6.933666832473026261e+03
4.790000000000000000e+02 7.055279403035973701e+03
4.800000000000000000e+02 7.178508082812763860e+03
4.810000000000000000e+02 7.303366468080812410e+03
4.820000000000000000e+02 7.429868179812197013e+03
4.830000000000000000e+02 7.558026863007261454e+03
4.840000000000000000e+02 7.687856186028720913e+03
4.850000000000000000e+02 7.819369839936410244e+03
4.860000000000000000e+02 7.952581537822711653e+03
4.870000000000000000e+02 8.087505014148776354e+03
4.880000000000000000e+02 8.224154024081613898e+03
4.890000000000000000e+02 8.362542342832082795e+03
4.900000000000000000e+02 8.502683764993947989e+03
4.910000000000000000e+02 8.644592103883998789e+03
4.920000000000000000e+02 8.788281190883337331e+03
4.930000000000000000e+02 8.933764874779919410e+03
4.940000000000000000e+02 9.081057021112430448e+03
4.950000000000000000e+02 9.230171511515472957e+03
4.960000000000000000e+02 9.381122243066331066e+03
4.970000000000000000e+02 9.533923127633137483e+03
4.980000000000000000e+02 9.688588091224750315e+03
4.990000000000000000e+02 9.845131073342205127e+03
5.000000000000000000e+02 1.000356602633197690e+04
5.010000000000000000e+02 1.016390691474095001e+04
5.020000000000000000e+02 1.032616771467334547e+04
5.030000000000000000e+02 1.049036241314949439e+04
5.040000000000000000e+02 1.065650500746665602e+04
5.050000000000000000e+02 1.082460950456183127e+04
5.060000000000000000e+02 1.099468992037672797e+04
5.070000000000000000e+02 1.116676027922488902e+04
5.080000000000000000e+02 1.134083461316099056e+04
5.090000000000000000e+02 1.151692696135251026e+04
5.100000000000000000e+02 1.169505136945366394e+04
5.110000000000000000e+02 1.187522188898174682e+04
5.120000000000000000e+02 1.205745257669595412e+04
5.130000000000000000e+02 1.224175749397866821e+04
5.140000000000000000e+02 1.242815070621928317e+04
5.150000000000000000e+02 1.261664628220068516e+04
5.160000000000000000e+02 1.280725829348831758e+04
5.170000000000000000e+02 1.300000081382199460e+04
5.180000000000000000e+02 1.319488791851041606e+04
5.190000000000000000e+02 1.339193368382852896e+04
5.200000000000000000e+02 1.359115218641766842e+04
5.210000000000000000e+02 1.379255750268860720e+04
5.220000000000000000e+02 1.399616370822755744e+04
5.230000000000000000e+02 1.420198487720507728e+04
5.240000000000000000e+02 1.441003508178805350e+04
5.250000000000000000e+02 1.462032839155467263e+04
5.260000000000000000e+02 1.483287887291251718e+04
5.270000000000000000e+02 1.504770058851980139e+04
5.280000000000000000e+02 1.526480759670972475e+04
5.290000000000000000e+02 1.548421395091805243e+04
5.300000000000000000e+02 1.570593369911396258e+04
5.310000000000000000e+02 1.592998088323410047e+04
5.320000000000000000e+02 1.615636953861999609e+04
5.330000000000000000e+02 1.638511369345878484e+04
5.340000000000000000e+02 1.661622736822732259e+04
5.350000000000000000e+02 1.684972457513967311e+04
5.360000000000000000e+02 1.708561931759805884e+04
5.370000000000000000e+02 1.732392558964724958e+04
5.380000000000000000e+02 1.756465737543244904e+04
5.390000000000000000e+02 1.780782864866068485e+04
5.400000000000000000e+02 1.805345337206578188e+04
5.410000000000000000e+02 1.830154549687683902e+04
5.420000000000000000e+02 1.855211896229036574e+04
5.430000000000000000e+02 1.880518769494599837e+04
5.440000000000000000e+02 1.906076560840583988e+04
5.450000000000000000e+02 1.931886660263756858e+04
5.460000000000000000e+02 1.957950456350103559e+04
5.470000000000000000e+02 1.984269336223878054e+04
5.480000000000000000e+02 2.010844685497015962e+04
5.490000000000000000e+02 2.037677888218923545e+04
5.500000000000000000e+02 2.064770326826639575e+04
5.510000000000000000e+02 2.092123382095385023e+04
5.520000000000000000e+02 2.119738433089484170e+04
5.530000000000000000e+02 2.147616857113671358e+04
5.540000000000000000e+02 2.175760029664776448e+04
5.550000000000000000e+02 2.204169324383801722e+04
5.560000000000000000e+02 2.232846113008377142e+04
5.570000000000000000e+02 2.261791765325610322e+04
5.580000000000000000e+02 2.291007649125317039e+04
5.590000000000000000e+02 2.320495130153648279e+04
5.600000000000000000e+02 2.350255572067104367e+04
5.610000000000000000e+02 2.380290336386942363e+04
5.620000000000000000e+02 2.410600782453977081e+04
5.630000000000000000e+02 2.441188267383772836e+04
5.640000000000000000e+02 2.472054146022232089e+04
5.650000000000000000e+02 2.503199770901581360e+04
5.660000000000000000e+02 2.534626492196748950e+04
5.670000000000000000e+02 2.566335657682143574e+04
5.680000000000000000e+02 2.598328612688825524e+04
5.690000000000000000e+02 2.630606700062082018e+04
5.700000000000000000e+02 2.663171260119398357e+04
5.710000000000000000e+02 2.696023630608823078e+04
5.720000000000000000e+02 2.729165146667742010e+04
5.730000000000000000e+02 2.762597140782041606e+04
5.740000000000000000e+02 2.796320942745681168e+04
5.750000000000000000e+02 2.830337879620658714e+04
5.760000000000000000e+02 2.864649275697378471e+04
5.770000000000000000e+02 2.899256452455422186e+04
5.780000000000000000e+02 2.934160728524714796e+04
5.790000000000000000e+02 2.969363419647092815e+04
5.800000000000000000e+02 3.004865838638277273e+04
5.810000000000000000e+02 3.040669295350238826e+04
5.820000000000000000e+02 3.076775096633966314e+04
5.830000000000000000e+02 3.113184546302638773e+04
5.840000000000000000e+02 3.149898945095188174e+04
5.850000000000000000e+02 3.186919590640270690e+04
5.860000000000000000e+02 3.224247777420627244e+04
5.870000000000000000e+02 3.261884796737852230e+04
5.880000000000000000e+02 3.299831936677551130e+04
5.890000000000000000e+02 3.338090482074899046e+04
5.900000000000000000e+02 3.376661714480596129e+04
5.910000000000000000e+02 3.415546912127222458e+04
5.920000000000000000e+02 3.454747349895979278e+04
5.930000000000000000e+02 3.494264299283833680e+04
5.940000000000000000e+02 3.534099028371053282e+04
5.950000000000000000e+02 3.574252801789136720e+04
5.960000000000000000e+02 3.614726880689132668e+04
5.970000000000000000e+02 3.655522522710354679e+04
5.980000000000000000e+02 3.696640981949486013e+04
5.990000000000000000e+02 3.738083508930071548e+04
6.000000000000000000e+02 3.779851350572400406e+04
6.010000000000000000e+02 3.821945750163778575e+04
6.020000000000000000e+02 3.864367947329188610e+04
6.030000000000000000e+02 3.907119178002326225e+04
6.040000000000000000e+02 3.950200674397039984e+04
6.050000000000000000e+02 3.993613664979130408e+04
6.060000000000000000e+02 4.037359374438555096e+04
6.070000000000000000e+02 4.081439023662005638e+04
6.080000000000000000e+02 4.125853829705851967e+04
6.090000000000000000e+02 4.170605005769491254e+04
6.100000000000000000e+02 4.215693761169056233e+04
6.110000000000000000e+02 4.261121301311501884e+04
6.120000000000000000e+02 4.306888827669072634e+04
6.130000000000000000e+02 4.352997537754141376e+04
6.140000000000000000e+02 4.399448625094420277e+04
6.150000000000000000e+02 4.446243279208535387e+04
6.160000000000000000e+02 4.493382685581988335e+04
6.170000000000000000e+02 4.540868025643467263e+04
6.180000000000000000e+02 4.588700476741537568e+04
6.190000000000000000e+02 4.636881212121684803e+04
6.200000000000000000e+02 4.685411400903738104e+04
6.210000000000000000e+02 4.734292208059638506e+04
6.220000000000000000e+02 4.783524794391579780e+04
6.230000000000000000e+02 4.833110316510503617e+04
6.240000000000000000e+02 4.883049926814945502e+04
6.250000000000000000e+02 4.933344773470247310e+04
6.260000000000000000e+02 4.983996000388127868e+04
6.270000000000000000e+02 5.035004747206570755e+04
6.280000000000000000e+02 5.086372149270123191e+04
6.290000000000000000e+02 5.138099337610475050e+04
6.300000000000000000e+02 5.190187438927446055e+04
6.310000000000000000e+02 5.242637575570274930e+04
6.320000000000000000e+02 5.295450865519274521e+04
6.330000000000000000e+02 5.348628422367819439e+04
6.340000000000000000e+02 5.402171355304682220e+04
6.350000000000000000e+02 5.456080769096695440e+04
6.360000000000000000e+02 5.510357764071757265e+04
6.370000000000000000e+02 5.565003436102178966e+04
6.380000000000000000e+02 5.620018876588348212e+04
6.390000000000000000e+02 5.675405172442734329e+04
6.400000000000000000e+02 5.731163406074223894e+04
6.410000000000000000e+02 5.787294655372772831e+04
6.420000000000000000e+02 5.843799993694400473e+04
6.430000000000000000e+02 5.900680489846482669e+04
6.440000000000000000e+02 5.957937208073394868e+04
6.450000000000000000e+02 6.015571208042448416e+04
6.460000000000000000e+02 6.073583544830161554e+04
6.470000000000000000e+02 6.131975268908837461e+04
6.480000000000000000e+02 6.190747426133460976e+04
6.490000000000000000e+02 6.249901057728902379e+04
6.500000000000000000e+02 6.309437200277425291e+04
6.510000000000000000e+02 6.369356885706524918e+04
6.520000000000000000e+02 6.429661141277042771e+04
6.530000000000000000e+02 6.490350989571600803e+04
6.540000000000000000e+02 6.551427448483337503e+04
6.550000000000000000e+02 6.612891531204940111e+04
6.560000000000000000e+02 6.674744246217969339e+04
6.570000000000000000e+02 6.736986597282494768e+04
6.580000000000000000e+02 6.799619583426993631e+04
6.590000000000000000e+02 6.862644198938591580e+04
6.600000000000000000e+02 6.926061433353535540e+04
6.610000000000000000e+02 6.989872271447991079e+04
6.620000000000000000e+02 7.054077693229111901e+04
6.630000000000000000e+02 7.118678673926403280e+04
6.640000000000000000e+02 7.183676183983343071e+04
6.650000000000000000e+02 7.249071189049308305e+04
6.660000000000000000e+02 7.314864649971765175e+04
6.670000000000000000e+02 7.381057522788734059e+04
6.680000000000000000e+02 7.447650758721531020e+04
6.690000000000000000e+02 7.514645304167782888e+04
6.700000000000000000e+02 7.582042100694695546e+04
6.710000000000000000e+02 7.649842085032611794e+04
6.720000000000000000e+02 7.718046189068813692e+04
6.730000000000000000e+02 7.786655339841607201e+04
6.740000000000000000e+02 7.855670459534636757e+04
6.750000000000000000e+02 7.925092465471498144e+04
6.760000000000000000e+02 7.994922270110572572e+04
6.770000000000000000e+02 8.065160781040137226e+04
6.780000000000000000e+02 8.135808900973721757e+04
6.790000000000000000e+02 8.206867527745690313e+04
6.800000000000000000e+02 8.278337554307132086e+04
6.810000000000000000e+02 8.350219868721927924e+04
6.820000000000000000e+02 8.422515354163110896e+04
6.830000000000000000e+02 8.495224888909446599e+04
6.840000000000000000e+02 8.568349346342243371e+04
6.850000000000000000e+02 8.641889594942443364e+04
6.860000000000000000e+02 8.715846498287888244e+04
6.870000000000000000e+02 8.790220915050874464e+04
6.880000000000000000e+02 8.865013698995902087e+04
6.890000000000000000e+02 8.940225698977666616e+04
6.900000000000000000e+02 9.015857758939292398e+04
6.910000000000000000e+02 9.091910717910758103e+04
6.920000000000000000e+02 9.168385410007578321e+04
6.930000000000000000e+02 9.245282664429693250e+04
6.940000000000000000e+02 9.322603305460567935e+04
6.950000000000000000e+02 9.400348152466522879e+04
6.960000000000000000e+02 9.478518019896281476e+04
6.970000000000000000e+02 9.557113717280713900e+04
6.980000000000000000e+02 9.636136049232815276e+04
6.990000000000000000e+02 9.715585815447871573e+04
7.000000000000000000e+02 9.795463810703837953e+04
7.010000000000000000e+02 9.875770824861945584e+04
7.020000000000000000e+02 9.956507642867467075e+04
7.030000000000000000e+02 1.003767504475073220e+05
7.040000000000000000e+02 1.011927380562829785e+05
7.050000000000000000e+02 1.020130469570435816e+05
7.060000000000000000e+02 1.028376848027231026e+05
7.070000000000000000e+02 1.036666591971654561e+05
7.080000000000000000e+02 1.044999776951441017e+05
7.090000000000000000e+02 1.053376478023836389e+05
7.100000000000000000e+02 1.061796769755832938e+05
7.110000000000000000e+02 1.070260726224422833e+05
7.120000000000000000e+02 1.078768421016868815e+05
7.130000000000000000e+02 1.087319927230994799e+05
7.140000000000000000e+02 1.095915317475492775e+05
7.150000000000000000e+02 1.104554663870248914e+05
7.160000000000000000e+02 1.113238038046686124e+05
7.170000000000000000e+02 1.121965511148126097e+05
7.180000000000000000e+02 1.130737153830165189e+05
7.190000000000000000e+02 1.139553036261070956e+05
7.200000000000000000e+02 1.148413228122192231e+05
7.210000000000000000e+02 1.157317798608389712e+05
7.220000000000000000e+02 1.166266816428478487e+05
7.230000000000000000e+02 1.175260349805691076e+05
7.240000000000000000e+02 1.184298466478154151e+05
7.250000000000000000e+02 1.193381233699381555e+05
7.260000000000000000e+02 1.202508718238783622e+05
7.270000000000000000e+02 1.211680986382192350e+05
7.280000000000000000e+02 1.220898103932399536e+05
7.290000000000000000e+02 1.230160136209715711e+05
7.300000000000000000e+02 1.239467148052536504e+05
7.310000000000000000e+02 1.248819203817930393e+05
7.320000000000000000e+02 1.258216367382237368e+05
7.330000000000000000e+02 1.267658702141684189e+05
7.340000000000000000e+02 1.277146271013012883e+05
7.350000000000000000e+02 1.286679136434122775e+05
7.360000000000000000e+02 1.296257360364729684e+05
7.370000000000000000e+02 1.305881004287033866e+05
7.380000000000000000e+02 1.315550129206407291e+05
7.390000000000000000e+02 1.325264795652089524e+05
7.400000000000000000e+02 1.335025063677899307e+05
7.410000000000000000e+02 1.344830992862959392e+05
7.420000000000000000e+02 1.354682642312435200e+05
7.430000000000000000e+02 1.364580070658282784e+05
7.440000000000000000e+02 1.374523336060012807e+05
7.450000000000000000e+02 1.384512496205465577e+05
7.460000000000000000e+02 1.394547608311599470e+05
7.470000000000000000e+02 1.404628729125290411e+05
7.480000000000000000e+02 1.414755914924143872e+05
7.490000000000000000e+02 1.424929221517317637e+05
7.500000000000000000e+02 1.435148704246359703e+05
7.510000000000000000e+02 1.445414417986052576e+05
7.520000000000000000e+02 1.455726417145272135e+05
7.530000000000000000e+02 1.466084755667859281e+05
7.540000000000000000e+02 1.476489487033498590e+05
7.550000000000000000e+02 1.486940664258609177e+05
7.560000000000000000e+02 1.497438339897250407e+05
7.570000000000000000e+02 1.507982566042029939e+05
7.580000000000000000e+02 1.518573394325031841e+05
7.590000000000000000e+02 1.529210875918748206e+05
7.600000000000000000e+02 1.539895061537020956e+05
7.610000000000000000e+02 1.550626001435997896e+05
7.620000000000000000e+02 1.561403745415098383e+05
7.630000000000000000e+02 1.572228342817982775e+05
7.640000000000000000e+02 1.583099842533537594e+05
7.650000000000000000e+02 1.594018292996866221e+05
7.660000000000000000e+02 1.604983742190292978e+05
7.670000000000000000e+02 1.615996237644373032e+05
7.680000000000000000e+02 1.627055826438911026e+05
7.690000000000000000e+02 1.638162555203990778e+05
7.700000000000000000e+02 1.649316470121012826e+05
7.710000000000000000e+02 1.660517616923739843e+05
7.720000000000000000e+02 1.671766040899351938e+05
7.730000000000000000e+02 1.683061786889507202e+05
7.740000000000000000e+02 1.694404899291416514e+05
7.750000000000000000e+02 1.705795422058918048e+05
7.760000000000000000e+02 1.717233398703566054e+05
7.770000000000000000e+02 1.728718872295727779e+05
7.780000000000000000e+02 1.740251885465681262e+05
7.790000000000000000e+02 1.751832480404728558e+05
7.800000000000000000e+02 1.763460698866310995e+05
7.810000000000000000e+02 1.775136582167134911e+05
7.820000000000000000e+02 1.786860171188301756e+05
7.830000000000000000e+02 1.798631506376448087e+05
7.840000000000000000e+02 1.810450627744890226e+05
7.850000000000000000e+02 1.822317574874775310e+05
7.860000000000000000e+02 1.834232386916242249e+05
7.870000000000000000e+02 1.846195102589585294e+05
7.880000000000000000e+02 1.858205760186427797e+05
7.890000000000000000e+02 1.870264397570896836e+05
7.900000000000000000e+02 1.882371052180810366e+05
7.910000000000000000e+02 1.894525761028864945e+05
7.920000000000000000e+02 1.906728560703834228e+05
7.930000000000000000e+02 1.918979487371767755e+05
7.940000000000000000e+02 1.931278576777201961e+05
7.950000000000000000e+02 1.943625864244370023e+05
7.960000000000000000e+02 1.956021384678422764e+05
7.970000000000000000e+02 1.968465172566649562e+05
7.980000000000000000e+02 1.980957261979710893e+05
7.990000000000000000e+02 1.993497686572870298e+05
8.000000000000000000e+02 2.006086479587232170e+05
8.010000000000000000e+02 2.018723673850991472e+05
8.020000000000000000e+02 2.031409301780675305e+05
8.030000000000000000e+02 2.044143395382400486e+05
8.040000000000000000e+02 2.056925986253132869e+05
8.050000000000000000e+02 2.069757105581944925e+05
8.060000000000000000e+02 2.082636784151288739e+05
8.070000000000000000e+02 2.095565052338261739e+05
8.080000000000000000e+02 2.108541940115886100e+05
8.090000000000000000e+02 2.121567477054384944e+05
8.100000000000000000e+02 2.134641692322469316e+05
8.110000000000000000e+02 2.147764614688621368e+05
8.120000000000000000e+02 2.160936272522387735e+05
8.130000000000000000e+02 2.174156693795673200e+05
8.140000000000000000e+02 2.187425906084040180e+05
8.150000000000000000e+02 2.200743936568008503e+05
8.160000000000000000e+02 2.214110812034362170e+05
8.170000000000000000e+02 2.227526558877455827e+05
8.180000000000000000e+02 2.240991203100527637e+05
8.190000000000000000e+02 2.254504770317013899e+05
8.200000000000000000e+02 2.268067285751864256e+05
8.210000000000000000e+02 2.281678774242867366e+05
8.220000000000000000e+02 2.295339260241966986e+05
8.230000000000000000e+02 2.309048767816593754e+05
8.240000000000000000e+02 2.322807320650990878e+05
8.250000000000000000e+02 2.336614942047547374e+05
8.260000000000000000e+02 2.350471654928129865e+05
8.270000000000000000e+02 2.364377481835419021e+05
8.280000000000000000e+02 2.378332444934248924e+05
8.290000000000000000e+02 2.392336566012945841e+05
8.300000000000000000e+02 2.406389866484673694e+05
8.310000000000000000e+02 2.420492367388774874e+05
8.320000000000000000e+02 2.434644089392120368e+05
8.330000000000000000e+02 2.448845052790456684e+05
8.340000000000000000e+02 2.463095277509757434e+05
8.350000000000000000e+02 2.477394783107571420e+05
8.360000000000000000e+02 2.491743588774382661e+05
8.370000000000000000e+02 2.506141713334961678e+05
8.380000000000000000e+02 2.520589175249722321e+05
8.390000000000000000e+02 2.535085992616081203e+05
8.400000000000000000e+02 2.549632183169816271e+05
8.410000000000000000e+02 2.564227764286428865e+05
8.420000000000000000e+02 2.578872752982504608e+05
8.430000000000000000e+02 2.593567165917075763e+05
8.440000000000000000e+02 2.608311019392988819e+05
8.450000000000000000e+02 2.623104329358264222e+05
8.460000000000000000e+02 2.637947111407468328e+05
8.470000000000000000e+02 2.652839380783076631e+05
8.480000000000000000e+02 2.667781152376840473e+05
8.490000000000000000e+02 2.682772440731159877e+05
8.500000000000000000e+02 2.697813260040447931e+05
8.510000000000000000e+02 2.712903624152503326e+05
8.520000000000000000e+02 2.728043546569878818e+05
8.530000000000000000e+02 2.743233040451250272e+05
8.540000000000000000e+02 2.758472118612792692e+05
8.550000000000000000e+02 2.773760793529545190e+05
8.560000000000000000e+02 2.789099077336788177e+05
8.570000000000000000e+02 2.804486981831408339e+05
8.580000000000000000e+02 2.819924518473277567e+05
8.590000000000000000e+02 2.835411698386619100e+05
8.600000000000000000e+02 2.850948532361380057e+05
8.610000000000000000e+02 2.866535030854605720e+05
8.620000000000000000e+02 2.882171203991812072e+05
8.630000000000000000e+02 2.897857061568350182e+05
8.640000000000000000e+02 2.913592613050783402e+05
8.650000000000000000e+02 2.929377867578258156e+05
8.660000000000000000e+02 2.945212833963871235e+05
8.670000000000000000e+02 2.961097520696045249e+05
8.680000000000000000e+02 2.977031935939885443e+05
8.690000000000000000e+02 2.993016087538567954e+05
8.700000000000000000e+02 3.009049983014694881e+05
8.710000000000000000e+02 3.025133629571661586e+05
8.720000000000000000e+02 3.041267034095031559e+05
8.730000000000000000e+02 3.057450203153899638e+05
8.740000000000000000e+02 3.073683143002255820e+05
8.750000000000000000e+02 3.089965859580351971e+05
8.760000000000000000e+02 3.106298358516063308e+05
8.770000000000000000e+02 3.122680645126258023e+05
8.780000000000000000e+02 3.139112724418151192e+05
8.790000000000000000e+02 3.155594601090670330e+05
8.800000000000000000e+02 3.172126279535816284e+05
8.810000000000000000e+02 3.188707763840017142e+05
8.820000000000000000e+02 3.205339057785493205e+05
8.830000000000000000e+02 3.222020164851605659e+05
8.840000000000000000e+02 3.238751088216218632e+05
8.850000000000000000e+02 3.255531830757050775e+05
8.860000000000000000e+02 3.272362395053019864e+05
8.870000000000000000e+02 3.289242783385613584e+05
8.880000000000000000e+02 3.306172997740215505e+05
8.890000000000000000e+02 3.323153039807472378e+05
8.900000000000000000e+02 3.340182910984629416e+05
8.910000000000000000e+02 3.357262612376882462e+05
8.920000000000000000e+02 3.374392144798717927e+05
8.930000000000000000e+02 3.391571508775253315e+05
8.940000000000000000e+02 3.408800704543582979e+05
8.950000000000000000e+02 3.426079732054111082e+05
8.960000000000000000e+02 3.443408590971893282e+05
8.970000000000000000e+02 3.460787280677970848e+05
8.980000000000000000e+02 3.478215800270695472e+05
8.990000000000000000e+02 3.495694148567076190e+05
9.000000000000000000e+02 3.513222324104093714e+05
9.010000000000000000e+02 3.530800325140040368e+05
9.020000000000000000e+02 3.548428149655835587e+05
9.030000000000000000e+02 3.566105795356356539e+05
9.040000000000000000e+02 3.583833259671753622e+05
9.050000000000000000e+02 3.601610539758777013e+05
9.060000000000000000e+02 3.619437632502089255e+05
9.070000000000000000e+02 3.637314534515579580e+05
9.080000000000000000e+02 3.655241242143679992e+05
9.090000000000000000e+02 3.673217751462674350e+05
9.100000000000000000e+02 3.691244058282010374e+05
9.110000000000000000e+02 3.709320158145598834e+05
9.120000000000000000e+02 3.727446046333123813e+05
9.130000000000000000e+02 3.745621717861343641e+05
9.140000000000000000e+02 3.763847167485385435e+05
9.150000000000000000e+02 3.782122389700050699e+05
9.160000000000000000e+02 3.800447378741099383e+05
9.170000000000000000e+02 3.818822128586553154e+05
9.180000000000000000e+02 3.837246632957973634e+05
9.190000000000000000e+02 3.855720885321759852e+05
9.200000000000000000e+02 3.874244878890426480e+05
9.210000000000000000e+02 3.892818606623885571e+05
9.220000000000000000e+02 3.911442061230731779e+05
9.230000000000000000e+02 3.930115235169513617e+05
9.240000000000000000e+02 3.948838120650012279e+05
9.250000000000000000e+02 3.967610709634505329e+05
9.260000000000000000e+02 3.986432993839047267e+05
9.270000000000000000e+02 4.005304964734726236e+05
9.280000000000000000e+02 4.024226613548930036e+05
9.290000000000000000e+02 4.043197931266612140e+05
9.300000000000000000e+02 4.062218908631540835e+05
9.310000000000000000e+02 4.081289536147561157e+05
9.320000000000000000e+02 4.100409804079844616e+05
9.330000000000000000e+02 4.119579702456140658e+05
9.340000000000000000e+02 4.138799221068021143e+05
9.350000000000000000e+02 4.158068349472124246e+05
9.360000000000000000e+02 4.177387076991397189e+05
9.370000000000000000e+02 4.196755392716335482e+05
9.380000000000000000e+02 4.216173285506214015e+05
9.390000000000000000e+02 4.235640743990318151e+05
9.400000000000000000e+02 4.255157756569184130e+05
9.410000000000000000e+02 4.274724311415809207e+05
9.420000000000000000e+02 4.294340396476889728e+05
9.430000000000000000e+02 4.314005999474027776e+05
9.440000000000000000e+02 4.333721107904960518e+05
9.450000000000000000e+02 4.353485709044766845e+05
9.460000000000000000e+02 4.373299789947080426e+05
9.470000000000000000e+02 4.393163337445296347e+05
9.480000000000000000e+02 4.413076338153778925e+05
9.490000000000000000e+02 4.433038778469062527e+05
9.500000000000000000e+02 4.453050644571045414e+05
9.510000000000000000e+02 4.473111922424192890e+05
9.520000000000000000e+02 4.493222597778722993e+05
9.530000000000000000e+02 4.513382656171801500e+05
9.540000000000000000e+02 4.533592082928719465e+05
9.550000000000000000e+02 4.553850863164085313e+05
9.560000000000000000e+02 4.574158981782997143e+05
9.570000000000000000e+02 4.594516423482223763e+05
9.580000000000000000e+02 4.614923172751372331e+05
9.590000000000000000e+02 4.635379213874065899e+05
9.600000000000000000e+02 4.655884530929100001e+05
9.610000000000000000e+02 4.676439107791612623e+05
9.620000000000000000e+02 4.697042928134243120e+05
9.630000000000000000e+02 4.717695975428286474e+05
9.640000000000000000e+02 4.738398232944850461e+05
9.650000000000000000e+02 4.759149683755998267e+05
9.660000000000000000e+02 4.779950310735903913e+05
9.670000000000000000e+02 4.800800096561988466e+05
9.680000000000000000e+02 4.821699023716063239e+05
9.690000000000000000e+02 4.842647074485465419e+05
9.700000000000000000e+02 4.863644230964190792e+05
9.710000000000000000e+02 4.884690475054025301e+05
9.720000000000000000e+02 4.905785788465666119e+05
9.730000000000000000e+02 4.926930152719852631e+05
9.740000000000000000e+02 4.948123549148477614e+05
9.750000000000000000e+02 4.969365958895709482e+05
9.760000000000000000e+02 4.990657362919101142e+05
9.770000000000000000e+02 5.011997741990700597e+05
9.780000000000000000e+02 5.033387076698155724e+05
9.790000000000000000e+02 5.054825347445820807e+05
9.800000000000000000e+02 5.076312534455844434e+05
9.810000000000000000e+02 5.097848617769278935e+05
9.820000000000000000e+02 5.119433577247164794e+05
9.830000000000000000e+02 5.141067392571614473e+05
9.840000000000000000e+02 5.162750043246906716e+05
9.850000000000000000e+02 5.184481508600563975e+05
9.860000000000000000e+02 5.206261767784427502e+05
9.870000000000000000e+02 5.228090799775737105e+05
9.880000000000000000e+02 5.249968583378196927e+05
9.890000000000000000e+02 5.271895097223046469e+05
9.900000000000000000e+02 5.293870319770120550e+05
9.910000000000000000e+02 5.315894229308915092e+05
9.920000000000000000e+02 5.337966803959641838e+05
9.930000000000000000e+02 5.360088021674276097e+05
9.940000000000000000e+02 5.382257860237616114e+05
9.950000000000000000e+02 5.404476297268321505e+05
9.960000000000000000e+02 5.426743310219959822e+05
9.970000000000000000e+02 5.449058876382044982e+05
9.980000000000000000e+02 5.471422972881074529e+05
9.990000000000000000e+02 5.493835576681556413e+05
