# BB temperature (K); Intensity through filter (ph/s/m^2/mas^2)
1.000000000000000000e+01 0.000000000000000000e+00
1.100000000000000000e+01 0.000000000000000000e+00
1.200000000000000000e+01 0.000000000000000000e+00
1.300000000000000000e+01 0.000000000000000000e+00
1.400000000000000000e+01 0.000000000000000000e+00
1.500000000000000000e+01 0.000000000000000000e+00
1.600000000000000000e+01 0.000000000000000000e+00
1.700000000000000000e+01 0.000000000000000000e+00
1.800000000000000000e+01 0.000000000000000000e+00
1.900000000000000000e+01 0.000000000000000000e+00
2.000000000000000000e+01 0.000000000000000000e+00
2.100000000000000000e+01 4.160636972066197573e-62
2.200000000000000000e+01 4.999878080654271332e-59
2.300000000000000000e+01 3.249799864117591284e-56
2.400000000000000000e+01 1.233603536733305631e-53
2.500000000000000000e+01 2.916835738065129477e-51
2.600000000000000000e+01 4.536877387805957969e-49
2.700000000000000000e+01 4.862892167505310199e-47
2.800000000000000000e+01 3.737895546313513256e-45
2.900000000000000000e+01 2.132417114997631996e-43
3.000000000000000000e+01 9.301642366482374341e-42
3.100000000000000000e+01 3.183849073138874313e-40
3.200000000000000000e+01 8.747959822369634470e-39
3.300000000000000000e+01 1.968271280313948469e-37
3.400000000000000000e+01 3.690890269985570337e-36
3.500000000000000000e+01 5.858906633721411252e-35
3.600000000000000000e+01 7.982902866387502134e-34
3.700000000000000000e+01 9.452209056103396236e-33
3.800000000000000000e+01 9.834192458838031816e-32
3.900000000000000000e+01 9.080073879197244920e-31
4.000000000000000000e+01 7.507008683990843716e-30
4.100000000000000000e+01 5.602405805230528594e-29
4.200000000000000000e+01 3.801738725174899846e-28
4.300000000000000000e+01 2.361377421535135128e-27
4.400000000000000000e+01 1.350635754845596358e-26
4.500000000000000000e+01 7.152912461210427678e-26
4.600000000000000000e+01 3.525125912970350966e-25
4.700000000000000000e+01 1.624066189071410893e-24
4.800000000000000000e+01 7.024166993669846652e-24
4.900000000000000000e+01 2.863016262724542717e-23
5.000000000000000000e+01 1.103653261313139163e-22
5.100000000000000000e+01 4.036849075319667477e-22
5.200000000000000000e+01 1.405288183088456732e-21
5.300000000000000000e+01 4.668898132991854980e-21
5.400000000000000000e+01 1.484269922847829712e-20
5.500000000000000000e+01 4.525875801528617252e-20
5.600000000000000000e+01 1.326633911111602179e-19
5.700000000000000000e+01 3.745915168908642468e-19
5.800000000000000000e+01 1.020847496185201080e-18
5.900000000000000000e+01 2.689929375420250182e-18
6.000000000000000000e+01 6.864785482440258245e-18
6.100000000000000000e+01 1.699418796133399943e-17
6.200000000000000000e+01 4.086943206232110132e-17
6.300000000000000000e+01 9.561334320552658016e-17
6.400000000000000000e+01 2.178812439838363439e-16
6.500000000000000000e+01 4.842035444298406358e-16
6.600000000000000000e+01 1.050597603091972061e-15
6.700000000000000000e+01 2.227969805546431158e-15
6.800000000000000000e+01 4.622570287840702753e-15
6.900000000000000000e+01 9.392272064089107336e-15
7.000000000000000000e+01 1.870504830893019734e-14
7.100000000000000000e+01 3.654385147143426639e-14
7.200000000000000000e+01 7.009436138782694052e-14
7.300000000000000000e+01 1.320967643397462254e-13
7.400000000000000000e+01 2.447659530446241993e-13
7.500000000000000000e+01 4.462235583874182179e-13
7.600000000000000000e+01 8.008924216388204652e-13
7.700000000000000000e+01 1.416052074942644633e-12
7.800000000000000000e+01 2.467841695922517664e-12
7.900000000000000000e+01 4.241558550847883073e-12
8.000000000000000000e+01 7.193313104192935252e-12
8.100000000000000000e+01 1.204320070180746135e-11
8.200000000000000000e+01 1.991443794494123170e-11
8.300000000000000000e+01 3.253877986979329138e-11
8.400000000000000000e+01 5.255647759251003431e-11
8.500000000000000000e+01 8.394967822110970736e-11
8.600000000000000000e+01 1.326622846048905417e-10
8.700000000000000000e+01 2.074778364805731257e-10
8.800000000000000000e+01 3.212511113451113100e-10
8.900000000000000000e+01 4.926202805746548900e-10
9.000000000000000000e+01 7.483662801989560088e-10
9.100000000000000000e+01 1.126636568965652594e-09
9.200000000000000000e+01 1.681314007299990595e-09
9.300000000000000000e+01 2.487890954275831904e-09
9.400000000000000000e+01 3.651307038108775116e-09
9.500000000000000000e+01 5.316330079877239706e-09
9.600000000000000000e+01 7.681207529732457269e-09
9.700000000000000000e+01 1.101549525624394762e-08
9.800000000000000000e+01 1.568318695167780162e-08
9.900000000000000000e+01 2.217252674220224110e-08
1.000000000000000000e+02 3.113419643714543459e-08
1.010000000000000000e+02 4.342993450367923294e-08
1.020000000000000000e+02 6.019407428930027161e-08
1.030000000000000000e+02 8.291099290713623915e-08
1.040000000000000000e+02 1.135120489171691477e-07
1.050000000000000000e+02 1.544962665352652074e-07
1.060000000000000000e+02 2.090798073045333633e-07
1.070000000000000000e+02 2.813801683320605492e-07
1.080000000000000000e+02 3.766420712904630144e-07
1.090000000000000000e+02 5.015131709201957425e-07
1.100000000000000000e+02 6.643790287475350494e-07
1.110000000000000000e+02 8.757682805766066350e-07
1.120000000000000000e+02 1.148840588782736977e-06
1.130000000000000000e+02 1.499971826538454090e-06
1.140000000000000000e+02 1.949453005001862862e-06
1.150000000000000000e+02 2.522321740390970141e-06
1.160000000000000000e+02 3.249347579885138705e-06
1.170000000000000000e+02 4.168195277370686905e-06
1.180000000000000000e+02 5.324793145795574264e-06
1.190000000000000000e+02 6.774936925482250729e-06
1.200000000000000000e+02 8.586163209748437364e-06
1.210000000000000000e+02 1.083993037246652947e-05
1.220000000000000000e+02 1.363414915776568301e-05
1.230000000000000000e+02 1.708610962997636712e-05
1.240000000000000000e+02 2.133585605105072633e-05
1.250000000000000000e+02 2.655006646074388552e-05
1.260000000000000000e+02 3.292649928813239351e-05
1.270000000000000000e+02 4.069907522643044967e-05
1.280000000000000000e+02 5.014366885982030362e-05
1.290000000000000000e+02 6.158469114275379869e-05
1.300000000000000000e+02 7.540255079876185954e-05
1.310000000000000000e+02 9.204209002526320170e-05
1.320000000000000000e+02 1.120220975593302085e-04
1.330000000000000000e+02 1.359460101710555828e-04
1.340000000000000000e+02 1.645139219983021163e-04
1.350000000000000000e+02 1.985360298094292555e-04
1.360000000000000000e+02 2.389476512673220144e-04
1.370000000000000000e+02 2.868259625549025838e-04
1.380000000000000000e+02 3.434086112935316520e-04
1.390000000000000000e+02 4.101143705236051217e-04
1.400000000000000000e+02 4.885660096015725321e-04
1.410000000000000000e+02 5.806155681781055133e-04
1.420000000000000000e+02 6.883722299349513164e-04
1.430000000000000000e+02 8.142330034481848073e-04
1.440000000000000000e+02 9.609164283865482669e-04
1.450000000000000000e+02 1.131499536217280433e-03
1.460000000000000000e+02 1.329458305648851006e-03
1.470000000000000000e+02 1.558711864159553328e-03
1.480000000000000000e+02 1.823670698111159701e-03
1.490000000000000000e+02 2.129289145094865731e-03
1.500000000000000000e+02 2.481122453268849639e-03
1.510000000000000000e+02 2.885388703488410336e-03
1.520000000000000000e+02 3.349035900965816916e-03
1.530000000000000000e+02 3.879814553992230654e-03
1.540000000000000000e+02 4.486356067872525680e-03
1.550000000000000000e+02 5.178257292629779261e-03
1.560000000000000000e+02 5.966171573193648943e-03
1.570000000000000000e+02 6.861906660660320803e-03
1.580000000000000000e+02 7.878529852765570399e-03
1.590000000000000000e+02 9.030480740912517554e-03
1.600000000000000000e+02 1.033369194990645459e-02
1.610000000000000000e+02 1.180571826493908433e-02
1.620000000000000000e+02 1.346587454829872681e-02
1.630000000000000000e+02 1.533538285573212215e-02
1.640000000000000000e+02 1.743752916931595384e-02
1.650000000000000000e+02 1.979783017008202375e-02
1.660000000000000000e+02 2.244421047945436773e-02
1.670000000000000000e+02 2.540719080376855135e-02
1.680000000000000000e+02 2.872008742073364762e-02
1.690000000000000000e+02 3.241922345063705246e-02
1.700000000000000000e+02 3.654415235836457748e-02
1.710000000000000000e+02 4.113789413489134933e-02
1.720000000000000000e+02 4.624718460877428466e-02
1.730000000000000000e+02 5.192273833933087890e-02
1.740000000000000000e+02 5.821952554360448201e-02
1.750000000000000000e+02 6.519706350888426760e-02
1.760000000000000000e+02 7.291972294145608602e-02
1.770000000000000000e+02 8.145704970040085202e-02
1.780000000000000000e+02 9.088410236262482733e-02
1.790000000000000000e+02 1.012818060618959626e-01
1.800000000000000000e+02 1.127373230404691701e-01
1.810000000000000000e+02 1.253444403469154145e-01
1.820000000000000000e+02 1.392039751080171583e-01
1.830000000000000000e+02 1.544241977960744971e-01
1.840000000000000000e+02 1.711212739056670040e-01
1.850000000000000000e+02 1.894197244458686868e-01
1.860000000000000000e+02 2.094529056451010229e-01
1.870000000000000000e+02 2.313635082562636169e-01
1.880000000000000000e+02 2.553040768395008486e-01
1.890000000000000000e+02 2.814375493889723079e-01
1.900000000000000000e+02 3.099378176583018618e-01
1.910000000000000000e+02 3.409903085270051259e-01
1.920000000000000000e+02 3.747925867371565967e-01
1.930000000000000000e+02 4.115549793158835845e-01
1.940000000000000000e+02 4.515012219849598996e-01
1.950000000000000000e+02 4.948691278438842045e-01
1.960000000000000000e+02 5.419112785973410062e-01
1.970000000000000000e+02 5.928957385819150216e-01
1.980000000000000000e+02 6.481067918303777819e-01
1.990000000000000000e+02 7.078457023948232507e-01
2.000000000000000000e+02 7.724314981323742169e-01
2.010000000000000000e+02 8.422017781392553415e-01
2.020000000000000000e+02 9.175135440006093601e-01
2.030000000000000000e+02 9.987440550046887688e-01
2.040000000000000000e+02 1.086291707450916855e+00
2.050000000000000000e+02 1.180576938161871592e+00
2.060000000000000000e+02 1.282043152289483956e+00
2.070000000000000000e+02 1.391157675485760636e+00
2.080000000000000000e+02 1.508412730488043474e+00
2.090000000000000000e+02 1.634326438148429927e+00
2.100000000000000000e+02 1.769443842916305520e+00
2.110000000000000000e+02 1.914337962762198364e+00
2.120000000000000000e+02 2.069610863510280563e+00
2.130000000000000000e+02 2.235894757525881182e+00
2.140000000000000000e+02 2.413853126683377148e+00
2.150000000000000000e+02 2.604181869518777503e+00
2.160000000000000000e+02 2.807610472450300598e+00
2.170000000000000000e+02 3.024903204929282108e+00
2.180000000000000000e+02 3.256860338362778773e+00
2.190000000000000000e+02 3.504319388628442500e+00
2.200000000000000000e+02 3.768156381981556002e+00
2.210000000000000000e+02 4.049287144133483451e+00
2.220000000000000000e+02 4.348668612260487620e+00
2.230000000000000000e+02 4.667300169681654509e+00
2.240000000000000000e+02 5.006225002924649559e+00
2.250000000000000000e+02 5.366531480878449223e+00
2.260000000000000000e+02 5.749354555712597126e+00
2.270000000000000000e+02 6.155877185223494585e+00
2.280000000000000000e+02 6.587331776249390813e+00
2.290000000000000000e+02 7.045001648777198255e+00
2.300000000000000000e+02 7.530222520346160131e+00
2.310000000000000000e+02 8.044384010335670965e+00
2.320000000000000000e+02 8.588931163707069771e+00
2.330000000000000000e+02 9.165365993752439877e+00
2.340000000000000000e+02 9.775249043386706305e+00
2.350000000000000000e+02 1.042020096450351474e+01
2.360000000000000000e+02 1.110190411489942264e+01
2.370000000000000000e+02 1.182210417225608801e+01
2.380000000000000000e+02 1.258261176465524755e+01
2.390000000000000000e+02 1.338530411708720003e+01
2.400000000000000000e+02 1.423212671339977042e+01
2.410000000000000000e+02 1.512509497312184159e+01
2.420000000000000000e+02 1.606629594258227556e+01
2.430000000000000000e+02 1.705788999973384179e+01
2.440000000000000000e+02 1.810211257207936697e+01
2.450000000000000000e+02 1.920127586708694878e+01
2.460000000000000000e+02 2.035777061447021197e+01
2.470000000000000000e+02 2.157406781969983456e+01
2.480000000000000000e+02 2.285272052810335452e+01
2.490000000000000000e+02 2.419636559890129135e+01
2.500000000000000000e+02 2.560772548851942787e+01
2.510000000000000000e+02 2.708961004250975080e+01
2.520000000000000000e+02 2.864491829540502366e+01
2.530000000000000000e+02 3.027664027782578771e+01
2.540000000000000000e+02 3.198785883015267473e+01
2.550000000000000000e+02 3.378175142207123827e+01
2.560000000000000000e+02 3.566159197729214014e+01
2.570000000000000000e+02 3.763075270274485717e+01
2.580000000000000000e+02 3.969270592153971933e+01
2.590000000000000000e+02 4.185102590898996056e+01
2.600000000000000000e+02 4.410939073098244023e+01
2.610000000000000000e+02 4.647158408398439633e+01
2.620000000000000000e+02 4.894149713597141016e+01
2.630000000000000000e+02 5.152313036756139297e+01
2.640000000000000000e+02 5.422059541263817550e+01
2.650000000000000000e+02 5.703811689774971683e+01
2.660000000000000000e+02 5.998003427956474809e+01
2.670000000000000000e+02 6.305080367967462251e+01
2.680000000000000000e+02 6.625499971602714311e+01
2.690000000000000000e+02 6.959731733028252165e+01
2.700000000000000000e+02 7.308257361038333499e+01
2.710000000000000000e+02 7.671570960763349945e+01
2.720000000000000000e+02 8.050179214758573210e+01
2.730000000000000000e+02 8.444601563403878686e+01
2.740000000000000000e+02 8.855370384545318529e+01
2.750000000000000000e+02 9.283031172309536316e+01
2.760000000000000000e+02 9.728142715022931952e+01
2.770000000000000000e+02 1.019127727216765891e+02
2.780000000000000000e+02 1.067302075030748369e+02
2.790000000000000000e+02 1.117397287791689280e+02
2.800000000000000000e+02 1.169474737904775310e+02
2.810000000000000000e+02 1.223597214576834347e+02
2.820000000000000000e+02 1.279828940931046475e+02
2.830000000000000000e+02 1.338235590986112697e+02
2.840000000000000000e+02 1.398884306493587246e+02
2.850000000000000000e+02 1.461843713627217198e+02
2.860000000000000000e+02 1.527183939518153011e+02
2.870000000000000000e+02 1.594976628630044218e+02
2.880000000000000000e+02 1.665294958968093795e+02
2.890000000000000000e+02 1.738213658116250997e+02
2.900000000000000000e+02 1.813809019096823079e+02
2.910000000000000000e+02 1.892158916046879256e+02
2.920000000000000000e+02 1.973342819705941906e+02
2.930000000000000000e+02 2.057441812709535611e+02
2.940000000000000000e+02 2.144538604683311291e+02
2.950000000000000000e+02 2.234717547132530342e+02
2.960000000000000000e+02 2.328064648121847711e+02
2.970000000000000000e+02 2.424667586740401362e+02
2.980000000000000000e+02 2.524615727347381835e+02
2.990000000000000000e+02 2.628000133593312739e+02
3.000000000000000000e+02 2.734913582212460597e+02
3.010000000000000000e+02 2.845450576581826567e+02
3.020000000000000000e+02 2.959707360042394839e+02
3.030000000000000000e+02 3.077781928978321844e+02
3.040000000000000000e+02 3.199774045649983236e+02
3.050000000000000000e+02 3.325785250776824569e+02
3.060000000000000000e+02 3.455918875866151438e+02
3.070000000000000000e+02 3.590280055284083005e+02
3.080000000000000000e+02 3.728975738065041128e+02
3.090000000000000000e+02 3.872114699456245148e+02
3.100000000000000000e+02 4.019807552193836386e+02
3.110000000000000000e+02 4.172166757507390571e+02
3.120000000000000000e+02 4.329306635849631562e+02
3.130000000000000000e+02 4.491343377348403578e+02
3.140000000000000000e+02 4.658395051977965977e+02
3.150000000000000000e+02 4.830581619446901982e+02
3.160000000000000000e+02 5.008024938799983374e+02
3.170000000000000000e+02 5.190848777731499695e+02
3.180000000000000000e+02 5.379178821607682721e+02
3.190000000000000000e+02 5.573142682195983753e+02
3.200000000000000000e+02 5.772869906099041373e+02
3.210000000000000000e+02 5.978491982891406451e+02
3.220000000000000000e+02 6.190142352957079765e+02
3.230000000000000000e+02 6.407956415026167178e+02
3.240000000000000000e+02 6.632071533408987989e+02
3.250000000000000000e+02 6.862627044926135795e+02
3.260000000000000000e+02 7.099764265533138996e+02
3.270000000000000000e+02 7.343626496638406707e+02
3.280000000000000000e+02 7.594359031113334595e+02
3.290000000000000000e+02 7.852109158993562232e+02
3.300000000000000000e+02 8.117026172870449727e+02
3.310000000000000000e+02 8.389261372971972150e+02
3.320000000000000000e+02 8.668968071932381463e+02
3.330000000000000000e+02 8.956301599250033405e+02
3.340000000000000000e+02 9.251419305432973488e+02
3.350000000000000000e+02 9.554480565831876220e+02
3.360000000000000000e+02 9.865646784160177276e+02
3.370000000000000000e+02 1.018508139570121671e+03
3.380000000000000000e+02 1.051294987020238523e+03
3.390000000000000000e+02 1.084941971445643958e+03
3.400000000000000000e+02 1.119466047457000286e+03
3.410000000000000000e+02 1.154884373791979442e+03
3.420000000000000000e+02 1.191214313479672910e+03
3.430000000000000000e+02 1.228473433973857254e+03
3.440000000000000000e+02 1.266679507255166300e+03
3.450000000000000000e+02 1.305850509902239310e+03
3.460000000000000000e+02 1.346004623131925200e+03
3.470000000000000000e+02 1.387160232808630553e+03
3.480000000000000000e+02 1.429335929422907384e+03
3.490000000000000000e+02 1.472550508039388660e+03
3.500000000000000000e+02 1.516822968214180491e+03
3.510000000000000000e+02 1.562172513881846953e+03
3.520000000000000000e+02 1.608618553212100778e+03
3.530000000000000000e+02 1.656180698436358398e+03
3.540000000000000000e+02 1.704878765644295527e+03
3.550000000000000000e+02 1.754732774550564955e+03
3.560000000000000000e+02 1.805762948231835253e+03
3.570000000000000000e+02 1.857989712834332522e+03
3.580000000000000000e+02 1.911433697252047068e+03
3.590000000000000000e+02 1.966115732775809647e+03
3.600000000000000000e+02 2.022056852713415083e+03
3.610000000000000000e+02 2.079278291981005168e+03
3.620000000000000000e+02 2.137801486665905486e+03
3.630000000000000000e+02 2.197648073561140791e+03
3.640000000000000000e+02 2.258839889671844048e+03
3.650000000000000000e+02 2.321398971693778094e+03
3.660000000000000000e+02 2.385347555464213201e+03
3.670000000000000000e+02 2.450708075385391112e+03
3.680000000000000000e+02 2.517503163820815189e+03
3.690000000000000000e+02 2.585755650464628161e+03
3.700000000000000000e+02 2.655488561684314845e+03
3.710000000000000000e+02 2.726725119836998601e+03
3.720000000000000000e+02 2.799488742559596631e+03
3.730000000000000000e+02 2.873803042033096062e+03
3.740000000000000000e+02 2.949691824221222760e+03
3.750000000000000000e+02 3.027179088083798433e+03
3.760000000000000000e+02 3.106289024765036174e+03
3.770000000000000000e+02 3.187046016757092730e+03
3.780000000000000000e+02 3.269474637039144454e+03
3.790000000000000000e+02 3.353599648192292534e+03
3.800000000000000000e+02 3.439446001490587150e+03
3.810000000000000000e+02 3.527038835968481635e+03
3.820000000000000000e+02 3.616403477465001288e+03
3.830000000000000000e+02 3.707565437644964732e+03
3.840000000000000000e+02 3.800550412997526109e+03
3.850000000000000000e+02 3.895384283812398735e+03
3.860000000000000000e+02 3.992093113134024406e+03
3.870000000000000000e+02 4.090703145694056275e+03
3.880000000000000000e+02 4.191240806822435843e+03
3.890000000000000000e+02 4.293732701337409708e+03
3.900000000000000000e+02 4.398205612414802090e+03
3.910000000000000000e+02 4.504686500436869210e+03
3.920000000000000000e+02 4.613202501821067017e+03
3.930000000000000000e+02 4.723780927829057873e+03
3.940000000000000000e+02 4.836449263356294978e+03
3.950000000000000000e+02 4.951235165702505583e+03
3.960000000000000000e+02 5.068166463323424978e+03
3.970000000000000000e+02 5.187271154564092285e+03
3.980000000000000000e+02 5.308577406374067323e+03
3.990000000000000000e+02 5.432113553004887763e+03
4.000000000000000000e+02 5.557908094690122198e+03
4.010000000000000000e+02 5.685989696308334715e+03
4.020000000000000000e+02 5.816387186029322947e+03
4.030000000000000000e+02 5.949129553943958854e+03
4.040000000000000000e+02 6.084245950677954170e+03
4.050000000000000000e+02 6.221765685989937083e+03
4.060000000000000000e+02 6.361718227354121154e+03
4.070000000000000000e+02 6.504133198527951208e+03
4.080000000000000000e+02 6.649040378105047239e+03
4.090000000000000000e+02 6.796469698053781940e+03
4.100000000000000000e+02 6.946451242241852924e+03
4.110000000000000000e+02 7.099015244947141582e+03
4.120000000000000000e+02 7.254192089355266944e+03
4.130000000000000000e+02 7.412012306044096476e+03
4.140000000000000000e+02 7.572506571455594894e+03
4.150000000000000000e+02 7.735705706355358416e+03
4.160000000000000000e+02 7.901640674280110034e+03
4.170000000000000000e+02 8.070342579973560532e+03
4.180000000000000000e+02 8.241842667810917192e+03
4.190000000000000000e+02 8.416172320212381237e+03
4.200000000000000000e+02 8.593363056046002384e+03
4.210000000000000000e+02 8.773446529020147864e+03
4.220000000000000000e+02 8.956454526065981554e+03
4.230000000000000000e+02 9.142418965710248813e+03
4.240000000000000000e+02 9.331371896438668045e+03
4.250000000000000000e+02 9.523345495050312820e+03
4.260000000000000000e+02 9.718372065003261014e+03
4.270000000000000000e+02 9.916484034751792933e+03
4.280000000000000000e+02 1.011771395607557497e+04
4.290000000000000000e+02 1.032209450240103070e+04
4.300000000000000000e+02 1.052965846711523955e+04
4.310000000000000000e+02 1.074043876187270507e+04
4.320000000000000000e+02 1.095446841489531107e+04
4.330000000000000000e+02 1.117178056926568934e+04
4.340000000000000000e+02 1.139240848121440467e+04
4.350000000000000000e+02 1.161638551840121545e+04
4.360000000000000000e+02 1.184374515819067710e+04
4.370000000000000000e+02 1.207452098592246693e+04
4.380000000000000000e+02 1.230874669317663393e+04
4.390000000000000000e+02 1.254645607603417011e+04
4.400000000000000000e+02 1.278768303333306721e+04
4.410000000000000000e+02 1.303246156492029513e+04
4.420000000000000000e+02 1.328082576989984045e+04
4.430000000000000000e+02 1.353280984487720343e+04
4.440000000000000000e+02 1.378844808220058258e+04
4.450000000000000000e+02 1.404777486819902333e+04
4.460000000000000000e+02 1.431082468141780737e+04
4.470000000000000000e+02 1.457763209085139169e+04
4.480000000000000000e+02 1.484823175417410857e+04
4.490000000000000000e+02 1.512265841596896462e+04
4.500000000000000000e+02 1.540094690595468819e+04
4.510000000000000000e+02 1.568313213721146712e+04
4.520000000000000000e+02 1.596924910440543681e+04
4.530000000000000000e+02 1.625933288201231881e+04
4.540000000000000000e+02 1.655341862254040461e+04
4.550000000000000000e+02 1.685154155475313382e+04
4.560000000000000000e+02 1.715373698189153947e+04
4.570000000000000000e+02 1.746004027989676251e+04
4.580000000000000000e+02 1.777048689563294101e+04
4.590000000000000000e+02 1.808511234511063958e+04
4.600000000000000000e+02 1.840395221171110825e+04
4.610000000000000000e+02 1.872704214441159274e+04
4.620000000000000000e+02 1.905441785601192169e+04
4.630000000000000000e+02 1.938611512136253077e+04
4.640000000000000000e+02 1.972216977559434963e+04
4.650000000000000000e+02 2.006261771235046035e+04
4.660000000000000000e+02 2.040749488202006614e+04
4.670000000000000000e+02 2.075683728997475555e+04
4.680000000000000000e+02 2.111068099480738965e+04
4.690000000000000000e+02 2.146906210657376505e+04
4.700000000000000000e+02 2.183201678503731091e+04
4.710000000000000000e+02 2.219958123791695471e+04
4.720000000000000000e+02 2.257179171913841128e+04
4.730000000000000000e+02 2.294868452708910263e+04
4.740000000000000000e+02 2.333029600287680660e+04
4.750000000000000000e+02 2.371666252859237647e+04
4.760000000000000000e+02 2.410782052557653878e+04
4.770000000000000000e+02 2.450380645269113666e+04
4.780000000000000000e+02 2.490465680459486248e+04
4.790000000000000000e+02 2.531040811002369810e+04
4.800000000000000000e+02 2.572109693007632086e+04
4.810000000000000000e+02 2.613675985650448638e+04
4.820000000000000000e+02 2.655743351000866096e+04
4.830000000000000000e+02 2.698315453853915824e+04
4.840000000000000000e+02 2.741395961560267824e+04
4.850000000000000000e+02 2.784988543857470358e+04
4.860000000000000000e+02 2.829096872701770189e+04
4.870000000000000000e+02 2.873724622100541819e+04
4.880000000000000000e+02 2.918875467945331548e+04
4.890000000000000000e+02 2.964553087845537448e+04
4.900000000000000000e+02 3.010761160962737995e+04
4.910000000000000000e+02 3.057503367845681714e+04
4.920000000000000000e+02 3.104783390265953858e+04
4.930000000000000000e+02 3.152604911054337936e+04
4.940000000000000000e+02 3.200971613937873190e+04
4.950000000000000000e+02 3.249887183377634938e+04
4.960000000000000000e+02 3.299355304407246877e+04
4.970000000000000000e+02 3.349379662472126802e+04
4.980000000000000000e+02 3.399963943269497395e+04
4.990000000000000000e+02 3.451111832589160622e+04
5.000000000000000000e+02 3.502827016155042656e+04
5.010000000000000000e+02 3.555113179467546433e+04
5.020000000000000000e+02 3.607974007646691462e+04
5.030000000000000000e+02 3.661413185276067088e+04
5.040000000000000000e+02 3.715434396247616678e+04
5.050000000000000000e+02 3.770041323607253435e+04
5.060000000000000000e+02 3.825237649401313683e+04
5.070000000000000000e+02 3.881027054523865081e+04
5.080000000000000000e+02 3.937413218564894487e+04
5.090000000000000000e+02 3.994399819659342029e+04
5.100000000000000000e+02 4.051990534337039571e+04
5.110000000000000000e+02 4.110189037373525935e+04
5.120000000000000000e+02 4.168999001641774521e+04
5.130000000000000000e+02 4.228424097964815155e+04
5.140000000000000000e+02 4.288467994969286519e+04
5.150000000000000000e+02 4.349134358939897356e+04
5.160000000000000000e+02 4.410426853674835002e+04
5.170000000000000000e+02 4.472349140342097235e+04
5.180000000000000000e+02 4.534904877336793288e+04
5.190000000000000000e+02 4.598097720139369630e+04
5.200000000000000000e+02 4.661931321174821642e+04
5.210000000000000000e+02 4.726409329672854801e+04
5.220000000000000000e+02 4.791535391529032495e+04
5.230000000000000000e+02 4.857313149166889343e+04
5.240000000000000000e+02 4.923746241401042789e+04
5.250000000000000000e+02 4.990838303301285487e+04
5.260000000000000000e+02 5.058592966057680314e+04
5.270000000000000000e+02 5.127013856846650742e+04
5.280000000000000000e+02 5.196104598698087648e+04
5.290000000000000000e+02 5.265868810363454395e+04
5.300000000000000000e+02 5.336310106184912001e+04
5.310000000000000000e+02 5.407432095965478948e+04
5.320000000000000000e+02 5.479238384840192884e+04
5.330000000000000000e+02 5.551732573148309166e+04
5.340000000000000000e+02 5.624918256306537660e+04
5.350000000000000000e+02 5.698799024683314201e+04
5.360000000000000000e+02 5.773378463474095770e+04
5.370000000000000000e+02 5.848660152577723784e+04
5.380000000000000000e+02 5.924647666473808204e+04
5.390000000000000000e+02 6.001344574101173203e+04
5.400000000000000000e+02 6.078754438737352757e+04
5.410000000000000000e+02 6.156880817879138340e+04
5.420000000000000000e+02 6.235727263124172168e+04
5.430000000000000000e+02 6.315297320053619478e+04
5.440000000000000000e+02 6.395594528115881985e+04
5.450000000000000000e+02 6.476622420511375094e+04
5.460000000000000000e+02 6.558384524078380491e+04
5.470000000000000000e+02 6.640884359179952298e+04
5.480000000000000000e+02 6.724125439591881877e+04
5.490000000000000000e+02 6.808111272391752573e+04
5.500000000000000000e+02 6.892845357849035645e+04
5.510000000000000000e+02 6.978331189316285599e+04
5.520000000000000000e+02 7.064572253121362883e+04
5.530000000000000000e+02 7.151572028460771253e+04
5.540000000000000000e+02 7.239333987294031249e+04
5.550000000000000000e+02 7.327861594239145052e+04
5.560000000000000000e+02 7.417158306469119270e+04
5.570000000000000000e+02 7.507227573609563115e+04
5.580000000000000000e+02 7.598072837637359044e+04
5.590000000000000000e+02 7.689697532780388428e+04
5.600000000000000000e+02 7.782105085418360250e+04
5.610000000000000000e+02 7.875298913984662795e+04
5.620000000000000000e+02 7.969282428869315481e+04
5.630000000000000000e+02 8.064059032322985877e+04
5.640000000000000000e+02 8.159632118362051551e+04
5.650000000000000000e+02 8.256005072674746043e+04
5.660000000000000000e+02 8.353181272528374393e+04
5.670000000000000000e+02 8.451164086677548767e+04
5.680000000000000000e+02 8.549956875273550395e+04
5.690000000000000000e+02 8.649562989774689777e+04
5.700000000000000000e+02 8.749985772857761185e+04
5.710000000000000000e+02 8.851228558330531814e+04
5.720000000000000000e+02 8.953294671045291761e+04
5.730000000000000000e+02 9.056187426813475031e+04
5.740000000000000000e+02 9.159910132321290439e+04
5.750000000000000000e+02 9.264466085046429362e+04
5.760000000000000000e+02 9.369858573175805213e+04
5.770000000000000000e+02 9.476090875524336298e+04
5.780000000000000000e+02 9.583166261454783671e+04
5.790000000000000000e+02 9.691087990798593091e+04
5.800000000000000000e+02 9.799859313777809439e+04
5.810000000000000000e+02 9.909483470927980670e+04
5.820000000000000000e+02 1.001996369302213716e+05
5.830000000000000000e+02 1.013130320099575038e+05
5.840000000000000000e+02 1.024350520587274950e+05
5.850000000000000000e+02 1.035657290869253920e+05
5.860000000000000000e+02 1.047050950043801859e+05
5.870000000000000000e+02 1.058531816196466389e+05
5.880000000000000000e+02 1.070100206393055269e+05
5.890000000000000000e+02 1.081756436672744167e+05
5.900000000000000000e+02 1.093500822041283391e+05
5.910000000000000000e+02 1.105333676464302989e+05
5.920000000000000000e+02 1.117255312860719423e+05
5.930000000000000000e+02 1.129266043096240173e+05
5.940000000000000000e+02 1.141366177976964973e+05
5.950000000000000000e+02 1.153556027243091230e+05
5.960000000000000000e+02 1.165835899562710547e+05
5.970000000000000000e+02 1.178206102525705064e+05
5.980000000000000000e+02 1.190666942637744942e+05
5.990000000000000000e+02 1.203218725314374897e+05
6.000000000000000000e+02 1.215861754875203915e+05
6.010000000000000000e+02 1.228596334538184747e+05
6.020000000000000000e+02 1.241422766413995851e+05
6.030000000000000000e+02 1.254341351500509772e+05
6.040000000000000000e+02 1.267352389677362080e+05
6.050000000000000000e+02 1.280456179700613284e+05
6.060000000000000000e+02 1.293653019197502435e+05
6.070000000000000000e+02 1.306943204661294585e+05
6.080000000000000000e+02 1.320327031446221226e+05
6.090000000000000000e+02 1.333804793762512854e+05
6.100000000000000000e+02 1.347376784671523492e+05
6.110000000000000000e+02 1.361043296080943255e+05
6.120000000000000000e+02 1.374804618740107690e+05
6.130000000000000000e+02 1.388661042235392088e+05
6.140000000000000000e+02 1.402612854985695740e+05
6.150000000000000000e+02 1.416660344238019898e+05
6.160000000000000000e+02 1.430803796063127811e+05
6.170000000000000000e+02 1.445043495351299935e+05
6.180000000000000000e+02 1.459379725808170333e+05
6.190000000000000000e+02 1.473812769950656220e+05
6.200000000000000000e+02 1.488342909102968115e+05
6.210000000000000000e+02 1.502970423392711673e+05
6.220000000000000000e+02 1.517695591747071594e+05
6.230000000000000000e+02 1.532518691889081383e+05
6.240000000000000000e+02 1.547440000333980424e+05
6.250000000000000000e+02 1.562459792385648761e+05
6.260000000000000000e+02 1.577578342133132974e+05
6.270000000000000000e+02 1.592795922447249468e+05
6.280000000000000000e+02 1.608112804977273918e+05
6.290000000000000000e+02 1.623529260147707828e+05
6.300000000000000000e+02 1.639045557155133574e+05
6.310000000000000000e+02 1.654661963965143368e+05
6.320000000000000000e+02 1.670378747309353203e+05
6.330000000000000000e+02 1.686196172682491597e+05
6.340000000000000000e+02 1.702114504339576524e+05
6.350000000000000000e+02 1.718134005293158407e+05
6.360000000000000000e+02 1.734254937310654495e+05
6.370000000000000000e+02 1.750477560911750479e+05
6.380000000000000000e+02 1.766802135365881841e+05
6.390000000000000000e+02 1.783228918689799611e+05
6.400000000000000000e+02 1.799758167645196663e+05
6.410000000000000000e+02 1.816390137736423640e+05
6.420000000000000000e+02 1.833125083208273572e+05
6.430000000000000000e+02 1.849963257043838676e+05
6.440000000000000000e+02 1.866904910962446011e+05
6.450000000000000000e+02 1.883950295417662710e+05
6.460000000000000000e+02 1.901099659595375997e+05
6.470000000000000000e+02 1.918353251411941019e+05
6.480000000000000000e+02 1.935711317512408714e+05
6.490000000000000000e+02 1.953174103268811887e+05
6.500000000000000000e+02 1.970741852778535686e+05
6.510000000000000000e+02 1.988414808862746577e+05
6.520000000000000000e+02 2.006193213064898737e+05
6.530000000000000000e+02 2.024077305649301270e+05
6.540000000000000000e+02 2.042067325599762553e+05
6.550000000000000000e+02 2.060163510618293367e+05
6.560000000000000000e+02 2.078366097123882791e+05
6.570000000000000000e+02 2.096675320251340745e+05
6.580000000000000000e+02 2.115091413850201061e+05
6.590000000000000000e+02 2.133614610483697325e+05
6.600000000000000000e+02 2.152245141427794297e+05
6.610000000000000000e+02 2.170983236670297047e+05
6.620000000000000000e+02 2.189829124910007813e+05
6.630000000000000000e+02 2.208783033555957954e+05
6.640000000000000000e+02 2.227845188726698398e+05
6.650000000000000000e+02 2.247015815249652369e+05
6.660000000000000000e+02 2.266295136660526914e+05
6.670000000000000000e+02 2.285683375202791358e+05
6.680000000000000000e+02 2.305180751827211643e+05
6.690000000000000000e+02 2.324787486191444041e+05
6.700000000000000000e+02 2.344503796659692889e+05
6.710000000000000000e+02 2.364329900302420428e+05
6.720000000000000000e+02 2.384266012896121247e+05
6.730000000000000000e+02 2.404312348923151148e+05
6.740000000000000000e+02 2.424469121571612486e+05
6.750000000000000000e+02 2.444736542735297990e+05
6.760000000000000000e+02 2.465114823013690475e+05
6.770000000000000000e+02 2.485604171712016687e+05
6.780000000000000000e+02 2.506204796841356729e+05
6.790000000000000000e+02 2.526916905118809955e+05
6.800000000000000000e+02 2.547740701967710629e+05
6.810000000000000000e+02 2.568676391517902084e+05
6.820000000000000000e+02 2.589724176606057445e+05
6.830000000000000000e+02 2.610884258776062052e+05
6.840000000000000000e+02 2.632156838279435178e+05
6.850000000000000000e+02 2.653542114075815189e+05
6.860000000000000000e+02 2.675040283833487774e+05
6.870000000000000000e+02 2.696651543929967447e+05
6.880000000000000000e+02 2.718376089452627930e+05
6.890000000000000000e+02 2.740214114199380856e+05
6.900000000000000000e+02 2.762165810679408023e+05
6.910000000000000000e+02 2.784231370113934972e+05
6.920000000000000000e+02 2.806410982437052880e+05
6.930000000000000000e+02 2.828704836296598660e+05
6.940000000000000000e+02 2.851113119055065326e+05
6.950000000000000000e+02 2.873636016790571157e+05
6.960000000000000000e+02 2.896273714297863189e+05
6.970000000000000000e+02 2.919026395089383004e+05
6.980000000000000000e+02 2.941894241396358702e+05
6.990000000000000000e+02 2.964877434169951011e+05
7.000000000000000000e+02 2.987976153082442470e+05
7.010000000000000000e+02 3.011190576528467936e+05
7.020000000000000000e+02 3.034520881626286427e+05
7.030000000000000000e+02 3.057967244219100685e+05
7.040000000000000000e+02 3.081529838876412832e+05
7.050000000000000000e+02 3.105208838895421941e+05
7.060000000000000000e+02 3.129004416302468744e+05
7.070000000000000000e+02 3.152916741854508291e+05
7.080000000000000000e+02 3.176945985040637315e+05
7.090000000000000000e+02 3.201092314083650126e+05
7.100000000000000000e+02 3.225355895941634662e+05
7.110000000000000000e+02 3.249736896309614531e+05
7.120000000000000000e+02 3.274235479621217819e+05
7.130000000000000000e+02 3.298851809050391894e+05
7.140000000000000000e+02 3.323586046513153124e+05
7.150000000000000000e+02 3.348438352669372689e+05
7.160000000000000000e+02 3.373408886924595572e+05
7.170000000000000000e+02 3.398497807431900874e+05
7.180000000000000000e+02 3.423705271093792398e+05
7.190000000000000000e+02 3.449031433564130566e+05
7.200000000000000000e+02 3.474476449250084697e+05
7.210000000000000000e+02 3.500040471314140013e+05
7.220000000000000000e+02 3.525723651676119189e+05
7.230000000000000000e+02 3.551526141015248722e+05
7.240000000000000000e+02 3.577448088772249175e+05
7.250000000000000000e+02 3.603489643151466153e+05
7.260000000000000000e+02 3.629650951123028062e+05
7.270000000000000000e+02 3.655932158425032976e+05
7.280000000000000000e+02 3.682333409565776237e+05
7.290000000000000000e+02 3.708854847825990873e+05
7.300000000000000000e+02 3.735496615261140978e+05
7.310000000000000000e+02 3.762258852703722077e+05
7.320000000000000000e+02 3.789141699765609810e+05
7.330000000000000000e+02 3.816145294840422575e+05
7.340000000000000000e+02 3.843269775105920271e+05
7.350000000000000000e+02 3.870515276526433881e+05
7.360000000000000000e+02 3.897881933855309617e+05
7.370000000000000000e+02 3.925369880637396709e+05
7.380000000000000000e+02 3.952979249211551505e+05
7.390000000000000000e+02 3.980710170713171246e+05
7.400000000000000000e+02 4.008562775076749967e+05
7.410000000000000000e+02 4.036537191038466990e+05
7.420000000000000000e+02 4.064633546138796373e+05
7.430000000000000000e+02 4.092851966725139646e+05
7.440000000000000000e+02 4.121192577954485896e+05
7.450000000000000000e+02 4.149655503796099219e+05
7.460000000000000000e+02 4.178240867034219555e+05
7.470000000000000000e+02 4.206948789270793204e+05
7.480000000000000000e+02 4.235779390928233042e+05
7.490000000000000000e+02 4.264732791252188035e+05
7.500000000000000000e+02 4.293809108314344194e+05
7.510000000000000000e+02 4.323008459015244734e+05
7.520000000000000000e+02 4.352330959087126539e+05
7.530000000000000000e+02 4.381776723096792120e+05
7.540000000000000000e+02 4.411345864448486245e+05
7.550000000000000000e+02 4.441038495386799914e+05
7.560000000000000000e+02 4.470854726999600534e+05
7.570000000000000000e+02 4.500794669220967335e+05
7.580000000000000000e+02 4.530858430834159371e+05
7.590000000000000000e+02 4.561046119474598672e+05
7.600000000000000000e+02 4.591357841632866766e+05
7.610000000000000000e+02 4.621793702657733811e+05
7.620000000000000000e+02 4.652353806759178988e+05
7.630000000000000000e+02 4.683038257011462701e+05
7.640000000000000000e+02 4.713847155356192961e+05
7.650000000000000000e+02 4.744780602605410968e+05
7.660000000000000000e+02 4.775838698444700567e+05
7.670000000000000000e+02 4.807021541436315165e+05
7.680000000000000000e+02 4.838329229022313375e+05
7.690000000000000000e+02 4.869761857527708635e+05
7.700000000000000000e+02 4.901319522163649090e+05
7.710000000000000000e+02 4.933002317030595732e+05
7.720000000000000000e+02 4.964810335121527896e+05
7.730000000000000000e+02 4.996743668325155159e+05
7.740000000000000000e+02 5.028802407429144951e+05
7.750000000000000000e+02 5.060986642123370548e+05
7.760000000000000000e+02 5.093296461003164295e+05
7.770000000000000000e+02 5.125731951572590042e+05
7.780000000000000000e+02 5.158293200247721397e+05
7.790000000000000000e+02 5.190980292359949090e+05
7.800000000000000000e+02 5.223793312159275520e+05
7.810000000000000000e+02 5.256732342817647150e+05
7.820000000000000000e+02 5.289797466432277579e+05
7.830000000000000000e+02 5.322988764029003214e+05
7.840000000000000000e+02 5.356306315565630794e+05
7.850000000000000000e+02 5.389750199935304699e+05
7.860000000000000000e+02 5.423320494969888823e+05
7.870000000000000000e+02 5.457017277443355415e+05
7.880000000000000000e+02 5.490840623075178592e+05
7.890000000000000000e+02 5.524790606533745304e+05
7.900000000000000000e+02 5.558867301439780276e+05
7.910000000000000000e+02 5.593070780369763961e+05
7.920000000000000000e+02 5.627401114859374939e+05
7.930000000000000000e+02 5.661858375406941632e+05
7.940000000000000000e+02 5.696442631476884708e+05
7.950000000000000000e+02 5.731153951503193239e+05
7.960000000000000000e+02 5.765992402892893879e+05
7.970000000000000000e+02 5.800958052029523533e+05
7.980000000000000000e+02 5.836050964276625309e+05
7.990000000000000000e+02 5.871271203981239814e+05
8.000000000000000000e+02 5.906618834477412747e+05
8.010000000000000000e+02 5.942093918089700164e+05
8.020000000000000000e+02 5.977696516136678401e+05
8.030000000000000000e+02 6.013426688934484264e+05
8.040000000000000000e+02 6.049284495800334262e+05
8.050000000000000000e+02 6.085269995056055486e+05
8.060000000000000000e+02 6.121383244031638606e+05
8.070000000000000000e+02 6.157624299068776891e+05
8.080000000000000000e+02 6.193993215524421539e+05
8.090000000000000000e+02 6.230490047774342820e+05
8.100000000000000000e+02 6.267114849216685398e+05
8.110000000000000000e+02 6.303867672275545774e+05
8.120000000000000000e+02 6.340748568404538091e+05
8.130000000000000000e+02 6.377757588090373902e+05
8.140000000000000000e+02 6.414894780856446596e+05
8.150000000000000000e+02 6.452160195266405353e+05
8.160000000000000000e+02 6.489553878927754704e+05
8.170000000000000000e+02 6.527075878495447105e+05
8.180000000000000000e+02 6.564726239675473189e+05
8.190000000000000000e+02 6.602505007228463655e+05
8.200000000000000000e+02 6.640412224973294651e+05
8.210000000000000000e+02 6.678447935790682677e+05
8.220000000000000000e+02 6.716612181626808597e+05
8.230000000000000000e+02 6.754905003496914869e+05
8.240000000000000000e+02 6.793326441488910932e+05
8.250000000000000000e+02 6.831876534767015837e+05
8.260000000000000000e+02 6.870555321575343842e+05
8.270000000000000000e+02 6.909362839241541224e+05
8.280000000000000000e+02 6.948299124180402141e+05
8.290000000000000000e+02 6.987364211897481000e+05
8.300000000000000000e+02 7.026558136992719956e+05
8.310000000000000000e+02 7.065880933164081071e+05
8.320000000000000000e+02 7.105332633211157518e+05
8.330000000000000000e+02 7.144913269038799917e+05
8.340000000000000000e+02 7.184622871660749661e+05
8.350000000000000000e+02 7.224461471203254769e+05
8.360000000000000000e+02 7.264429096908703214e+05
8.370000000000000000e+02 7.304525777139236452e+05
8.380000000000000000e+02 7.344751539380393224e+05
8.390000000000000000e+02 7.385106410244721919e+05
8.400000000000000000e+02 7.425590415475402260e+05
8.410000000000000000e+02 7.466203579949884443e+05
8.420000000000000000e+02 7.506945927683492191e+05
8.430000000000000000e+02 7.547817481833066558e+05
8.440000000000000000e+02 7.588818264700566651e+05
8.450000000000000000e+02 7.629948297736705281e+05
8.460000000000000000e+02 7.671207601544564823e+05
8.470000000000000000e+02 7.712596195883206092e+05
8.480000000000000000e+02 7.754114099671288859e+05
8.490000000000000000e+02 7.795761330990691204e+05
8.500000000000000000e+02 7.837537907090116059e+05
8.510000000000000000e+02 7.879443844388693105e+05
8.520000000000000000e+02 7.921479158479608595e+05
8.530000000000000000e+02 7.963643864133683965e+05
8.540000000000000000e+02 8.005937975302997511e+05
8.550000000000000000e+02 8.048361505124480464e+05
8.560000000000000000e+02 8.090914465923509561e+05
8.570000000000000000e+02 8.133596869217506610e+05
8.580000000000000000e+02 8.176408725719527574e+05
8.590000000000000000e+02 8.219350045341849327e+05
8.600000000000000000e+02 8.262420837199566886e+05
8.610000000000000000e+02 8.305621109614160378e+05
8.620000000000000000e+02 8.348950870117074810e+05
8.630000000000000000e+02 8.392410125453319633e+05
8.640000000000000000e+02 8.435998881584999617e+05
8.650000000000000000e+02 8.479717143694914412e+05
8.660000000000000000e+02 8.523564916190113872e+05
8.670000000000000000e+02 8.567542202705451054e+05
8.680000000000000000e+02 8.611649006107144523e+05
8.690000000000000000e+02 8.655885328496327857e+05
8.700000000000000000e+02 8.700251171212597983e+05
8.710000000000000000e+02 8.744746534837556537e+05
8.720000000000000000e+02 8.789371419198347721e+05
8.730000000000000000e+02 8.834125823371189181e+05
8.740000000000000000e+02 8.879009745684908703e+05
8.750000000000000000e+02 8.924023183724461123e+05
8.760000000000000000e+02 8.969166134334446397e+05
8.770000000000000000e+02 9.014438593622631161e+05
8.780000000000000000e+02 9.059840556963449344e+05
8.790000000000000000e+02 9.105372019001506269e+05
8.800000000000000000e+02 9.151032973655083915e+05
8.810000000000000000e+02 9.196823414119627560e+05
8.820000000000000000e+02 9.242743332871237071e+05
8.830000000000000000e+02 9.288792721670140745e+05
8.840000000000000000e+02 9.334971571564179612e+05
8.850000000000000000e+02 9.381279872892275453e+05
8.860000000000000000e+02 9.427717615287891822e+05
8.870000000000000000e+02 9.474284787682499737e+05
8.880000000000000000e+02 9.520981378309014253e+05
8.890000000000000000e+02 9.567807374705272960e+05
8.900000000000000000e+02 9.614762763717431808e+05
8.910000000000000000e+02 9.661847531503436621e+05
8.920000000000000000e+02 9.709061663536434062e+05
8.930000000000000000e+02 9.756405144608191913e+05
8.940000000000000000e+02 9.803877958832519362e+05
8.950000000000000000e+02 9.851480089648674475e+05
8.960000000000000000e+02 9.899211519824760035e+05
8.970000000000000000e+02 9.947072231461122865e+05
8.980000000000000000e+02 9.995062205993749667e+05
8.990000000000000000e+02 1.004318142419763026e+06
9.000000000000000000e+02 1.009142986619014409e+06
9.010000000000000000e+02 1.013980751143442933e+06
9.020000000000000000e+02 1.018831433874273323e+06
9.030000000000000000e+02 1.023695032627977547e+06
9.040000000000000000e+02 1.028571545156609034e+06
9.050000000000000000e+02 1.033460969148136210e+06
9.060000000000000000e+02 1.038363302226776141e+06
9.070000000000000000e+02 1.043278541953327018e+06
9.080000000000000000e+02 1.048206685825498891e+06
9.090000000000000000e+02 1.053147731278246269e+06
9.100000000000000000e+02 1.058101675684096990e+06
9.110000000000000000e+02 1.063068516353481449e+06
9.120000000000000000e+02 1.068048250535063213e+06
9.130000000000000000e+02 1.073040875416063238e+06
9.140000000000000000e+02 1.078046388122592354e+06
9.150000000000000000e+02 1.083064785719971871e+06
9.160000000000000000e+02 1.088096065213063499e+06
9.170000000000000000e+02 1.093140223546590656e+06
9.180000000000000000e+02 1.098197257605466759e+06
9.190000000000000000e+02 1.103267164215113735e+06
9.200000000000000000e+02 1.108349940141787520e+06
9.210000000000000000e+02 1.113445582092898665e+06
9.220000000000000000e+02 1.118554086717332248e+06
9.230000000000000000e+02 1.123675450605770107e+06
9.240000000000000000e+02 1.128809670291007496e+06
9.250000000000000000e+02 1.133956742248272058e+06
9.260000000000000000e+02 1.139116662895542569e+06
9.270000000000000000e+02 1.144289428593864199e+06
9.280000000000000000e+02 1.149475035647664685e+06
9.290000000000000000e+02 1.154673480305069592e+06
9.300000000000000000e+02 1.159884758758215467e+06
9.310000000000000000e+02 1.165108867143565090e+06
9.320000000000000000e+02 1.170345801542217843e+06
9.330000000000000000e+02 1.175595557980221463e+06
9.340000000000000000e+02 1.180858132428884506e+06
9.350000000000000000e+02 1.186133520805083914e+06
9.360000000000000000e+02 1.191421718971576309e+06
9.370000000000000000e+02 1.196722722737302538e+06
9.380000000000000000e+02 1.202036527857700596e+06
9.390000000000000000e+02 1.207363130035004811e+06
9.400000000000000000e+02 1.212702524918558309e+06
9.410000000000000000e+02 1.218054708105112193e+06
9.420000000000000000e+02 1.223419675139132887e+06
9.430000000000000000e+02 1.228797421513102250e+06
9.440000000000000000e+02 1.234187942667821422e+06
9.450000000000000000e+02 1.239591233992710942e+06
9.460000000000000000e+02 1.245007290826112265e+06
9.470000000000000000e+02 1.250436108455583686e+06
9.480000000000000000e+02 1.255877682118202792e+06
9.490000000000000000e+02 1.261332007000860525e+06
9.500000000000000000e+02 1.266799078240561299e+06
9.510000000000000000e+02 1.272278890924714273e+06
9.520000000000000000e+02 1.277771440091431839e+06
9.530000000000000000e+02 1.283276720729820896e+06
9.540000000000000000e+02 1.288794727780277608e+06
9.550000000000000000e+02 1.294325456134777749e+06
9.560000000000000000e+02 1.299868900637169601e+06
9.570000000000000000e+02 1.305425056083462900e+06
9.580000000000000000e+02 1.310993917222117074e+06
9.590000000000000000e+02 1.316575478754332289e+06
9.600000000000000000e+02 1.322169735334334429e+06
9.610000000000000000e+02 1.327776681569662876e+06
9.620000000000000000e+02 1.333396312021455262e+06
9.630000000000000000e+02 1.339028621204732684e+06
9.640000000000000000e+02 1.344673603588682599e+06
9.650000000000000000e+02 1.350331253596942872e+06
9.660000000000000000e+02 1.356001565607882803e+06
9.670000000000000000e+02 1.361684533954882529e+06
9.680000000000000000e+02 1.367380152926617535e+06
9.690000000000000000e+02 1.373088416767330840e+06
9.700000000000000000e+02 1.378809319677117979e+06
9.710000000000000000e+02 1.384542855812198948e+06
9.720000000000000000e+02 1.390289019285198534e+06
9.730000000000000000e+02 1.396047804165416397e+06
9.740000000000000000e+02 1.401819204479108565e+06
9.750000000000000000e+02 1.407603214209753554e+06
9.760000000000000000e+02 1.413399827298329677e+06
9.770000000000000000e+02 1.419209037643583491e+06
9.780000000000000000e+02 1.425030839102304308e+06
9.790000000000000000e+02 1.430865225489588687e+06
9.800000000000000000e+02 1.436712190579113085e+06
9.810000000000000000e+02 1.442571728103399510e+06
9.820000000000000000e+02 1.448443831754084677e+06
9.830000000000000000e+02 1.454328495182181476e+06
9.840000000000000000e+02 1.460225711998349288e+06
9.850000000000000000e+02 1.466135475773153594e+06
9.860000000000000000e+02 1.472057780037330464e+06
9.870000000000000000e+02 1.477992618282051291e+06
9.880000000000000000e+02 1.483939983959177509e+06
9.890000000000000000e+02 1.489899870481527876e+06
9.900000000000000000e+02 1.495872271223132731e+06
9.910000000000000000e+02 1.501857179519495461e+06
9.920000000000000000e+02 1.507854588667846750e+06
9.930000000000000000e+02 1.513864491927403724e+06
9.940000000000000000e+02 1.519886882519624429e+06
9.950000000000000000e+02 1.525921753628461622e+06
9.960000000000000000e+02 1.531969098400616320e+06
9.970000000000000000e+02 1.538028909945792053e+06
9.980000000000000000e+02 1.544101181336945854e+06
9.990000000000000000e+02 1.550185905610536458e+06
