# BB temperature (K); Intensity through filter (ph/s/m^2/mas^2)
1.000000000000000000e+01 0.000000000000000000e+00
1.100000000000000000e+01 0.000000000000000000e+00
1.200000000000000000e+01 0.000000000000000000e+00
1.300000000000000000e+01 0.000000000000000000e+00
1.400000000000000000e+01 0.000000000000000000e+00
1.500000000000000000e+01 0.000000000000000000e+00
1.600000000000000000e+01 0.000000000000000000e+00
1.700000000000000000e+01 0.000000000000000000e+00
1.800000000000000000e+01 0.000000000000000000e+00
1.900000000000000000e+01 0.000000000000000000e+00
2.000000000000000000e+01 0.000000000000000000e+00
2.100000000000000000e+01 4.565596035271958513e-50
2.200000000000000000e+01 1.528957921704000165e-47
2.300000000000000000e+01 3.094813589071802681e-45
2.400000000000000000e+01 4.031899849497902377e-43
2.500000000000000000e+01 3.564120800767178238e-41
2.600000000000000000e+01 2.235467659195784322e-39
2.700000000000000000e+01 1.033453065441316576e-37
2.800000000000000000e+01 3.638250510371301541e-36
2.900000000000000000e+01 1.003214240754157837e-34
3.000000000000000000e+01 2.220168197152291226e-33
3.100000000000000000e+01 4.028056237465713106e-32
3.200000000000000000e+01 6.103750086872632907e-31
3.300000000000000000e+01 7.852101053239574392e-30
3.400000000000000000e+01 8.700119679787312871e-29
3.500000000000000000e+01 8.409343616143231613e-28
3.600000000000000000e+01 7.171798444875991797e-27
3.700000000000000000e+01 5.451577099326410475e-26
3.800000000000000000e+01 3.727183704519269494e-25
3.900000000000000000e+01 2.310665929761730568e-24
4.000000000000000000e+01 1.308493286911241392e-23
4.100000000000000000e+01 6.813247474525567216e-23
4.200000000000000000e+01 3.281576029603849685e-22
4.300000000000000000e+01 1.469983374266212484e-21
4.400000000000000000e+01 6.154405585236445737e-21
4.500000000000000000e+01 2.419109212091165129e-20
4.600000000000000000e+01 8.964022393360347890e-20
4.700000000000000000e+01 3.143108849040601898e-19
4.800000000000000000e+01 1.046454027129720108e-18
4.900000000000000000e+01 3.318627115823824596e-18
5.000000000000000000e+01 1.005397852128592577e-17
5.100000000000000000e+01 2.917583539401699539e-17
5.200000000000000000e+01 8.129984234297358930e-17
5.300000000000000000e+01 2.180375759154891356e-16
5.400000000000000000e+01 5.639867210523304081e-16
5.500000000000000000e+01 1.409795461695435813e-15
5.600000000000000000e+01 3.411818734366531008e-15
5.700000000000000000e+01 8.007478243141730090e-15
5.800000000000000000e+01 1.825459314647774484e-14
5.900000000000000000e+01 4.048137430334995477e-14
6.000000000000000000e+01 8.744652624678068519e-14
6.100000000000000000e+01 1.842436426987183311e-13
6.200000000000000000e+01 3.790770955406699018e-13
6.300000000000000000e+01 7.624949946614285038e-13
6.400000000000000000e+01 1.500996493843797315e-12
6.500000000000000000e+01 2.894584364811356763e-12
6.600000000000000000e+01 5.473450249400661209e-12
6.700000000000000000e+01 1.015745796410825020e-11
6.800000000000000000e+01 1.851466749627646150e-11
6.900000000000000000e+01 3.317349522997641957e-11
7.000000000000000000e+01 5.846946811313922703e-11
7.100000000000000000e+01 1.014448312916467888e-10
7.200000000000000000e+01 1.733712978312786823e-10
7.300000000000000000e+01 2.920378118577227220e-10
7.400000000000000000e+01 4.851423989066404022e-10
7.500000000000000000e+01 7.952575240472144299e-10
7.600000000000000000e+01 1.287011085234678646e-09
7.700000000000000000e+01 2.057351386089838169e-09
7.800000000000000000e+01 3.250057489564801285e-09
7.900000000000000000e+01 5.076032008233068133e-09
8.000000000000000000e+01 7.841390055975221836e-09
8.100000000000000000e+01 1.198595706646414928e-08
8.200000000000000000e+01 1.813553384384734677e-08
8.300000000000000000e+01 2.717220714606343001e-08
8.400000000000000000e+01 4.032810924845487438e-08
8.500000000000000000e+01 5.930939463508499997e-08
8.600000000000000000e+01 8.645884396325524427e-08
8.700000000000000000e+01 1.249674658305979166e-07
8.800000000000000000e+01 1.791477899372734414e-07
8.900000000000000000e+01 2.547842782664197242e-07
9.000000000000000000e+01 3.595794738973458989e-07
9.100000000000000000e+01 5.037182123476782647e-07
9.200000000000000000e+01 7.005764921322556954e-07
9.300000000000000000e+01 9.676064951157047118e-07
9.400000000000000000e+01 1.327434819586484957e-06
9.500000000000000000e+01 1.809217296277672047e-06
9.600000000000000000e+01 2.450300855698734732e-06
9.700000000000000000e+01 3.298250858670374987e-06
9.800000000000000000e+01 4.413311143278832269e-06
9.900000000000000000e+01 5.871373830039572064e-06
1.000000000000000000e+02 7.767546708552788297e-06
1.010000000000000000e+02 1.022041784440918420e-05
1.020000000000000000e+02 1.337712993021152376e-05
1.030000000000000000e+02 1.741939088876730472e-05
1.040000000000000000e+02 2.257056234229455860e-05
1.050000000000000000e+02 2.910398380375764572e-05
1.060000000000000000e+02 3.735270783185589034e-05
1.070000000000000000e+02 4.772083991757453440e-05
1.080000000000000000e+02 6.069669652616250811e-05
1.090000000000000000e+02 7.686801548287805128e-05
1.100000000000000000e+02 9.693947473288154720e-05
1.110000000000000000e+02 1.217527983842106674e-04
1.120000000000000000e+02 1.523097528066305855e-04
1.130000000000000000e+02 1.897983603469911526e-04
1.140000000000000000e+02 2.356226838622138477e-04
1.150000000000000000e+02 2.914365616831257979e-04
1.160000000000000000e+02 3.591816997155954441e-04
1.170000000000000000e+02 4.411305550604155174e-04
1.180000000000000000e+02 5.399344736822861554e-04
1.190000000000000000e+02 6.586775731654787112e-04
1.200000000000000000e+02 8.009368903365628612e-04
1.210000000000000000e+02 9.708493423839443040e-04
1.220000000000000000e+02 1.173186078925279614e-03
1.230000000000000000e+02 1.413434831127957777e-03
1.240000000000000000e+02 1.697890892331807480e-03
1.250000000000000000e+02 2.033757392511417652e-03
1.260000000000000000e+02 2.429255556200355694e-03
1.270000000000000000e+02 2.893745660032946785e-03
1.280000000000000000e+02 3.437859431693082897e-03
1.290000000000000000e+02 4.073644656646563909e-03
1.300000000000000000e+02 4.814722782429219951e-03
1.310000000000000000e+02 5.676460332325478260e-03
1.320000000000000000e+02 6.676154960863371624e-03
1.330000000000000000e+02 7.833237002539138877e-03
1.340000000000000000e+02 9.169487382440312528e-03
1.350000000000000000e+02 1.070927277283935559e-02
1.360000000000000000e+02 1.247979889326663108e-02
1.370000000000000000e+02 1.451138286293604009e-02
1.380000000000000000e+02 1.683774552359037710e-02
1.390000000000000000e+02 1.949632465776912627e-02
1.400000000000000000e+02 2.252861003209734661e-02
1.410000000000000000e+02 2.598050119738271047e-02
1.420000000000000000e+02 2.990268897702788239e-02
1.430000000000000000e+02 3.435106157246711756e-02
1.440000000000000000e+02 3.938713620898273704e-02
1.450000000000000000e+02 4.507851723731609583e-02
1.460000000000000000e+02 5.149938159594694836e-02
1.470000000000000000e+02 5.873099252576038931e-02
1.480000000000000000e+02 6.686224241306155947e-02
1.490000000000000000e+02 7.599022561854446023e-02
1.500000000000000000e+02 8.622084212889642718e-02
1.510000000000000000e+02 9.766943284426045369e-02
1.520000000000000000e+02 1.104614472888234833e-01
1.530000000000000000e+02 1.247331445034030872e-01
1.540000000000000000e+02 1.406323278481313721e-01
1.550000000000000000e+02 1.583191144102501779e-01
1.560000000000000000e+02 1.779667396767124765e-01
1.570000000000000000e+02 1.997623980938219856e-01
1.580000000000000000e+02 2.239081200966221707e-01
1.590000000000000000e+02 2.506216861492683301e-01
1.600000000000000000e+02 2.801375782942889248e-01
1.610000000000000000e+02 3.127079696635681749e-01
1.620000000000000000e+02 3.486037523571888785e-01
1.630000000000000000e+02 3.881156040480580605e-01
1.640000000000000000e+02 4.315550936206553612e-01
1.650000000000000000e+02 4.792558261013850074e-01
1.660000000000000000e+02 5.315746270860243206e-01
1.670000000000000000e+02 5.888927668167862617e-01
1.680000000000000000e+02 6.516172240076482103e-01
1.690000000000000000e+02 7.201819894620123952e-01
1.700000000000000000e+02 7.950494094715682136e-01
1.710000000000000000e+02 8.767115689295610359e-01
1.720000000000000000e+02 9.656917140356697793e-01
1.730000000000000000e+02 1.062545714413492881e+00
1.740000000000000000e+02 1.167863564405347887e+00
1.750000000000000000e+02 1.282270923252877948e+00
1.760000000000000000e+02 1.406430693815885036e+00
1.770000000000000000e+02 1.541044639426096374e+00
1.780000000000000000e+02 1.686855038417202968e+00
1.790000000000000000e+02 1.844646375817768469e+00
1.800000000000000000e+02 2.015247071639458376e+00
1.810000000000000000e+02 2.199531245139673352e+00
1.820000000000000000e+02 2.398420514385199098e+00
1.830000000000000000e+02 2.612885830391948438e+00
1.840000000000000000e+02 2.843949345065425405e+00
1.850000000000000000e+02 3.092686312117281400e+00
1.860000000000000000e+02 3.360227020085252647e+00
1.870000000000000000e+02 3.647758756537121005e+00
1.880000000000000000e+02 3.956527802493995161e+00
1.890000000000000000e+02 4.287841456064474421e+00
1.900000000000000000e+02 4.643070084238928530e+00
1.910000000000000000e+02 5.023649201752550475e+00
1.920000000000000000e+02 5.431081575886864243e+00
1.930000000000000000e+02 5.866939356042088605e+00
1.940000000000000000e+02 6.332866226877361449e+00
1.950000000000000000e+02 6.830579583782138364e+00
1.960000000000000000e+02 7.361872729410246841e+00
1.970000000000000000e+02 7.928617089978271970e+00
1.980000000000000000e+02 8.532764450001783629e+00
1.990000000000000000e+02 9.176349204117013159e+00
2.000000000000000000e+02 9.861490624611324307e+00
2.010000000000000000e+02 1.059039514326375908e+01
2.020000000000000000e+02 1.136535864607669488e+01
2.030000000000000000e+02 1.218876877946151538e+01
2.040000000000000000e+02 1.306310726642481690e+01
2.050000000000000000e+02 1.399095223128762377e+01
2.060000000000000000e+02 1.497498053145758945e+01
2.070000000000000000e+02 1.601797009476392120e+01
2.080000000000000000e+02 1.712280226085637480e+01
2.090000000000000000e+02 1.829246412516310016e+01
2.100000000000000000e+02 1.953005088389745580e+01
2.110000000000000000e+02 2.083876817860170050e+01
2.120000000000000000e+02 2.222193443871353224e+01
2.130000000000000000e+02 2.368298322064361017e+01
2.140000000000000000e+02 2.522546554185410272e+01
2.150000000000000000e+02 2.685305220843284602e+01
2.160000000000000000e+02 2.856953613466421871e+01
2.170000000000000000e+02 3.037883465310531506e+01
2.180000000000000000e+02 3.228499181368542992e+01
2.190000000000000000e+02 3.429218067035824191e+01
2.200000000000000000e+02 3.640470555384827378e+01
2.210000000000000000e+02 3.862700432904722447e+01
2.220000000000000000e+02 4.096365063563166586e+01
2.230000000000000000e+02 4.341935611048995725e+01
2.240000000000000000e+02 4.599897259056456988e+01
2.250000000000000000e+02 4.870749429473599434e+01
2.260000000000000000e+02 5.155005998339400008e+01
2.270000000000000000e+02 5.453195509436527288e+01
2.280000000000000000e+02 5.765861385388830485e+01
2.290000000000000000e+02 6.093562136135126650e+01
2.300000000000000000e+02 6.436871564653344535e+01
2.310000000000000000e+02 6.796378969811657100e+01
2.320000000000000000e+02 7.172689346226030693e+01
2.330000000000000000e+02 7.566423581006296217e+01
2.340000000000000000e+02 7.978218647275740238e+01
2.350000000000000000e+02 8.408727794352263629e+01
2.360000000000000000e+02 8.858620734481978332e+01
2.370000000000000000e+02 9.328583826019342951e+01
2.380000000000000000e+02 9.819320252951027328e+01
2.390000000000000000e+02 1.033155020066384395e+02
2.400000000000000000e+02 1.086601102786038382e+02
2.410000000000000000e+02 1.142345743452925433e+02
2.420000000000000000e+02 1.200466162588014782e+02
2.430000000000000000e+02 1.261041347215728194e+02
2.440000000000000000e+02 1.324152066424823602e+02
2.450000000000000000e+02 1.389880886500855866e+02
2.460000000000000000e+02 1.458312185622590960e+02
2.470000000000000000e+02 1.529532168115111119e+02
2.480000000000000000e+02 1.603628878252675918e+02
2.490000000000000000e+02 1.680692213604764618e+02
2.500000000000000000e+02 1.760813937919068906e+02
2.510000000000000000e+02 1.844087693535554706e+02
2.520000000000000000e+02 1.930609013326049137e+02
2.530000000000000000e+02 2.020475332154174168e+02
2.540000000000000000e+02 2.113785997850782508e+02
2.550000000000000000e+02 2.210642281700382910e+02
2.560000000000000000e+02 2.311147388434421259e+02
2.570000000000000000e+02 2.415406465727579359e+02
2.580000000000000000e+02 2.523526613193627384e+02
2.590000000000000000e+02 2.635616890877684000e+02
2.600000000000000000e+02 2.751788327242069840e+02
2.610000000000000000e+02 2.872153926643276804e+02
2.620000000000000000e+02 2.996828676297899960e+02
2.630000000000000000e+02 3.125929552735696006e+02
2.640000000000000000e+02 3.259575527738247160e+02
2.650000000000000000e+02 3.397887573762043303e+02
2.660000000000000000e+02 3.540988668845074017e+02
2.670000000000000000e+02 3.689003800996363793e+02
2.680000000000000000e+02 3.842059972068140610e+02
2.690000000000000000e+02 4.000286201110655497e+02
2.700000000000000000e+02 4.163813527209968015e+02
2.710000000000000000e+02 4.332775011809251282e+02
2.720000000000000000e+02 4.507305740514505601e+02
2.730000000000000000e+02 4.687542824385798212e+02
2.740000000000000000e+02 4.873625400715450269e+02
2.750000000000000000e+02 5.065694633294823461e+02
2.760000000000000000e+02 5.263893712171649213e+02
2.770000000000000000e+02 5.468367852900057642e+02
2.780000000000000000e+02 5.679264295285734079e+02
2.790000000000000000e+02 5.896732301628875348e+02
2.800000000000000000e+02 6.120923154467806171e+02
2.810000000000000000e+02 6.351990153826396863e+02
2.820000000000000000e+02 6.590088613968640630e+02
2.830000000000000000e+02 6.835375859663877236e+02
2.840000000000000000e+02 7.088011221966497715e+02
2.850000000000000000e+02 7.348156033514026149e+02
2.860000000000000000e+02 7.615973623347804278e+02
2.870000000000000000e+02 7.891629311260546729e+02
2.880000000000000000e+02 8.175290401675348448e+02
2.890000000000000000e+02 8.467126177060829377e+02
2.900000000000000000e+02 8.767307890887288977e+02
2.910000000000000000e+02 9.076008760128894437e+02
2.920000000000000000e+02 9.393403957317129880e+02
2.930000000000000000e+02 9.719670602150802097e+02
2.940000000000000000e+02 1.005498775266813823e+03
2.950000000000000000e+02 1.039953639598654263e+03
2.960000000000000000e+02 1.075349943861587008e+03
2.970000000000000000e+02 1.111706169635097240e+03
2.980000000000000000e+02 1.149040988374962808e+03
2.990000000000000000e+02 1.187373260320191548e+03
3.000000000000000000e+02 1.226722033359730858e+03
3.010000000000000000e+02 1.267106541859574008e+03
3.020000000000000000e+02 1.308546205450918478e+03
3.030000000000000000e+02 1.351060627780010918e+03
3.040000000000000000e+02 1.394669595220363362e+03
3.050000000000000000e+02 1.439393075547977105e+03
3.060000000000000000e+02 1.485251216580285018e+03
3.070000000000000000e+02 1.532264344779463272e+03
3.080000000000000000e+02 1.580452963820827563e+03
3.090000000000000000e+02 1.629837753126989355e+03
3.100000000000000000e+02 1.680439566368480655e+03
3.110000000000000000e+02 1.732279429931560117e+03
3.120000000000000000e+02 1.785378541353888750e+03
3.130000000000000000e+02 1.839758267728818055e+03
3.140000000000000000e+02 1.895440144078973844e+03
3.150000000000000000e+02 1.952445871699888585e+03
3.160000000000000000e+02 2.010797316474377112e+03
3.170000000000000000e+02 2.070516507158399691e+03
3.180000000000000000e+02 2.131625633639127045e+03
3.190000000000000000e+02 2.194147045165937470e+03
3.200000000000000000e+02 2.258103248555076334e+03
3.210000000000000000e+02 2.323516906368701711e+03
3.220000000000000000e+02 2.390410835069052609e+03
3.230000000000000000e+02 2.458808003148454645e+03
3.240000000000000000e+02 2.528731529235901689e+03
3.250000000000000000e+02 2.600204680180939704e+03
3.260000000000000000e+02 2.673250869115565365e+03
3.270000000000000000e+02 2.747893653494873433e+03
3.280000000000000000e+02 2.824156733117176827e+03
3.290000000000000000e+02 2.902063948124292892e+03
3.300000000000000000e+02 2.981639276982751653e+03
3.310000000000000000e+02 3.062906834446600442e+03
3.320000000000000000e+02 3.145890869502528858e+03
3.330000000000000000e+02 3.230615763298029378e+03
3.340000000000000000e+02 3.317106027053273465e+03
3.350000000000000000e+02 3.405386299957418942e+03
3.360000000000000000e+02 3.495481347050029399e+03
3.370000000000000000e+02 3.587416057088299567e+03
3.380000000000000000e+02 3.681215440400765146e+03
3.390000000000000000e+02 3.776904626728184667e+03
3.400000000000000000e+02 3.874508863052243669e+03
3.410000000000000000e+02 3.974053511412782427e+03
3.420000000000000000e+02 4.075564046714165670e+03
3.430000000000000000e+02 4.179066054521495062e+03
3.440000000000000000e+02 4.284585228847275175e+03
3.450000000000000000e+02 4.392147369929190972e+03
3.460000000000000000e+02 4.501778381999635712e+03
3.470000000000000000e+02 4.613504271047624570e+03
3.480000000000000000e+02 4.727351142573680590e+03
3.490000000000000000e+02 4.843345199338367820e+03
3.500000000000000000e+02 4.961512739105014589e+03
3.510000000000000000e+02 5.081880152377290869e+03
3.520000000000000000e+02 5.204473920132178137e+03
3.530000000000000000e+02 5.329320611548959278e+03
3.540000000000000000e+02 5.456446881734780618e+03
3.550000000000000000e+02 5.585879469447382689e+03
3.560000000000000000e+02 5.717645194815522700e+03
3.570000000000000000e+02 5.851770957057697160e+03
3.580000000000000000e+02 5.988283732199670339e+03
3.590000000000000000e+02 6.127210570791366990e+03
3.600000000000000000e+02 6.268578595623648653e+03
3.610000000000000000e+02 6.412414999445527428e+03
3.620000000000000000e+02 6.558747042682275605e+03
3.630000000000000000e+02 6.707602051155011395e+03
3.640000000000000000e+02 6.859007413802183692e+03
3.650000000000000000e+02 7.012990580403521562e+03
3.660000000000000000e+02 7.169579059306856834e+03
3.670000000000000000e+02 7.328800415158358192e+03
3.680000000000000000e+02 7.490682266636593340e+03
3.690000000000000000e+02 7.655252284190914907e+03
3.700000000000000000e+02 7.822538187784581169e+03
3.710000000000000000e+02 7.992567744643093647e+03
3.720000000000000000e+02 8.165368767008131726e+03
3.730000000000000000e+02 8.340969109897574526e+03
3.740000000000000000e+02 8.519396668871946531e+03
3.750000000000000000e+02 8.700679377807773562e+03
3.760000000000000000e+02 8.884845206678170143e+03
3.770000000000000000e+02 9.071922159341113002e+03
3.780000000000000000e+02 9.261938271335769969e+03
3.790000000000000000e+02 9.454921607687172582e+03
3.800000000000000000e+02 9.650900260719759899e+03
3.810000000000000000e+02 9.849902347879982699e+03
3.820000000000000000e+02 1.005195600956844282e+04
3.830000000000000000e+02 1.025708940698182414e+04
3.840000000000000000e+02 1.046533071996497893e+04
3.850000000000000000e+02 1.067670814487352982e+04
3.860000000000000000e+02 1.089124989244721655e+04
3.870000000000000000e+02 1.110898418569438218e+04
3.880000000000000000e+02 1.132993925778785888e+04
3.890000000000000000e+02 1.155414334997252445e+04
3.900000000000000000e+02 1.178162470948486407e+04
3.910000000000000000e+02 1.201241158748477756e+04
3.920000000000000000e+02 1.224653223699990122e+04
3.930000000000000000e+02 1.248401491088272996e+04
3.940000000000000000e+02 1.272488785978077794e+04
3.950000000000000000e+02 1.296917933011999958e+04
3.960000000000000000e+02 1.321691756210174754e+04
3.970000000000000000e+02 1.346813078771350592e+04
3.980000000000000000e+02 1.372284722875354419e+04
3.990000000000000000e+02 1.398109509486982824e+04
4.000000000000000000e+02 1.424290258161327620e+04
4.010000000000000000e+02 1.450829786850565870e+04
4.020000000000000000e+02 1.477730911712226589e+04
4.030000000000000000e+02 1.504996446918958281e+04
4.040000000000000000e+02 1.532629204469813521e+04
4.050000000000000000e+02 1.560631994003064392e+04
4.060000000000000000e+02 1.589007622610571707e+04
4.070000000000000000e+02 1.617758894653722564e+04
4.080000000000000000e+02 1.646888611580945144e+04
4.090000000000000000e+02 1.676399571746825677e+04
4.100000000000000000e+02 1.706294570232835395e+04
4.110000000000000000e+02 1.736576398669679475e+04
4.120000000000000000e+02 1.767247845061289263e+04
4.130000000000000000e+02 1.798311693610459406e+04
4.140000000000000000e+02 1.829770724546150086e+04
4.150000000000000000e+02 1.861627713952460181e+04
4.160000000000000000e+02 1.893885433599282987e+04
4.170000000000000000e+02 1.926546650774659793e+04
4.180000000000000000e+02 1.959614128118832741e+04
4.190000000000000000e+02 1.993090623460002098e+04
4.200000000000000000e+02 2.026978889651821009e+04
4.210000000000000000e+02 2.061281674412600842e+04
4.220000000000000000e+02 2.096001720166255473e+04
4.230000000000000000e+02 2.131141763884992179e+04
4.240000000000000000e+02 2.166704536933743293e+04
4.250000000000000000e+02 2.202692764916354281e+04
4.260000000000000000e+02 2.239109167523526776e+04
4.270000000000000000e+02 2.275956458382531127e+04
4.280000000000000000e+02 2.313237344908671002e+04
4.290000000000000000e+02 2.350954528158537141e+04
4.300000000000000000e+02 2.389110702685021533e+04
4.310000000000000000e+02 2.427708556394108746e+04
4.320000000000000000e+02 2.466750770403454590e+04
4.330000000000000000e+02 2.506240018902733573e+04
4.340000000000000000e+02 2.546178969015775874e+04
4.350000000000000000e+02 2.586570280664486927e+04
4.360000000000000000e+02 2.627416606434544155e+04
4.370000000000000000e+02 2.668720591442885052e+04
4.380000000000000000e+02 2.710484873206972770e+04
4.390000000000000000e+02 2.752712081515847967e+04
4.400000000000000000e+02 2.795404838302959615e+04
4.410000000000000000e+02 2.838565757520777697e+04
4.420000000000000000e+02 2.882197445017184509e+04
4.430000000000000000e+02 2.926302498413640205e+04
4.440000000000000000e+02 2.970883506985126951e+04
4.450000000000000000e+02 3.015943051541860405e+04
4.460000000000000000e+02 3.061483704312767441e+04
4.470000000000000000e+02 3.107508028830735566e+04
4.480000000000000000e+02 3.154018579819616571e+04
4.490000000000000000e+02 3.201017903082986595e+04
4.500000000000000000e+02 3.248508535394669161e+04
4.510000000000000000e+02 3.296493004390988790e+04
4.520000000000000000e+02 3.344973828464782855e+04
4.530000000000000000e+02 3.393953516661140748e+04
4.540000000000000000e+02 3.443434568574879086e+04
4.550000000000000000e+02 3.493419474249746418e+04
4.560000000000000000e+02 3.543910714079337777e+04
4.570000000000000000e+02 3.594910758709736547e+04
4.580000000000000000e+02 3.646422068943845807e+04
4.590000000000000000e+02 3.698447095647444803e+04
4.600000000000000000e+02 3.750988279656909435e+04
4.610000000000000000e+02 3.804048051688645501e+04
4.620000000000000000e+02 3.857628832250180858e+04
4.630000000000000000e+02 3.911733031552939792e+04
4.640000000000000000e+02 3.966363049426674843e+04
4.650000000000000000e+02 4.021521275235564099e+04
4.660000000000000000e+02 4.077210087795928121e+04
4.670000000000000000e+02 4.133431855295618880e+04
4.680000000000000000e+02 4.190188935215018864e+04
4.690000000000000000e+02 4.247483674249658361e+04
4.700000000000000000e+02 4.305318408234457456e+04
4.710000000000000000e+02 4.363695462069557834e+04
4.720000000000000000e+02 4.422617149647753104e+04
4.730000000000000000e+02 4.482085773783500917e+04
4.740000000000000000e+02 4.542103626143513975e+04
4.750000000000000000e+02 4.602672987178909534e+04
4.760000000000000000e+02 4.663796126058905065e+04
4.770000000000000000e+02 4.725475300606080418e+04
4.780000000000000000e+02 4.787712757233152661e+04
4.790000000000000000e+02 4.850510730881281779e+04
4.800000000000000000e+02 4.913871444959890505e+04
4.810000000000000000e+02 4.977797111287988082e+04
4.820000000000000000e+02 5.042289930036978330e+04
4.830000000000000000e+02 5.107352089674954914e+04
4.840000000000000000e+02 5.172985766912467807e+04
4.850000000000000000e+02 5.239193126649742771e+04
4.860000000000000000e+02 5.305976321925358934e+04
4.870000000000000000e+02 5.373337493866347359e+04
4.880000000000000000e+02 5.441278771639730257e+04
4.890000000000000000e+02 5.509802272405471740e+04
4.900000000000000000e+02 5.578910101270826999e+04
4.910000000000000000e+02 5.648604351246081205e+04
4.920000000000000000e+02 5.718887103201680293e+04
4.930000000000000000e+02 5.789760425826721621e+04
4.940000000000000000e+02 5.861226375588794326e+04
4.950000000000000000e+02 5.933286996695186826e+04
4.960000000000000000e+02 6.005944321055403270e+04
4.970000000000000000e+02 6.079200368245021673e+04
4.980000000000000000e+02 6.153057145470852265e+04
4.990000000000000000e+02 6.227516647537389508e+04
5.000000000000000000e+02 6.302580856814565777e+04
5.010000000000000000e+02 6.378251743206765241e+04
5.020000000000000000e+02 6.454531264123105939e+04
5.030000000000000000e+02 6.531421364448975510e+04
5.040000000000000000e+02 6.608923976518794370e+04
5.050000000000000000e+02 6.687041020090025268e+04
5.060000000000000000e+02 6.765774402318375360e+04
5.070000000000000000e+02 6.845126017734210473e+04
5.080000000000000000e+02 6.925097748220176436e+04
5.090000000000000000e+02 7.005691462989960564e+04
5.100000000000000000e+02 7.086909018568259489e+04
5.110000000000000000e+02 7.168752258771877678e+04
5.120000000000000000e+02 7.251223014691971184e+04
5.130000000000000000e+02 7.334323104677435185e+04
5.140000000000000000e+02 7.418054334319391637e+04
5.150000000000000000e+02 7.502418496436800342e+04
5.160000000000000000e+02 7.587417371063142491e+04
5.170000000000000000e+02 7.673052725434218883e+04
5.180000000000000000e+02 7.759326313976985693e+04
5.190000000000000000e+02 7.846239878299462725e+04
5.200000000000000000e+02 7.933795147181702487e+04
5.210000000000000000e+02 8.021993836567769176e+04
5.220000000000000000e+02 8.110837649558739213e+04
5.230000000000000000e+02 8.200328276406755322e+04
5.240000000000000000e+02 8.290467394510020677e+04
5.250000000000000000e+02 8.381256668408820406e+04
5.260000000000000000e+02 8.472697749782506435e+04
5.270000000000000000e+02 8.564792277447444212e+04
5.280000000000000000e+02 8.657541877355912584e+04
5.290000000000000000e+02 8.750948162595950998e+04
5.300000000000000000e+02 8.845012733392124937e+04
5.310000000000000000e+02 8.939737177107211028e+04
5.320000000000000000e+02 9.035123068244788738e+04
5.330000000000000000e+02 9.131171968452744477e+04
5.340000000000000000e+02 9.227885426527618256e+04
5.350000000000000000e+02 9.325264978419858380e+04
5.360000000000000000e+02 9.423312147239920159e+04
5.370000000000000000e+02 9.522028443265220267e+04
5.380000000000000000e+02 9.621415363947911828e+04
5.390000000000000000e+02 9.721474393923515163e+04
5.400000000000000000e+02 9.822207005020334327e+04
5.410000000000000000e+02 9.923614656269692932e+04
5.420000000000000000e+02 1.002569879391696595e+05
5.430000000000000000e+02 1.012846085143337841e+05
5.440000000000000000e+02 1.023190224952859717e+05
5.450000000000000000e+02 1.033602439616406045e+05
5.460000000000000000e+02 1.044082868656706560e+05
5.470000000000000000e+02 1.054631650324561779e+05
5.480000000000000000e+02 1.065248921600394970e+05
5.490000000000000000e+02 1.075934818195883418e+05
5.500000000000000000e+02 1.086689474555653433e+05
5.510000000000000000e+02 1.097513023859050736e+05
5.520000000000000000e+02 1.108405598021974001e+05
5.530000000000000000e+02 1.119367327698781010e+05
5.540000000000000000e+02 1.130398342284258251e+05
5.550000000000000000e+02 1.141498769915656740e+05
5.560000000000000000e+02 1.152668737474792724e+05
5.570000000000000000e+02 1.163908370590211416e+05
5.580000000000000000e+02 1.175217793639414740e+05
5.590000000000000000e+02 1.186597129751147295e+05
5.600000000000000000e+02 1.198046500807745906e+05
5.610000000000000000e+02 1.209566027447548695e+05
5.620000000000000000e+02 1.221155829067359882e+05
5.630000000000000000e+02 1.232816023824975273e+05
5.640000000000000000e+02 1.244546728641762311e+05
5.650000000000000000e+02 1.256348059205298196e+05
5.660000000000000000e+02 1.268220129972058639e+05
5.670000000000000000e+02 1.280163054170165706e+05
5.680000000000000000e+02 1.292176943802184251e+05
5.690000000000000000e+02 1.304261909647972498e+05
5.700000000000000000e+02 1.316418061267582816e+05
5.710000000000000000e+02 1.328645507004213287e+05
5.720000000000000000e+02 1.340944353987206996e+05
5.730000000000000000e+02 1.353314708135103574e+05
5.740000000000000000e+02 1.365756674158731767e+05
5.750000000000000000e+02 1.378270355564355268e+05
5.760000000000000000e+02 1.390855854656860465e+05
5.770000000000000000e+02 1.403513272542988125e+05
5.780000000000000000e+02 1.416242709134612815e+05
5.790000000000000000e+02 1.429044263152064523e+05
5.800000000000000000e+02 1.441918032127487531e+05
5.810000000000000000e+02 1.454864112408249639e+05
5.820000000000000000e+02 1.467882599160383979e+05
5.830000000000000000e+02 1.480973586372073914e+05
5.840000000000000000e+02 1.494137166857179545e+05
5.850000000000000000e+02 1.507373432258796529e+05
5.860000000000000000e+02 1.520682473052859423e+05
5.870000000000000000e+02 1.534064378551773552e+05
5.880000000000000000e+02 1.547519236908091989e+05
5.890000000000000000e+02 1.561047135118218430e+05
5.900000000000000000e+02 1.574648159026151989e+05
5.910000000000000000e+02 1.588322393327260797e+05
5.920000000000000000e+02 1.602069921572089079e+05
5.930000000000000000e+02 1.615890826170200307e+05
5.940000000000000000e+02 1.629785188394044817e+05
5.950000000000000000e+02 1.643753088382866408e+05
5.960000000000000000e+02 1.657794605146629328e+05
5.970000000000000000e+02 1.671909816569982795e+05
5.980000000000000000e+02 1.686098799416249967e+05
5.990000000000000000e+02 1.700361629331444274e+05
6.000000000000000000e+02 1.714698380848316883e+05
6.010000000000000000e+02 1.729109127390423673e+05
6.020000000000000000e+02 1.743593941276224796e+05
6.030000000000000000e+02 1.758152893723206362e+05
6.040000000000000000e+02 1.772786054852023663e+05
6.050000000000000000e+02 1.787493493690677278e+05
6.060000000000000000e+02 1.802275278178698791e+05
6.070000000000000000e+02 1.817131475171374041e+05
6.080000000000000000e+02 1.832062150443972205e+05
6.090000000000000000e+02 1.847067368696011254e+05
6.100000000000000000e+02 1.862147193555535632e+05
6.110000000000000000e+02 1.877301687583412568e+05
6.120000000000000000e+02 1.892530912277654279e+05
6.130000000000000000e+02 1.907834928077753866e+05
6.140000000000000000e+02 1.923213794369040115e+05
6.150000000000000000e+02 1.938667569487052679e+05
6.160000000000000000e+02 1.954196310721931513e+05
6.170000000000000000e+02 1.969800074322822038e+05
6.180000000000000000e+02 1.985478915502300661e+05
6.190000000000000000e+02 2.001232888440811075e+05
6.200000000000000000e+02 2.017062046291117731e+05
6.210000000000000000e+02 2.032966441182770941e+05
6.220000000000000000e+02 2.048946124226591783e+05
6.230000000000000000e+02 2.065001145519160200e+05
6.240000000000000000e+02 2.081131554147328716e+05
6.250000000000000000e+02 2.097337398192735272e+05
6.260000000000000000e+02 2.113618724736336735e+05
6.270000000000000000e+02 2.129975579862948798e+05
6.280000000000000000e+02 2.146408008665799862e+05
6.290000000000000000e+02 2.162916055251092184e+05
6.300000000000000000e+02 2.179499762742575258e+05
6.310000000000000000e+02 2.196159173286124133e+05
6.320000000000000000e+02 2.212894328054333746e+05
6.330000000000000000e+02 2.229705267251111509e+05
6.340000000000000000e+02 2.246592030116290262e+05
6.350000000000000000e+02 2.263554654930234537e+05
6.360000000000000000e+02 2.280593179018464871e+05
6.370000000000000000e+02 2.297707638756283559e+05
6.380000000000000000e+02 2.314898069573405664e+05
6.390000000000000000e+02 2.332164505958602531e+05
6.400000000000000000e+02 2.349506981464336568e+05
6.410000000000000000e+02 2.366925528711416700e+05
6.420000000000000000e+02 2.384420179393647704e+05
6.430000000000000000e+02 2.401990964282486530e+05
6.440000000000000000e+02 2.419637913231701823e+05
6.450000000000000000e+02 2.437361055182039563e+05
6.460000000000000000e+02 2.455160418165884912e+05
6.470000000000000000e+02 2.473036029311931634e+05
6.480000000000000000e+02 2.490987914849854133e+05
6.490000000000000000e+02 2.509016100114975416e+05
6.500000000000000000e+02 2.527120609552944661e+05
6.510000000000000000e+02 2.545301466724404600e+05
6.520000000000000000e+02 2.563558694309670827e+05
6.530000000000000000e+02 2.581892314113404136e+05
6.540000000000000000e+02 2.600302347069284588e+05
6.550000000000000000e+02 2.618788813244684425e+05
6.560000000000000000e+02 2.637351731845343602e+05
6.570000000000000000e+02 2.655991121220038040e+05
6.580000000000000000e+02 2.674706998865250498e+05
6.590000000000000000e+02 2.693499381429838249e+05
6.600000000000000000e+02 2.712368284719701624e+05
6.610000000000000000e+02 2.731313723702444695e+05
6.620000000000000000e+02 2.750335712512035388e+05
6.630000000000000000e+02 2.769434264453466167e+05
6.640000000000000000e+02 2.788609392007407732e+05
6.650000000000000000e+02 2.807861106834852835e+05
6.660000000000000000e+02 2.827189419781771721e+05
6.670000000000000000e+02 2.846594340883753030e+05
6.680000000000000000e+02 2.866075879370634793e+05
6.690000000000000000e+02 2.885634043671144755e+05
6.700000000000000000e+02 2.905268841417523799e+05
6.710000000000000000e+02 2.924980279450152302e+05
6.720000000000000000e+02 2.944768363822161336e+05
6.730000000000000000e+02 2.964633099804049125e+05
6.740000000000000000e+02 2.984574491888285847e+05
6.750000000000000000e+02 3.004592543793906225e+05
6.760000000000000000e+02 3.024687258471110836e+05
6.770000000000000000e+02 3.044858638105842401e+05
6.780000000000000000e+02 3.065106684124370804e+05
6.790000000000000000e+02 3.085431397197855404e+05
6.800000000000000000e+02 3.105832777246921905e+05
6.810000000000000000e+02 3.126310823446204304e+05
6.820000000000000000e+02 3.146865534228898468e+05
6.830000000000000000e+02 3.167496907291302341e+05
6.840000000000000000e+02 3.188204939597347402e+05
6.850000000000000000e+02 3.208989627383114421e+05
6.860000000000000000e+02 3.229850966161356773e+05
6.870000000000000000e+02 3.250788950725997565e+05
6.880000000000000000e+02 3.271803575156629086e+05
6.890000000000000000e+02 3.292894832822998869e+05
6.900000000000000000e+02 3.314062716389481793e+05
6.910000000000000000e+02 3.335307217819551006e+05
6.920000000000000000e+02 3.356628328380234889e+05
6.930000000000000000e+02 3.378026038646561210e+05
6.940000000000000000e+02 3.399500338505993714e+05
6.950000000000000000e+02 3.421051217162860557e+05
6.960000000000000000e+02 3.442678663142768200e+05
6.970000000000000000e+02 3.464382664297005394e+05
6.980000000000000000e+02 3.486163207806933206e+05
6.990000000000000000e+02 3.508020280188376782e+05
7.000000000000000000e+02 3.529953867295988603e+05
7.010000000000000000e+02 3.551963954327610554e+05
7.020000000000000000e+02 3.574050525828622049e+05
7.030000000000000000e+02 3.596213565696276492e+05
7.040000000000000000e+02 3.618453057184026111e+05
7.050000000000000000e+02 3.640768982905836310e+05
7.060000000000000000e+02 3.663161324840483721e+05
7.070000000000000000e+02 3.685630064335841453e+05
7.080000000000000000e+02 3.708175182113167248e+05
7.090000000000000000e+02 3.730796658271350316e+05
7.100000000000000000e+02 3.753494472291175043e+05
7.110000000000000000e+02 3.776268603039554437e+05
7.120000000000000000e+02 3.799119028773755417e+05
7.130000000000000000e+02 3.822045727145608980e+05
7.140000000000000000e+02 3.845048675205713953e+05
7.150000000000000000e+02 3.868127849407620961e+05
7.160000000000000000e+02 3.891283225612002425e+05
7.170000000000000000e+02 3.914514779090816155e+05
7.180000000000000000e+02 3.937822484531450318e+05
7.190000000000000000e+02 3.961206316040850361e+05
7.200000000000000000e+02 3.984666247149648843e+05
7.210000000000000000e+02 4.008202250816255691e+05
7.220000000000000000e+02 4.031814299430960091e+05
7.230000000000000000e+02 4.055502364820006769e+05
7.240000000000000000e+02 4.079266418249648414e+05
7.250000000000000000e+02 4.103106430430211476e+05
7.260000000000000000e+02 4.127022371520110755e+05
7.270000000000000000e+02 4.151014211129887262e+05
7.280000000000000000e+02 4.175081918326206505e+05
7.290000000000000000e+02 4.199225461635845713e+05
7.300000000000000000e+02 4.223444809049677569e+05
7.310000000000000000e+02 4.247739928026632406e+05
7.320000000000000000e+02 4.272110785497640609e+05
7.330000000000000000e+02 4.296557347869569203e+05
7.340000000000000000e+02 4.321079581029138644e+05
7.350000000000000000e+02 4.345677450346833211e+05
7.360000000000000000e+02 4.370350920680773561e+05
7.370000000000000000e+02 4.395099956380606745e+05
7.380000000000000000e+02 4.419924521291356650e+05
7.390000000000000000e+02 4.444824578757266863e+05
7.400000000000000000e+02 4.469800091625634232e+05
7.410000000000000000e+02 4.494851022250615060e+05
7.420000000000000000e+02 4.519977332497030147e+05
7.430000000000000000e+02 4.545178983744143043e+05
7.440000000000000000e+02 4.570455936889426666e+05
7.450000000000000000e+02 4.595808152352321194e+05
7.460000000000000000e+02 4.621235590077965753e+05
7.470000000000000000e+02 4.646738209540920216e+05
7.480000000000000000e+02 4.672315969748874777e+05
7.490000000000000000e+02 4.697968829246334499e+05
7.500000000000000000e+02 4.723696746118300362e+05
7.510000000000000000e+02 4.749499677993924124e+05
7.520000000000000000e+02 4.775377582050156198e+05
7.530000000000000000e+02 4.801330415015368490e+05
7.540000000000000000e+02 4.827358133172976086e+05
7.550000000000000000e+02 4.853460692365020514e+05
7.560000000000000000e+02 4.879638047995765810e+05
7.570000000000000000e+02 4.905890155035255011e+05
7.580000000000000000e+02 4.932216968022862566e+05
7.590000000000000000e+02 4.958618441070828703e+05
7.600000000000000000e+02 4.985094527867780416e+05
7.610000000000000000e+02 5.011645181682225666e+05
7.620000000000000000e+02 5.038270355366053409e+05
7.630000000000000000e+02 5.064970001357992878e+05
7.640000000000000000e+02 5.091744071687078103e+05
7.650000000000000000e+02 5.118592517976079835e+05
7.660000000000000000e+02 5.145515291444933391e+05
7.670000000000000000e+02 5.172512342914150213e+05
7.680000000000000000e+02 5.199583622808203800e+05
7.690000000000000000e+02 5.226729081158905756e+05
7.700000000000000000e+02 5.253948667608773103e+05
7.710000000000000000e+02 5.281242331414369401e+05
7.720000000000000000e+02 5.308610021449628985e+05
7.730000000000000000e+02 5.336051686209177133e+05
7.740000000000000000e+02 5.363567273811629275e+05
7.750000000000000000e+02 5.391156732002858771e+05
7.760000000000000000e+02 5.418820008159275167e+05
7.770000000000000000e+02 5.446557049291076837e+05
7.780000000000000000e+02 5.474367802045468707e+05
7.790000000000000000e+02 5.502252212709898595e+05
7.800000000000000000e+02 5.530210227215249324e+05
7.810000000000000000e+02 5.558241791139023844e+05
7.820000000000000000e+02 5.586346849708524533e+05
7.830000000000000000e+02 5.614525347803999903e+05
7.840000000000000000e+02 5.642777229961797129e+05
7.850000000000000000e+02 5.671102440377465682e+05
7.860000000000000000e+02 5.699500922908879584e+05
7.870000000000000000e+02 5.727972621079330565e+05
7.880000000000000000e+02 5.756517478080599103e+05
7.890000000000000000e+02 5.785135436776010320e+05
7.900000000000000000e+02 5.813826439703496872e+05
7.910000000000000000e+02 5.842590429078611778e+05
7.920000000000000000e+02 5.871427346797542414e+05
7.930000000000000000e+02 5.900337134440131485e+05
7.940000000000000000e+02 5.929319733272828162e+05
7.950000000000000000e+02 5.958375084251674125e+05
7.960000000000000000e+02 5.987503128025260521e+05
7.970000000000000000e+02 6.016703804937645327e+05
7.980000000000000000e+02 6.045977055031295167e+05
7.990000000000000000e+02 6.075322818049971247e+05
8.000000000000000000e+02 6.104741033441636246e+05
8.010000000000000000e+02 6.134231640361320460e+05
8.020000000000000000e+02 6.163794577673978638e+05
8.030000000000000000e+02 6.193429783957343316e+05
8.040000000000000000e+02 6.223137197504747892e+05
8.050000000000000000e+02 6.252916756327935727e+05
8.060000000000000000e+02 6.282768398159865756e+05
8.070000000000000000e+02 6.312692060457494808e+05
8.080000000000000000e+02 6.342687680404542480e+05
8.090000000000000000e+02 6.372755194914244348e+05
8.100000000000000000e+02 6.402894540632087737e+05
8.110000000000000000e+02 6.433105653938543983e+05
8.120000000000000000e+02 6.463388470951762283e+05
8.130000000000000000e+02 6.493742927530268207e+05
8.140000000000000000e+02 6.524168959275649395e+05
8.150000000000000000e+02 6.554666501535201678e+05
8.160000000000000000e+02 6.585235489404588006e+05
8.170000000000000000e+02 6.615875857730475254e+05
8.180000000000000000e+02 6.646587541113132611e+05
8.190000000000000000e+02 6.677370473909061402e+05
8.200000000000000000e+02 6.708224590233562049e+05
8.210000000000000000e+02 6.739149823963318486e+05
8.220000000000000000e+02 6.770146108738955809e+05
8.230000000000000000e+02 6.801213377967582783e+05
8.240000000000000000e+02 6.832351564825319219e+05
8.250000000000000000e+02 6.863560602259822190e+05
8.260000000000000000e+02 6.894840422992770327e+05
8.270000000000000000e+02 6.926190959522369085e+05
8.280000000000000000e+02 6.957612144125805935e+05
8.290000000000000000e+02 6.989103908861718373e+05
8.300000000000000000e+02 7.020666185572629329e+05
8.310000000000000000e+02 7.052298905887386063e+05
8.320000000000000000e+02 7.084002001223566476e+05
8.330000000000000000e+02 7.115775402789886575e+05
8.340000000000000000e+02 7.147619041588575346e+05
8.350000000000000000e+02 7.179532848417757777e+05
8.360000000000000000e+02 7.211516753873811103e+05
8.370000000000000000e+02 7.243570688353707083e+05
8.380000000000000000e+02 7.275694582057340303e+05
8.390000000000000000e+02 7.307888364989851834e+05
8.400000000000000000e+02 7.340151966963921441e+05
8.410000000000000000e+02 7.372485317602058640e+05
8.420000000000000000e+02 7.404888346338886768e+05
8.430000000000000000e+02 7.437360982423392124e+05
8.440000000000000000e+02 7.469903154921177775e+05
8.450000000000000000e+02 7.502514792716695229e+05
8.460000000000000000e+02 7.535195824515459826e+05
8.470000000000000000e+02 7.567946178846271941e+05
8.480000000000000000e+02 7.600765784063389292e+05
8.490000000000000000e+02 7.633654568348720204e+05
8.500000000000000000e+02 7.666612459713992430e+05
8.510000000000000000e+02 7.699639386002890533e+05
8.520000000000000000e+02 7.732735274893207243e+05
8.530000000000000000e+02 7.765900053898972692e+05
8.540000000000000000e+02 7.799133650372553384e+05
8.550000000000000000e+02 7.832435991506761638e+05
8.560000000000000000e+02 7.865807004336944083e+05
8.570000000000000000e+02 7.899246615743045695e+05
8.580000000000000000e+02 7.932754752451680833e+05
8.590000000000000000e+02 7.966331341038175160e+05
8.600000000000000000e+02 7.999976307928601746e+05
8.610000000000000000e+02 8.033689579401796218e+05
8.620000000000000000e+02 8.067471081591376569e+05
8.630000000000000000e+02 8.101320740487738512e+05
8.640000000000000000e+02 8.135238481940024067e+05
8.650000000000000000e+02 8.169224231658112258e+05
8.660000000000000000e+02 8.203277915214564418e+05
8.670000000000000000e+02 8.237399458046572981e+05
8.680000000000000000e+02 8.271588785457895137e+05
8.690000000000000000e+02 8.305845822620780673e+05
8.700000000000000000e+02 8.340170494577859063e+05
8.710000000000000000e+02 8.374562726244060323e+05
8.720000000000000000e+02 8.409022442408483475e+05
8.730000000000000000e+02 8.443549567736272002e+05
8.740000000000000000e+02 8.478144026770475321e+05
8.750000000000000000e+02 8.512805743933886988e+05
8.760000000000000000e+02 8.547534643530898029e+05
8.770000000000000000e+02 8.582330649749290897e+05
8.780000000000000000e+02 8.617193686662085820e+05
8.790000000000000000e+02 8.652123678229303332e+05
8.800000000000000000e+02 8.687120548299780348e+05
8.810000000000000000e+02 8.722184220612929203e+05
8.820000000000000000e+02 8.757314618800510652e+05
8.830000000000000000e+02 8.792511666388369631e+05
8.840000000000000000e+02 8.827775286798201269e+05
8.850000000000000000e+02 8.863105403349252883e+05
8.860000000000000000e+02 8.898501939260052750e+05
8.870000000000000000e+02 8.933964817650123732e+05
8.880000000000000000e+02 8.969493961541655008e+05
8.890000000000000000e+02 9.005089293861207552e+05
8.900000000000000000e+02 9.040750737441369565e+05
8.910000000000000000e+02 9.076478215022422373e+05
8.920000000000000000e+02 9.112271649253988871e+05
8.930000000000000000e+02 9.148130962696666829e+05
8.940000000000000000e+02 9.184056077823664527e+05
8.950000000000000000e+02 9.220046917022399139e+05
8.960000000000000000e+02 9.256103402596120723e+05
8.970000000000000000e+02 9.292225456765484996e+05
8.980000000000000000e+02 9.328413001670150552e+05
8.990000000000000000e+02 9.364665959370341152e+05
9.000000000000000000e+02 9.400984251848412678e+05
9.010000000000000000e+02 9.437367801010397961e+05
9.020000000000000000e+02 9.473816528687538812e+05
9.030000000000000000e+02 9.510330356637833174e+05
9.040000000000000000e+02 9.546909206547529902e+05
9.050000000000000000e+02 9.583553000032652635e+05
9.060000000000000000e+02 9.620261658640482929e+05
9.070000000000000000e+02 9.657035103851059685e+05
9.080000000000000000e+02 9.693873257078638999e+05
9.090000000000000000e+02 9.730776039673170308e+05
9.100000000000000000e+02 9.767743372921752743e+05
9.110000000000000000e+02 9.804775178050062386e+05
9.120000000000000000e+02 9.841871376223809784e+05
9.130000000000000000e+02 9.879031888550136937e+05
9.140000000000000000e+02 9.916256636079060845e+05
9.150000000000000000e+02 9.953545539804853033e+05
9.160000000000000000e+02 9.990898520667447010e+05
9.170000000000000000e+02 1.002831549955380848e+06
9.180000000000000000e+02 1.006579639729932416e+06
9.190000000000000000e+02 1.010334113468915806e+06
9.200000000000000000e+02 1.014094963245960185e+06
9.210000000000000000e+02 1.017862181129942765e+06
9.220000000000000000e+02 1.021635759185121278e+06
9.230000000000000000e+02 1.025415689471267513e+06
9.240000000000000000e+02 1.029201964043797692e+06
9.250000000000000000e+02 1.032994574953904026e+06
9.260000000000000000e+02 1.036793514248683583e+06
9.270000000000000000e+02 1.040598773971267510e+06
9.280000000000000000e+02 1.044410346160947927e+06
9.290000000000000000e+02 1.048228222853305982e+06
9.300000000000000000e+02 1.052052396080336068e+06
9.310000000000000000e+02 1.055882857870572712e+06
9.320000000000000000e+02 1.059719600249212235e+06
9.330000000000000000e+02 1.063562615238237660e+06
9.340000000000000000e+02 1.067411894856540719e+06
9.350000000000000000e+02 1.071267431120041525e+06
9.360000000000000000e+02 1.075129216041810811e+06
9.370000000000000000e+02 1.078997241632187506e+06
9.380000000000000000e+02 1.082871499898900045e+06
9.390000000000000000e+02 1.086751982847181382e+06
9.400000000000000000e+02 1.090638682479886105e+06
9.410000000000000000e+02 1.094531590797607787e+06
9.420000000000000000e+02 1.098430699798792368e+06
9.430000000000000000e+02 1.102336001479854807e+06
9.440000000000000000e+02 1.106247487835288048e+06
9.450000000000000000e+02 1.110165150857780129e+06
9.460000000000000000e+02 1.114088982538322685e+06
9.470000000000000000e+02 1.118018974866322940e+06
9.480000000000000000e+02 1.121955119829712436e+06
9.490000000000000000e+02 1.125897409415058326e+06
9.500000000000000000e+02 1.129845835607668851e+06
9.510000000000000000e+02 1.133800390391702997e+06
9.520000000000000000e+02 1.137761065750274574e+06
9.530000000000000000e+02 1.141727853665561182e+06
9.540000000000000000e+02 1.145700746118905023e+06
9.550000000000000000e+02 1.149679735090920934e+06
9.560000000000000000e+02 1.153664812561597442e+06
9.570000000000000000e+02 1.157655970510399202e+06
9.580000000000000000e+02 1.161653200916369446e+06
9.590000000000000000e+02 1.165656495758230332e+06
9.600000000000000000e+02 1.169665847014483996e+06
9.610000000000000000e+02 1.173681246663509635e+06
9.620000000000000000e+02 1.177702686683665030e+06
9.630000000000000000e+02 1.181730159053379903e+06
9.640000000000000000e+02 1.185763655751258833e+06
9.650000000000000000e+02 1.189803168756172527e+06
9.660000000000000000e+02 1.193848690047354437e+06
9.670000000000000000e+02 1.197900211604497163e+06
9.680000000000000000e+02 1.201957725407843245e+06
9.690000000000000000e+02 1.206021223438281799e+06
9.700000000000000000e+02 1.210090697677438380e+06
9.710000000000000000e+02 1.214166140107767424e+06
9.720000000000000000e+02 1.218247542712643044e+06
9.730000000000000000e+02 1.222334897476450307e+06
9.740000000000000000e+02 1.226428196384671843e+06
9.750000000000000000e+02 1.230527431423980044e+06
9.760000000000000000e+02 1.234632594582323218e+06
9.770000000000000000e+02 1.238743677849011496e+06
9.780000000000000000e+02 1.242860673214807408e+06
9.790000000000000000e+02 1.246983572672007838e+06
9.800000000000000000e+02 1.251112368214530870e+06
9.810000000000000000e+02 1.255247051837999607e+06
9.820000000000000000e+02 1.259387615539826686e+06
9.830000000000000000e+02 1.263534051319297636e+06
9.840000000000000000e+02 1.267686351177651668e+06
9.850000000000000000e+02 1.271844507118164795e+06
9.860000000000000000e+02 1.276008511146229692e+06
9.870000000000000000e+02 1.280178355269437190e+06
9.880000000000000000e+02 1.284354031497655436e+06
9.890000000000000000e+02 1.288535531843108824e+06
9.900000000000000000e+02 1.292722848320455523e+06
9.910000000000000000e+02 1.296915972946866881e+06
9.920000000000000000e+02 1.301114897742103785e+06
9.930000000000000000e+02 1.305319614728591405e+06
9.940000000000000000e+02 1.309530115931497421e+06
9.950000000000000000e+02 1.313746393378805602e+06
9.960000000000000000e+02 1.317968439101389842e+06
9.970000000000000000e+02 1.322196245133089833e+06
9.980000000000000000e+02 1.326429803510781843e+06
9.990000000000000000e+02 1.330669106274453225e+06
