# BB temperature (K); Intensity through filter (ph/s/m^2/mas^2)
1.000000000000000000e+01 0.000000000000000000e+00
1.100000000000000000e+01 0.000000000000000000e+00
1.200000000000000000e+01 0.000000000000000000e+00
1.300000000000000000e+01 0.000000000000000000e+00
1.400000000000000000e+01 0.000000000000000000e+00
1.500000000000000000e+01 0.000000000000000000e+00
1.600000000000000000e+01 0.000000000000000000e+00
1.700000000000000000e+01 0.000000000000000000e+00
1.800000000000000000e+01 0.000000000000000000e+00
1.900000000000000000e+01 0.000000000000000000e+00
2.000000000000000000e+01 0.000000000000000000e+00
2.100000000000000000e+01 8.225158520986584932e-26
2.200000000000000000e+01 2.063216492738695350e-24
2.300000000000000000e+01 3.918970255469574214e-23
2.400000000000000000e+01 5.835609382544147415e-22
2.500000000000000000e+01 7.013603973250314304e-21
2.600000000000000000e+01 6.973430795127090805e-20
2.700000000000000000e+01 5.857697638626510800e-19
2.800000000000000000e+01 4.232586162620644210e-18
2.900000000000000000e+01 2.671952633376181957e-17
3.000000000000000000e+01 1.493631259050845759e-16
3.100000000000000000e+01 7.480729664939690437e-16
3.200000000000000000e+01 3.391477389280076186e-15
3.300000000000000000e+01 1.404420723145555959e-14
3.400000000000000000e+01 5.354606228900151371e-14
3.500000000000000000e+01 1.892970893885584739e-13
3.600000000000000000e+01 6.244111627209599412e-13
3.700000000000000000e+01 1.932582176427275786e-12
3.800000000000000000e+01 5.640541488704628383e-12
3.900000000000000000e+01 1.559449904500059681e-11
4.000000000000000000e+01 4.100598971021698361e-11
4.100000000000000000e+01 1.029282835836326465e-10
4.200000000000000000e+01 2.474396392246908234e-10
4.300000000000000000e+01 5.714170719909245289e-10
4.400000000000000000e+01 1.271073557709822854e-09
4.500000000000000000e+01 2.730239823093766641e-09
4.600000000000000000e+01 5.675825303161180296e-09
4.700000000000000000e+01 1.144345413385346949e-08
4.800000000000000000e+01 2.241877782206032700e-08
4.900000000000000000e+01 4.275164882931169937e-08
5.000000000000000000e+01 7.948382714515340905e-08
5.100000000000000000e+01 1.442891839786581131e-07
5.200000000000000000e+01 2.561017779794163727e-07
5.300000000000000000e+01 4.450052565518298244e-07
5.400000000000000000e+01 7.578804429828686261e-07
5.500000000000000000e+01 1.266460354571149274e-06
5.600000000000000000e+01 2.078626725248159640e-06
5.700000000000000000e+01 3.354002497707842189e-06
5.800000000000000000e+01 5.325153301701751728e-06
5.900000000000000000e+01 8.326009551898671477e-06
6.000000000000000000e+01 1.282946053803430520e-05
6.100000000000000000e+01 1.949645281842367166e-05
6.200000000000000000e+01 2.923934635622671489e-05
6.300000000000000000e+01 4.330274099180076184e-05
6.400000000000000000e+01 6.336547967292478040e-05
6.500000000000000000e+01 9.166805883838817222e-05
6.600000000000000000e+01 1.311702248106157945e-04
6.700000000000000000e+01 1.857441012979755711e-04
6.800000000000000000e+01 2.604087695137516064e-04
6.900000000000000000e+01 3.616128005921103806e-04
7.000000000000000000e+01 4.975718109311969050e-04
7.100000000000000000e+01 6.786686654252110278e-04
7.200000000000000000e+01 9.179244816652900934e-04
7.300000000000000000e+01 1.231549080503515931e-03
7.400000000000000000e+01 1.639579975505925337e-03
7.500000000000000000e+01 2.166619386796367341e-03
7.600000000000000000e+01 2.842679095229717640e-03
7.700000000000000000e+01 3.704143213100922344e-03
7.800000000000000000e+01 4.794859130963206699e-03
7.900000000000000000e+01 6.167367000878524672e-03
8.000000000000000000e+01 7.884278129950520603e-03
8.100000000000000000e+01 1.001981258086567794e-02
8.200000000000000000e+01 1.266150610618199668e-02
8.300000000000000000e+01 1.591209627927805612e-02
8.400000000000000000e+01 1.989159732745502188e-02
8.500000000000000000e+01 2.473957272310813721e-02
8.600000000000000000e+01 3.061761404973060291e-02
8.700000000000000000e+01 3.771203403443067204e-02
8.800000000000000000e+01 4.623678093226687297e-02
8.900000000000000000e+01 5.643658066556266062e-02
9.000000000000000000e+01 6.859031226975745299e-02
9.100000000000000000e+01 8.301462128326826673e-02
9.200000000000000000e+01 1.000677747498075199e-01
9.300000000000000000e+01 1.201537604856025843e-01
9.400000000000000000e+01 1.437266322092819182e-01
9.500000000000000000e+01 1.712951010473257318e-01
9.600000000000000000e+01 2.034273728215242605e-01
9.700000000000000000e+01 2.407562294054146068e-01
9.800000000000000000e+01 2.839843513126626973e-01
9.900000000000000000e+01 3.338898775600937507e-01
1.000000000000000000e+02 3.913321977395449736e-01
1.010000000000000000e+02 4.572579701435838251e-01
1.020000000000000000e+02 5.327073587276249800e-01
1.030000000000000000e+02 6.188204806618771148e-01
1.040000000000000000e+02 7.168440552371077024e-01
1.050000000000000000e+02 8.281382439441682397e-01
1.060000000000000000e+02 9.541836706537039081e-01
1.070000000000000000e+02 1.096588609984081586e+00
1.080000000000000000e+02 1.257096331166237979e+00
1.090000000000000000e+02 1.437592583997284290e+00
1.100000000000000000e+02 1.640113212823085531e+00
1.110000000000000000e+02 1.866851883905811249e+00
1.120000000000000000e+02 2.120167911017325046e+00
1.130000000000000000e+02 2.402594163654300008e+00
1.140000000000000000e+02 2.716845041896632562e+00
1.150000000000000000e+02 3.065824501627188781e+00
1.160000000000000000e+02 3.452634113597781162e+00
1.170000000000000000e+02 3.880581139662554691e+00
1.180000000000000000e+02 4.353186609404610330e+00
1.190000000000000000e+02 4.874193380352954463e+00
1.200000000000000000e+02 5.447574165022826875e+00
1.210000000000000000e+02 6.077539508110998412e+00
1.220000000000000000e+02 6.768545697335994760e+00
1.230000000000000000e+02 7.525302591628995508e+00
1.240000000000000000e+02 8.352781350651156345e+00
1.250000000000000000e+02 9.256222049934429208e+00
1.260000000000000000e+02 1.024114116631225357e+01
1.270000000000000000e+02 1.131333891872061592e+01
1.280000000000000000e+02 1.247890644990534703e+01
1.290000000000000000e+02 1.374423283506492766e+01
1.300000000000000000e+02 1.511601190398571504e+01
1.310000000000000000e+02 1.660124886378557818e+01
1.320000000000000000e+02 1.820726670996810270e+01
1.330000000000000000e+02 1.994171241410032636e+01
1.340000000000000000e+02 2.181256287705839725e+01
1.350000000000000000e+02 2.382813063743479276e+01
1.360000000000000000e+02 2.599706932536429704e+01
1.370000000000000000e+02 2.832837885270117795e+01
1.380000000000000000e+02 3.083141033116336160e+01
1.390000000000000000e+02 3.351587071074889224e+01
1.400000000000000000e+02 3.639182713142184156e+01
1.410000000000000000e+02 3.946971098175770720e+01
1.420000000000000000e+02 4.276032165892873138e+01
1.430000000000000000e+02 4.627483002509558929e+01
1.440000000000000000e+02 5.002478155595218112e+01
1.450000000000000000e+02 5.402209917784104931e+01
1.460000000000000000e+02 5.827908579051776883e+01
1.470000000000000000e+02 6.280842647329236428e+01
1.480000000000000000e+02 6.762319037291034363e+01
1.490000000000000000e+02 7.273683227215632030e+01
1.500000000000000000e+02 7.816319383876769677e+01
1.510000000000000000e+02 8.391650455483173232e+01
1.520000000000000000e+02 9.001138232740751732e+01
1.530000000000000000e+02 9.646283378166332056e+01
1.540000000000000000e+02 1.032862542383473397e+02
1.550000000000000000e+02 1.104974273779183989e+02
1.560000000000000000e+02 1.181125245941482831e+02
1.570000000000000000e+02 1.261481040404727025e+02
1.580000000000000000e+02 1.346211093728093715e+02
1.590000000000000000e+02 1.435488681929813595e+02
1.600000000000000000e+02 1.529490901972811798e+02
1.610000000000000000e+02 1.628398650350864614e+02
1.620000000000000000e+02 1.732396598827869241e+02
1.630000000000000000e+02 1.841673167386164494e+02
1.640000000000000000e+02 1.956420494442858171e+02
1.650000000000000000e+02 2.076834404395995080e+02
1.660000000000000000e+02 2.203114372565024155e+02
1.670000000000000000e+02 2.335463487592420222e+02
1.680000000000000000e+02 2.474088411375530256e+02
1.690000000000000000e+02 2.619199336599690469e+02
1.700000000000000000e+02 2.771009941945470700e+02
1.710000000000000000e+02 2.929737345044464973e+02
1.720000000000000000e+02 3.095602053259453896e+02
1.730000000000000000e+02 3.268827912365994735e+02
1.740000000000000000e+02 3.449642053213472650e+02
1.750000000000000000e+02 3.638274836444542757e+02
1.760000000000000000e+02 3.834959795352552305e+02
1.770000000000000000e+02 4.039933576957038781e+02
1.780000000000000000e+02 4.253435881377788519e+02
1.790000000000000000e+02 4.475709399588111523e+02
1.800000000000000000e+02 4.706999749628072891e+02
1.810000000000000000e+02 4.947555411358354149e+02
1.820000000000000000e+02 5.197627659835183067e+02
1.830000000000000000e+02 5.457470497386455008e+02
1.840000000000000000e+02 5.727340584468736324e+02
1.850000000000000000e+02 6.007497169384230347e+02
1.860000000000000000e+02 6.298202016936166956e+02
1.870000000000000000e+02 6.599719336100271221e+02
1.880000000000000000e+02 6.912315706789138403e+02
1.890000000000000000e+02 7.236260005785322846e+02
1.900000000000000000e+02 7.571823331918046733e+02
1.910000000000000000e+02 7.919278930557155718e+02
1.920000000000000000e+02 8.278902117496917299e+02
1.930000000000000000e+02 8.650970202300934488e+02
1.940000000000000000e+02 9.035762411178131970e+02
1.950000000000000000e+02 9.433559809458527070e+02
1.960000000000000000e+02 9.844645223735900572e+02
1.970000000000000000e+02 1.026930316374320228e+03
1.980000000000000000e+02 1.070781974402496871e+03
1.990000000000000000e+02 1.116048260546943538e+03
2.000000000000000000e+02 1.162758083676164915e+03
2.010000000000000000e+02 1.210940489581701058e+03
2.020000000000000000e+02 1.260624653125340274e+03
2.030000000000000000e+02 1.311839870395816206e+03
2.040000000000000000e+02 1.364615550880464525e+03
2.050000000000000000e+02 1.418981209657142699e+03
2.060000000000000000e+02 1.474966459611556957e+03
2.070000000000000000e+02 1.532601003684959096e+03
2.080000000000000000e+02 1.591914627157029827e+03
2.090000000000000000e+02 1.652937189968575467e+03
2.100000000000000000e+02 1.715698619088511123e+03
2.110000000000000000e+02 1.780228900929440670e+03
2.120000000000000000e+02 1.846558073815956959e+03
2.130000000000000000e+02 1.914716220509648792e+03
2.140000000000000000e+02 1.984733460794616576e+03
2.150000000000000000e+02 2.056639944127144645e+03
2.160000000000000000e+02 2.130465842353019070e+03
2.170000000000000000e+02 2.206241342495814479e+03
2.180000000000000000e+02 2.283996639619324469e+03
2.190000000000000000e+02 2.363761929767149468e+03
2.200000000000000000e+02 2.445567402982303975e+03
2.210000000000000000e+02 2.529443236409561450e+03
2.220000000000000000e+02 2.615419587483092982e+03
2.230000000000000000e+02 2.703526587201824441e+03
2.240000000000000000e+02 2.793794333494795865e+03
2.250000000000000000e+02 2.886252884678644477e+03
2.260000000000000000e+02 2.980932253009217675e+03
2.270000000000000000e+02 3.077862398329199550e+03
2.280000000000000000e+02 3.177073221813443070e+03
2.290000000000000000e+02 3.278594559813659998e+03
2.300000000000000000e+02 3.382456177803914670e+03
2.310000000000000000e+02 3.488687764428299033e+03
2.320000000000000000e+02 3.597318925652009966e+03
2.330000000000000000e+02 3.708379179016969374e+03
2.340000000000000000e+02 3.821897948002979774e+03
2.350000000000000000e+02 3.937904556495326233e+03
2.360000000000000000e+02 4.056428223359602725e+03
2.370000000000000000e+02 4.177498057124463230e+03
2.380000000000000000e+02 4.301143050772881907e+03
2.390000000000000000e+02 4.427392076642398024e+03
2.400000000000000000e+02 4.556273881434764917e+03
2.410000000000000000e+02 4.687817081335282637e+03
2.420000000000000000e+02 4.822050157242042587e+03
2.430000000000000000e+02 4.959001450105215554e+03
2.440000000000000000e+02 5.098699156376403153e+03
2.450000000000000000e+02 5.241171323568063599e+03
2.460000000000000000e+02 5.386445845922875378e+03
2.470000000000000000e+02 5.534550460192841456e+03
2.480000000000000000e+02 5.685512741527919388e+03
2.490000000000000000e+02 5.839360099473820810e+03
2.500000000000000000e+02 5.996119774078614682e+03
2.510000000000000000e+02 6.155818832107660455e+03
2.520000000000000000e+02 6.318484163366397297e+03
2.530000000000000000e+02 6.484142477130377301e+03
2.540000000000000000e+02 6.652820298681965141e+03
2.550000000000000000e+02 6.824543965952985673e+03
2.560000000000000000e+02 6.999339626272647365e+03
2.570000000000000000e+02 7.177233233219899375e+03
2.580000000000000000e+02 7.358250543579486475e+03
2.590000000000000000e+02 7.542417114400776882e+03
2.600000000000000000e+02 7.729758300158502607e+03
2.610000000000000000e+02 7.920299250014446443e+03
2.620000000000000000e+02 8.114064905179131529e+03
2.630000000000000000e+02 8.311079996372471214e+03
2.640000000000000000e+02 8.511369041382375144e+03
2.650000000000000000e+02 8.714956342720208340e+03
2.660000000000000000e+02 8.921865985372025534e+03
2.670000000000000000e+02 9.132121834644447517e+03
2.680000000000000000e+02 9.345747534104048100e+03
2.690000000000000000e+02 9.562766503609036590e+03
2.700000000000000000e+02 9.783201937432111663e+03
2.710000000000000000e+02 1.000707680247319331e+04
2.720000000000000000e+02 1.023441383656088692e+04
2.730000000000000000e+02 1.046523554684137707e+04
2.740000000000000000e+02 1.069956420825350688e+04
2.750000000000000000e+02 1.093742186208876410e+04
2.760000000000000000e+02 1.117883031463493899e+04
2.770000000000000000e+02 1.142381113590207678e+04
2.780000000000000000e+02 1.167238565842947355e+04
2.790000000000000000e+02 1.192457497617241461e+04
2.800000000000000000e+02 1.218039994346729691e+04
2.810000000000000000e+02 1.243988117407385471e+04
2.820000000000000000e+02 1.270303904029311707e+04
2.830000000000000000e+02 1.296989367215981110e+04
2.840000000000000000e+02 1.324046495670786680e+04
2.850000000000000000e+02 1.351477253730765551e+04
2.860000000000000000e+02 1.379283581307369059e+04
2.870000000000000000e+02 1.407467393834141330e+04
2.880000000000000000e+02 1.436030582221173972e+04
2.890000000000000000e+02 1.464975012816206254e+04
2.900000000000000000e+02 1.494302527372236364e+04
2.910000000000000000e+02 1.524014943021513318e+04
2.920000000000000000e+02 1.554114052255776915e+04
2.930000000000000000e+02 1.584601622912613311e+04
2.940000000000000000e+02 1.615479398167804175e+04
2.950000000000000000e+02 1.646749096533524425e+04
2.960000000000000000e+02 1.678412411862278168e+04
2.970000000000000000e+02 1.710471013356429830e+04
2.980000000000000000e+02 1.742926545583214101e+04
2.990000000000000000e+02 1.775780628495086785e+04
3.000000000000000000e+02 1.809034857455308884e+04
3.010000000000000000e+02 1.842690803268619857e+04
3.020000000000000000e+02 1.876750012216894538e+04
3.030000000000000000e+02 1.911214006099647304e+04
3.040000000000000000e+02 1.946084282279271065e+04
3.050000000000000000e+02 1.981362313730896858e+04
3.060000000000000000e+02 2.017049549096736882e+04
3.070000000000000000e+02 2.053147412744813846e+04
3.080000000000000000e+02 2.089657304831949295e+04
3.090000000000000000e+02 2.126580601370903969e+04
3.100000000000000000e+02 2.163918654301539937e+04
3.110000000000000000e+02 2.201672791565925945e+04
3.120000000000000000e+02 2.239844317187231718e+04
3.130000000000000000e+02 2.278434511352344634e+04
3.140000000000000000e+02 2.317444630498068364e+04
3.150000000000000000e+02 2.356875907400818687e+04
3.160000000000000000e+02 2.396729551269696458e+04
3.170000000000000000e+02 2.437006747842850746e+04
3.180000000000000000e+02 2.477708659487006662e+04
3.190000000000000000e+02 2.518836425300086557e+04
3.200000000000000000e+02 2.560391161216802357e+04
3.210000000000000000e+02 2.602373960117129536e+04
3.220000000000000000e+02 2.644785891937567794e+04
3.230000000000000000e+02 2.687628003785098190e+04
3.240000000000000000e+02 2.730901320053728705e+04
3.250000000000000000e+02 2.774606842543553284e+04
3.260000000000000000e+02 2.818745550582232681e+04
3.270000000000000000e+02 2.863318401148785415e+04
3.280000000000000000e+02 2.908326328999642647e+04
3.290000000000000000e+02 2.953770246796842548e+04
3.300000000000000000e+02 2.999651045238300139e+04
3.310000000000000000e+02 3.045969593190071464e+04
3.320000000000000000e+02 3.092726737820518247e+04
3.330000000000000000e+02 3.139923304736305363e+04
3.340000000000000000e+02 3.187560098120148541e+04
3.350000000000000000e+02 3.235637900870231897e+04
3.360000000000000000e+02 3.284157474741227634e+04
3.370000000000000000e+02 3.333119560486835690e+04
3.380000000000000000e+02 3.382524878003783670e+04
3.390000000000000000e+02 3.432374126477196114e+04
3.400000000000000000e+02 3.482667984527287626e+04
3.410000000000000000e+02 3.533407110357282363e+04
3.420000000000000000e+02 3.584592141902539879e+04
3.430000000000000000e+02 3.636223696980749082e+04
3.440000000000000000e+02 3.688302373443215765e+04
3.450000000000000000e+02 3.740828749327098194e+04
3.460000000000000000e+02 3.793803383008583478e+04
3.470000000000000000e+02 3.847226813356929779e+04
3.480000000000000000e+02 3.901099559889295051e+04
3.490000000000000000e+02 3.955422122926337033e+04
3.500000000000000000e+02 4.010194983748485538e+04
3.510000000000000000e+02 4.065418604752857937e+04
3.520000000000000000e+02 4.121093429610756721e+04
3.530000000000000000e+02 4.177219883425697481e+04
3.540000000000000000e+02 4.233798372891914187e+04
3.550000000000000000e+02 4.290829286453298118e+04
3.560000000000000000e+02 4.348312994462709321e+04
3.570000000000000000e+02 4.406249849341629306e+04
3.580000000000000000e+02 4.464640185740093148e+04
3.590000000000000000e+02 4.523484320696867508e+04
3.600000000000000000e+02 4.582782553799823654e+04
3.610000000000000000e+02 4.642535167346464004e+04
3.620000000000000000e+02 4.702742426504562172e+04
3.630000000000000000e+02 4.763404579472870682e+04
3.640000000000000000e+02 4.824521857641870156e+04
3.650000000000000000e+02 4.886094475754492305e+04
3.660000000000000000e+02 4.948122632066818187e+04
3.670000000000000000e+02 5.010606508508688421e+04
3.680000000000000000e+02 5.073546270844178798e+04
3.690000000000000000e+02 5.136942068831955839e+04
3.700000000000000000e+02 5.200794036385419895e+04
3.710000000000000000e+02 5.265102291732640879e+04
3.720000000000000000e+02 5.329866937576039345e+04
3.730000000000000000e+02 5.395088061251794716e+04
3.740000000000000000e+02 5.460765734888925363e+04
3.750000000000000000e+02 5.526900015568050731e+04
3.760000000000000000e+02 5.593490945479765651e+04
3.770000000000000000e+02 5.660538552082622482e+04
3.780000000000000000e+02 5.728042848260700703e+04
3.790000000000000000e+02 5.796003832480713754e+04
3.800000000000000000e+02 5.864421488948656042e+04
3.810000000000000000e+02 5.933295787765939167e+04
3.820000000000000000e+02 6.002626685085016652e+04
3.830000000000000000e+02 6.072414123264461523e+04
3.840000000000000000e+02 6.142658031023479271e+04
3.850000000000000000e+02 6.213358323595838010e+04
3.860000000000000000e+02 6.284514902883178729e+04
3.870000000000000000e+02 6.356127657607720903e+04
3.880000000000000000e+02 6.428196463464297995e+04
3.890000000000000000e+02 6.500721183271753398e+04
3.900000000000000000e+02 6.573701667123637162e+04
3.910000000000000000e+02 6.647137752538209315e+04
3.920000000000000000e+02 6.721029264607731602e+04
3.930000000000000000e+02 6.795376016147035989e+04
3.940000000000000000e+02 6.870177807841327740e+04
3.950000000000000000e+02 6.945434428393236885e+04
3.960000000000000000e+02 7.021145654669120267e+04
3.970000000000000000e+02 7.097311251844535582e+04
3.980000000000000000e+02 7.173930973548951442e+04
3.990000000000000000e+02 7.251004562009613437e+04
4.000000000000000000e+02 7.328531748194614192e+04
4.010000000000000000e+02 7.406512251955123793e+04
4.020000000000000000e+02 7.484945782166755816e+04
4.030000000000000000e+02 7.563832036870098091e+04
4.040000000000000000e+02 7.643170703410370334e+04
4.050000000000000000e+02 7.722961458576215955e+04
4.060000000000000000e+02 7.803203968737588730e+04
4.070000000000000000e+02 7.883897889982777997e+04
4.080000000000000000e+02 7.965042868254517089e+04
4.090000000000000000e+02 8.046638539485183719e+04
4.100000000000000000e+02 8.128684529731108341e+04
4.110000000000000000e+02 8.211180455305920623e+04
4.120000000000000000e+02 8.294125922913030081e+04
4.130000000000000000e+02 8.377520529777123011e+04
4.140000000000000000e+02 8.461363863774744095e+04
4.150000000000000000e+02 8.545655503563939419e+04
4.160000000000000000e+02 8.630395018712952151e+04
4.170000000000000000e+02 8.715581969827962166e+04
4.180000000000000000e+02 8.801215908679875429e+04
4.190000000000000000e+02 8.887296378330154403e+04
4.200000000000000000e+02 8.973822913255689491e+04
4.210000000000000000e+02 9.060795039472711505e+04
4.220000000000000000e+02 9.148212274659726245e+04
4.230000000000000000e+02 9.236074128279484285e+04
4.240000000000000000e+02 9.324380101700001978e+04
4.250000000000000000e+02 9.413129688314571104e+04
4.260000000000000000e+02 9.502322373660828453e+04
4.270000000000000000e+02 9.591957635538843169e+04
4.280000000000000000e+02 9.682034944128211646e+04
4.290000000000000000e+02 9.772553762104202178e+04
4.300000000000000000e+02 9.863513544752914459e+04
4.310000000000000000e+02 9.954913740085450991e+04
4.320000000000000000e+02 1.004675378895112080e+05
4.330000000000000000e+02 1.013903312514968420e+05
4.340000000000000000e+02 1.023175117554260214e+05
4.350000000000000000e+02 1.032490736016330629e+05
4.360000000000000000e+02 1.041850109232652030e+05
4.370000000000000000e+02 1.051253177873658569e+05
4.380000000000000000e+02 1.060699881959485210e+05
4.390000000000000000e+02 1.070190160870604595e+05
4.400000000000000000e+02 1.079723953358371655e+05
4.410000000000000000e+02 1.089301197555469844e+05
4.420000000000000000e+02 1.098921830986262794e+05
4.430000000000000000e+02 1.108585790577046719e+05
4.440000000000000000e+02 1.118293012666210998e+05
4.450000000000000000e+02 1.128043433014299953e+05
4.460000000000000000e+02 1.137836986813981493e+05
4.470000000000000000e+02 1.147673608699920442e+05
4.480000000000000000e+02 1.157553232758555969e+05
4.490000000000000000e+02 1.167475792537786474e+05
4.500000000000000000e+02 1.177441221056559734e+05
4.510000000000000000e+02 1.187449450814369629e+05
4.520000000000000000e+02 1.197500413800659007e+05
4.530000000000000000e+02 1.207594041504130873e+05
4.540000000000000000e+02 1.217730264921966591e+05
4.550000000000000000e+02 1.227909014568950952e+05
4.560000000000000000e+02 1.238130220486507169e+05
4.570000000000000000e+02 1.248393812251640484e+05
4.580000000000000000e+02 1.258699718985789514e+05
4.590000000000000000e+02 1.269047869363588834e+05
4.600000000000000000e+02 1.279438191621540900e+05
4.610000000000000000e+02 1.289870613566597895e+05
4.620000000000000000e+02 1.300345062584655971e+05
4.630000000000000000e+02 1.310861465648961021e+05
4.640000000000000000e+02 1.321419749328423350e+05
4.650000000000000000e+02 1.332019839795848529e+05
4.660000000000000000e+02 1.342661662836080068e+05
4.670000000000000000e+02 1.353345143854052294e+05
4.680000000000000000e+02 1.364070207882764807e+05
4.690000000000000000e+02 1.374836779591161176e+05
4.700000000000000000e+02 1.385644783291931672e+05
4.710000000000000000e+02 1.396494142949224333e+05
4.720000000000000000e+02 1.407384782186279190e+05
4.730000000000000000e+02 1.418316624292971683e+05
4.740000000000000000e+02 1.429289592233277508e+05
4.750000000000000000e+02 1.440303608652656549e+05
4.760000000000000000e+02 1.451358595885348623e+05
4.770000000000000000e+02 1.462454475961594144e+05
4.780000000000000000e+02 1.473591170614770672e+05
4.790000000000000000e+02 1.484768601288451464e+05
4.800000000000000000e+02 1.495986689143381373e+05
4.810000000000000000e+02 1.507245355064377363e+05
4.820000000000000000e+02 1.518544519667146669e+05
4.830000000000000000e+02 1.529884103305029566e+05
4.840000000000000000e+02 1.541264026075664151e+05
4.850000000000000000e+02 1.552684207827573409e+05
4.860000000000000000e+02 1.564144568166677491e+05
4.870000000000000000e+02 1.575645026462730020e+05
4.880000000000000000e+02 1.587185501855676412e+05
4.890000000000000000e+02 1.598765913261941168e+05
4.900000000000000000e+02 1.610386179380641261e+05
4.910000000000000000e+02 1.622046218699722667e+05
4.920000000000000000e+02 1.633745949502028234e+05
4.930000000000000000e+02 1.645485289871288696e+05
4.940000000000000000e+02 1.657264157698045601e+05
4.950000000000000000e+02 1.669082470685505250e+05
4.960000000000000000e+02 1.680940146355312027e+05
4.970000000000000000e+02 1.692837102053264971e+05
4.980000000000000000e+02 1.704773254954956938e+05
4.990000000000000000e+02 1.716748522071343323e+05
5.000000000000000000e+02 1.728762820254250546e+05
5.010000000000000000e+02 1.740816066201809153e+05
5.020000000000000000e+02 1.752908176463825512e+05
5.030000000000000000e+02 1.765039067447080452e+05
5.040000000000000000e+02 1.777208655420568248e+05
5.050000000000000000e+02 1.789416856520669826e+05
5.060000000000000000e+02 1.801663586756255827e+05
5.070000000000000000e+02 1.813948762013728556e+05
5.080000000000000000e+02 1.826272298062004847e+05
5.090000000000000000e+02 1.838634110557425593e+05
5.100000000000000000e+02 1.851034115048613457e+05
5.110000000000000000e+02 1.863472226981261047e+05
5.120000000000000000e+02 1.875948361702861148e+05
5.130000000000000000e+02 1.888462434467374987e+05
5.140000000000000000e+02 1.901014360439841985e+05
5.150000000000000000e+02 1.913604054700924898e+05
5.160000000000000000e+02 1.926231432251403166e+05
5.170000000000000000e+02 1.938896408016600762e+05
5.180000000000000000e+02 1.951598896850759920e+05
5.190000000000000000e+02 1.964338813541354903e+05
5.200000000000000000e+02 1.977116072813351930e+05
5.210000000000000000e+02 1.989930589333409735e+05
5.220000000000000000e+02 2.002782277714022493e+05
5.230000000000000000e+02 2.015671052517615608e+05
5.240000000000000000e+02 2.028596828260574257e+05
5.250000000000000000e+02 2.041559519417230622e+05
5.260000000000000000e+02 2.054559040423786792e+05
5.270000000000000000e+02 2.067595305682188191e+05
5.280000000000000000e+02 2.080668229563949280e+05
5.290000000000000000e+02 2.093777726413915516e+05
5.300000000000000000e+02 2.106923710553986311e+05
5.310000000000000000e+02 2.120106096286776592e+05
5.320000000000000000e+02 2.133324797899236146e+05
5.330000000000000000e+02 2.146579729666209314e+05
5.340000000000000000e+02 2.159870805853953061e+05
5.350000000000000000e+02 2.173197940723604115e+05
5.360000000000000000e+02 2.186561048534592846e+05
5.370000000000000000e+02 2.199960043548014364e+05
5.380000000000000000e+02 2.213394840029950137e+05
5.390000000000000000e+02 2.226865352254741010e+05
5.400000000000000000e+02 2.240371494508213073e+05
5.410000000000000000e+02 2.253913181090863072e+05
5.420000000000000000e+02 2.267490326320988243e+05
5.430000000000000000e+02 2.281102844537780620e+05
5.440000000000000000e+02 2.294750650104368397e+05
5.450000000000000000e+02 2.308433657410821761e+05
5.460000000000000000e+02 2.322151780877103447e+05
5.470000000000000000e+02 2.335904934955985227e+05
5.480000000000000000e+02 2.349693034135920461e+05
5.490000000000000000e+02 2.363515992943866586e+05
5.500000000000000000e+02 2.377373725948076171e+05
5.510000000000000000e+02 2.391266147760837339e+05
5.520000000000000000e+02 2.405193173041179543e+05
5.530000000000000000e+02 2.419154716497532208e+05
5.540000000000000000e+02 2.433150692890350474e+05
5.550000000000000000e+02 2.447181017034694378e+05
5.560000000000000000e+02 2.461245603802773112e+05
5.570000000000000000e+02 2.475344368126448535e+05
5.580000000000000000e+02 2.489477224999699101e+05
5.590000000000000000e+02 2.503644089481047704e+05
5.600000000000000000e+02 2.517844876695949351e+05
5.610000000000000000e+02 2.532079501839146833e+05
5.620000000000000000e+02 2.546347880176979525e+05
5.630000000000000000e+02 2.560649927049668622e+05
5.640000000000000000e+02 2.574985557873553480e+05
5.650000000000000000e+02 2.589354688143302046e+05
5.660000000000000000e+02 2.603757233434080845e+05
5.670000000000000000e+02 2.618193109403690614e+05
5.680000000000000000e+02 2.632662231794671970e+05
5.690000000000000000e+02 2.647164516436366248e+05
5.700000000000000000e+02 2.661699879246958881e+05
5.710000000000000000e+02 2.676268236235470977e+05
5.720000000000000000e+02 2.690869503503732267e+05
5.730000000000000000e+02 2.705503597248316510e+05
5.740000000000000000e+02 2.720170433762443135e+05
5.750000000000000000e+02 2.734869929437845713e+05
5.760000000000000000e+02 2.749602000766618876e+05
5.770000000000000000e+02 2.764366564343021018e+05
5.780000000000000000e+02 2.779163536865248461e+05
5.790000000000000000e+02 2.793992835137195070e+05
5.800000000000000000e+02 2.808854376070158323e+05
5.810000000000000000e+02 2.823748076684530824e+05
5.820000000000000000e+02 2.838673854111460387e+05
5.830000000000000000e+02 2.853631625594474026e+05
5.840000000000000000e+02 2.868621308491088566e+05
5.850000000000000000e+02 2.883642820274367114e+05
5.860000000000000000e+02 2.898696078534481348e+05
5.870000000000000000e+02 2.913781000980212702e+05
5.880000000000000000e+02 2.928897505440451787e+05
5.890000000000000000e+02 2.944045509865655331e+05
5.900000000000000000e+02 2.959224932329283911e+05
5.910000000000000000e+02 2.974435691029210575e+05
5.920000000000000000e+02 2.989677704289102694e+05
5.930000000000000000e+02 3.004950890559781692e+05
5.940000000000000000e+02 3.020255168420551927e+05
5.950000000000000000e+02 3.035590456580512109e+05
5.960000000000000000e+02 3.050956673879830050e+05
5.970000000000000000e+02 3.066353739291008678e+05
5.980000000000000000e+02 3.081781571920112474e+05
5.990000000000000000e+02 3.097240091007978772e+05
6.000000000000000000e+02 3.112729215931403451e+05
6.010000000000000000e+02 3.128248866204306250e+05
6.020000000000000000e+02 3.143798961478863494e+05
6.030000000000000000e+02 3.159379421546630911e+05
6.040000000000000000e+02 3.174990166339631542e+05
6.050000000000000000e+02 3.190631115931434324e+05
6.060000000000000000e+02 3.206302190538196592e+05
6.070000000000000000e+02 3.222003310519698425e+05
6.080000000000000000e+02 3.237734396380343824e+05
6.090000000000000000e+02 3.253495368770151399e+05
6.100000000000000000e+02 3.269286148485713056e+05
6.110000000000000000e+02 3.285106656471144524e+05
6.120000000000000000e+02 3.300956813819006202e+05
6.130000000000000000e+02 3.316836541771203047e+05
6.140000000000000000e+02 3.332745761719872826e+05
6.150000000000000000e+02 3.348684395208249334e+05
6.160000000000000000e+02 3.364652363931508735e+05
6.170000000000000000e+02 3.380649589737587958e+05
6.180000000000000000e+02 3.396675994628004264e+05
6.190000000000000000e+02 3.412731500758627662e+05
6.200000000000000000e+02 3.428816030440464965e+05
6.210000000000000000e+02 3.444929506140403100e+05
6.220000000000000000e+02 3.461071850481945439e+05
6.230000000000000000e+02 3.477242986245928332e+05
6.240000000000000000e+02 3.493442836371217272e+05
6.250000000000000000e+02 3.509671323955391417e+05
6.260000000000000000e+02 3.525928372255405411e+05
6.270000000000000000e+02 3.542213904688240727e+05
6.280000000000000000e+02 3.558527844831531984e+05
6.290000000000000000e+02 3.574870116424181615e+05
6.300000000000000000e+02 3.591240643366965232e+05
6.310000000000000000e+02 3.607639349723106716e+05
6.320000000000000000e+02 3.624066159718846320e+05
6.330000000000000000e+02 3.640520997743998887e+05
6.340000000000000000e+02 3.657003788352481206e+05
6.350000000000000000e+02 3.673514456262837048e+05
6.360000000000000000e+02 3.690052926358744153e+05
6.370000000000000000e+02 3.706619123689501430e+05
6.380000000000000000e+02 3.723212973470512661e+05
6.390000000000000000e+02 3.739834401083745179e+05
6.400000000000000000e+02 3.756483332078174572e+05
6.410000000000000000e+02 3.773159692170225899e+05
6.420000000000000000e+02 3.789863407244194532e+05
6.430000000000000000e+02 3.806594403352646623e+05
6.440000000000000000e+02 3.823352606716818991e+05
6.450000000000000000e+02 3.840137943726999802e+05
6.460000000000000000e+02 3.856950340942889452e+05
6.470000000000000000e+02 3.873789725093966699e+05
6.480000000000000000e+02 3.890656023079823353e+05
6.490000000000000000e+02 3.907549161970491987e+05
6.500000000000000000e+02 3.924469069006771315e+05
6.510000000000000000e+02 3.941415671600526548e+05
6.520000000000000000e+02 3.958388897334980429e+05
6.530000000000000000e+02 3.975388673965003109e+05
6.540000000000000000e+02 3.992414929417371168e+05
6.550000000000000000e+02 4.009467591791035957e+05
6.560000000000000000e+02 4.026546589357363409e+05
6.570000000000000000e+02 4.043651850560376188e+05
6.580000000000000000e+02 4.060783304016972543e+05
6.590000000000000000e+02 4.077940878517145757e+05
6.600000000000000000e+02 4.095124503024186124e+05
6.610000000000000000e+02 4.112334106674869545e+05
6.620000000000000000e+02 4.129569618779644370e+05
6.630000000000000000e+02 4.146830968822805444e+05
6.640000000000000000e+02 4.164118086462652427e+05
6.650000000000000000e+02 4.181430901531641721e+05
6.660000000000000000e+02 4.198769344036530238e+05
6.670000000000000000e+02 4.216133344158511609e+05
6.680000000000000000e+02 4.233522832253332599e+05
6.690000000000000000e+02 4.250937738851411850e+05
6.700000000000000000e+02 4.268377994657941745e+05
6.710000000000000000e+02 4.285843530552987359e+05
6.720000000000000000e+02 4.303334277591568534e+05
6.730000000000000000e+02 4.320850167003741954e+05
6.740000000000000000e+02 4.338391130194663419e+05
6.750000000000000000e+02 4.355957098744657706e+05
6.760000000000000000e+02 4.373548004409258137e+05
6.770000000000000000e+02 4.391163779119265964e+05
6.780000000000000000e+02 4.408804354980770149e+05
6.790000000000000000e+02 4.426469664275182877e+05
6.800000000000000000e+02 4.444159639459257014e+05
6.810000000000000000e+02 4.461874213165096589e+05
6.820000000000000000e+02 4.479613318200163194e+05
6.830000000000000000e+02 4.497376887547267834e+05
6.840000000000000000e+02 4.515164854364562198e+05
6.850000000000000000e+02 4.532977151985522360e+05
6.860000000000000000e+02 4.550813713918912690e+05
6.870000000000000000e+02 4.568674473848764319e+05
6.880000000000000000e+02 4.586559365634331480e+05
6.890000000000000000e+02 4.604468323310036212e+05
6.900000000000000000e+02 4.622401281085424125e+05
6.910000000000000000e+02 4.640358173345099785e+05
6.920000000000000000e+02 4.658338934648659779e+05
6.930000000000000000e+02 4.676343499730617041e+05
6.940000000000000000e+02 4.694371803500319947e+05
6.950000000000000000e+02 4.712423781041870825e+05
6.960000000000000000e+02 4.730499367614026996e+05
6.970000000000000000e+02 4.748598498650103575e+05
6.980000000000000000e+02 4.766721109757869272e+05
6.990000000000000000e+02 4.784867136719437549e+05
7.000000000000000000e+02 4.803036515491141472e+05
7.010000000000000000e+02 4.821229182203421951e+05
7.020000000000000000e+02 4.839445073160690372e+05
7.030000000000000000e+02 4.857684124841202283e+05
7.040000000000000000e+02 4.875946273896910716e+05
7.050000000000000000e+02 4.894231457153330557e+05
7.060000000000000000e+02 4.912539611609377316e+05
7.070000000000000000e+02 4.930870674437223352e+05
7.080000000000000000e+02 4.949224582982130232e+05
7.090000000000000000e+02 4.967601274762285757e+05
7.100000000000000000e+02 4.986000687468635733e+05
7.110000000000000000e+02 5.004422758964704699e+05
7.120000000000000000e+02 5.022867427286421880e+05
7.130000000000000000e+02 5.041334630641932017e+05
7.140000000000000000e+02 5.059824307411405607e+05
7.150000000000000000e+02 5.078336396146852057e+05
7.160000000000000000e+02 5.096870835571912467e+05
7.170000000000000000e+02 5.115427564581665210e+05
7.180000000000000000e+02 5.134006522242415813e+05
7.190000000000000000e+02 5.152607647791483905e+05
7.200000000000000000e+02 5.171230880636992515e+05
7.210000000000000000e+02 5.189876160357644549e+05
7.220000000000000000e+02 5.208543426702505676e+05
7.230000000000000000e+02 5.227232619590768591e+05
7.240000000000000000e+02 5.245943679111530073e+05
7.250000000000000000e+02 5.264676545523552923e+05
7.260000000000000000e+02 5.283431159255024977e+05
7.270000000000000000e+02 5.302207460903323954e+05
7.280000000000000000e+02 5.321005391234761337e+05
7.290000000000000000e+02 5.339824891184347216e+05
7.300000000000000000e+02 5.358665901855521370e+05
7.310000000000000000e+02 5.377528364519912284e+05
7.320000000000000000e+02 5.396412220617064741e+05
7.330000000000000000e+02 5.415317411754190689e+05
7.340000000000000000e+02 5.434243879705886357e+05
7.350000000000000000e+02 5.453191566413886612e+05
7.360000000000000000e+02 5.472160413986763451e+05
7.370000000000000000e+02 5.491150364699675702e+05
7.380000000000000000e+02 5.510161360994083807e+05
7.390000000000000000e+02 5.529193345477459952e+05
7.400000000000000000e+02 5.548246260923015652e+05
7.410000000000000000e+02 5.567320050269413041e+05
7.420000000000000000e+02 5.586414656620465685e+05
7.430000000000000000e+02 5.605530023244859185e+05
7.440000000000000000e+02 5.624666093575853156e+05
7.450000000000000000e+02 5.643822811210978543e+05
7.460000000000000000e+02 5.663000119911745423e+05
7.470000000000000000e+02 5.682197963603331009e+05
7.480000000000000000e+02 5.701416286374287447e+05
7.490000000000000000e+02 5.720655032476227498e+05
7.500000000000000000e+02 5.739914146323513705e+05
7.510000000000000000e+02 5.759193572492949897e+05
7.520000000000000000e+02 5.778493255723472685e+05
7.530000000000000000e+02 5.797813140915822005e+05
7.540000000000000000e+02 5.817153173132233787e+05
7.550000000000000000e+02 5.836513297596122138e+05
7.560000000000000000e+02 5.855893459691744065e+05
7.570000000000000000e+02 5.875293604963890975e+05
7.580000000000000000e+02 5.894713679117554566e+05
7.590000000000000000e+02 5.914153628017586889e+05
7.600000000000000000e+02 5.933613397688408149e+05
7.610000000000000000e+02 5.953092934313629521e+05
7.620000000000000000e+02 5.972592184235746972e+05
7.630000000000000000e+02 5.992111093955801334e+05
7.640000000000000000e+02 6.011649610133043025e+05
7.650000000000000000e+02 6.031207679584586294e+05
7.660000000000000000e+02 6.050785249285073951e+05
7.670000000000000000e+02 6.070382266366343247e+05
7.680000000000000000e+02 6.089998678117066156e+05
7.690000000000000000e+02 6.109634431982426904e+05
7.700000000000000000e+02 6.129289475563749438e+05
7.710000000000000000e+02 6.148963756618174957e+05
7.720000000000000000e+02 6.168657223058302188e+05
7.730000000000000000e+02 6.188369822951832321e+05
7.740000000000000000e+02 6.208101504521232564e+05
7.750000000000000000e+02 6.227852216143367114e+05
7.760000000000000000e+02 6.247621906349157216e+05
7.770000000000000000e+02 6.267410523823214462e+05
7.780000000000000000e+02 6.287218017403498525e+05
7.790000000000000000e+02 6.307044336080946960e+05
7.800000000000000000e+02 6.326889428999124793e+05
7.810000000000000000e+02 6.346753245453860145e+05
7.820000000000000000e+02 6.366635734892891487e+05
7.830000000000000000e+02 6.386536846915497445e+05
7.840000000000000000e+02 6.406456531272144057e+05
7.850000000000000000e+02 6.426394737864113413e+05
7.860000000000000000e+02 6.446351416743146256e+05
7.870000000000000000e+02 6.466326518111064797e+05
7.880000000000000000e+02 6.486319992319430457e+05
7.890000000000000000e+02 6.506331789869151544e+05
7.900000000000000000e+02 6.526361861410137499e+05
7.910000000000000000e+02 6.546410157740914728e+05
7.920000000000000000e+02 6.566476629808266880e+05
7.930000000000000000e+02 6.586561228706866968e+05
7.940000000000000000e+02 6.606663905678896699e+05
7.950000000000000000e+02 6.626784612113687908e+05
7.960000000000000000e+02 6.646923299547348870e+05
7.970000000000000000e+02 6.667079919662385946e+05
7.980000000000000000e+02 6.687254424287333386e+05
7.990000000000000000e+02 6.707446765396392439e+05
8.000000000000000000e+02 6.727656895109042525e+05
8.010000000000000000e+02 6.747884765689672204e+05
8.020000000000000000e+02 6.768130329547205474e+05
8.030000000000000000e+02 6.788393539234735072e+05
8.040000000000000000e+02 6.808674347449132474e+05
8.050000000000000000e+02 6.828972707030684687e+05
8.060000000000000000e+02 6.849288570962710073e+05
8.070000000000000000e+02 6.869621892371192807e+05
8.080000000000000000e+02 6.889972624524390558e+05
8.090000000000000000e+02 6.910340720832478255e+05
8.100000000000000000e+02 6.930726134847149951e+05
8.110000000000000000e+02 6.951128820261255605e+05
8.120000000000000000e+02 6.971548730908425059e+05
8.130000000000000000e+02 6.991985820762675721e+05
8.140000000000000000e+02 7.012440043938050512e+05
8.150000000000000000e+02 7.032911354688232532e+05
8.160000000000000000e+02 7.053399707406165544e+05
8.170000000000000000e+02 7.073905056623682613e+05
8.180000000000000000e+02 7.094427357011116110e+05
8.190000000000000000e+02 7.114966563376936829e+05
8.200000000000000000e+02 7.135522630667357007e+05
8.210000000000000000e+02 7.156095513965963619e+05
8.220000000000000000e+02 7.176685168493333040e+05
8.230000000000000000e+02 7.197291549606659682e+05
8.240000000000000000e+02 7.217914612799375318e+05
8.250000000000000000e+02 7.238554313700759085e+05
8.260000000000000000e+02 7.259210608075584751e+05
8.270000000000000000e+02 7.279883451823705109e+05
8.280000000000000000e+02 7.300572800979715539e+05
8.290000000000000000e+02 7.321278611712537240e+05
8.300000000000000000e+02 7.342000840325073805e+05
8.310000000000000000e+02 7.362739443253800273e+05
8.320000000000000000e+02 7.383494377068412723e+05
8.330000000000000000e+02 7.404265598471432459e+05
8.340000000000000000e+02 7.425053064297836972e+05
8.350000000000000000e+02 7.445856731514679268e+05
8.360000000000000000e+02 7.466676557220717659e+05
8.370000000000000000e+02 7.487512498646023450e+05
8.380000000000000000e+02 7.508364513151620049e+05
8.390000000000000000e+02 7.529232558229098795e+05
8.400000000000000000e+02 7.550116591500244103e+05
8.410000000000000000e+02 7.571016570716655115e+05
8.420000000000000000e+02 7.591932453759375494e+05
8.430000000000000000e+02 7.612864198638515081e+05
8.440000000000000000e+02 7.633811763492868049e+05
8.450000000000000000e+02 7.654775106589550851e+05
8.460000000000000000e+02 7.675754186323621543e+05
8.470000000000000000e+02 7.696748961217699107e+05
8.480000000000000000e+02 7.717759389921601396e+05
8.490000000000000000e+02 7.738785431211965624e+05
8.500000000000000000e+02 7.759827043991870014e+05
8.510000000000000000e+02 7.780884187290475238e+05
8.520000000000000000e+02 7.801956820262641413e+05
8.530000000000000000e+02 7.823044902188553242e+05
8.540000000000000000e+02 7.844148392473363783e+05
8.550000000000000000e+02 7.865267250646800967e+05
8.560000000000000000e+02 7.886401436362821842e+05
8.570000000000000000e+02 7.907550909399222583e+05
8.580000000000000000e+02 7.928715629657277605e+05
8.590000000000000000e+02 7.949895557161372853e+05
8.600000000000000000e+02 7.971090652058629785e+05
8.610000000000000000e+02 7.992300874618539819e+05
8.620000000000000000e+02 8.013526185232603457e+05
8.630000000000000000e+02 8.034766544413950760e+05
8.640000000000000000e+02 8.056021912796983961e+05
8.650000000000000000e+02 8.077292251137006097e+05
8.660000000000000000e+02 8.098577520309860120e+05
8.670000000000000000e+02 8.119877681311559863e+05
8.680000000000000000e+02 8.141192695257926825e+05
8.690000000000000000e+02 8.162522523384226952e+05
8.700000000000000000e+02 8.183867127044800436e+05
8.710000000000000000e+02 8.205226467712715967e+05
8.720000000000000000e+02 8.226600506979386555e+05
8.730000000000000000e+02 8.247989206554223783e+05
8.740000000000000000e+02 8.269392528264268767e+05
8.750000000000000000e+02 8.290810434053835925e+05
8.760000000000000000e+02 8.312242885984148597e+05
8.770000000000000000e+02 8.333689846232986310e+05
8.780000000000000000e+02 8.355151277094318066e+05
8.790000000000000000e+02 8.376627140977950767e+05
8.800000000000000000e+02 8.398117400409168331e+05
8.810000000000000000e+02 8.419622018028378952e+05
8.820000000000000000e+02 8.441140956590747228e+05
8.830000000000000000e+02 8.462674178965860046e+05
8.840000000000000000e+02 8.484221648137350567e+05
8.850000000000000000e+02 8.505783327202555956e+05
8.860000000000000000e+02 8.527359179372156505e+05
8.870000000000000000e+02 8.548949167969833361e+05
8.880000000000000000e+02 8.570553256431902992e+05
8.890000000000000000e+02 8.592171408306981903e+05
8.900000000000000000e+02 8.613803587255617604e+05
8.910000000000000000e+02 8.635449757049952168e+05
8.920000000000000000e+02 8.657109881573369494e+05
8.930000000000000000e+02 8.678783924820141401e+05
8.940000000000000000e+02 8.700471850895091193e+05
8.950000000000000000e+02 8.722173624013230437e+05
8.960000000000000000e+02 8.743889208499428350e+05
8.970000000000000000e+02 8.765618568788056727e+05
8.980000000000000000e+02 8.787361669422646519e+05
8.990000000000000000e+02 8.809118475055545568e+05
9.000000000000000000e+02 8.830888950447574025e+05
9.010000000000000000e+02 8.852673060467676260e+05
9.020000000000000000e+02 8.874470770092596067e+05
9.030000000000000000e+02 8.896282044406509958e+05
9.040000000000000000e+02 8.918106848600705853e+05
9.050000000000000000e+02 8.939945147973241983e+05
9.060000000000000000e+02 8.961796907928595319e+05
9.070000000000000000e+02 8.983662093977332115e+05
9.080000000000000000e+02 9.005540671735778451e+05
9.090000000000000000e+02 9.027432606925662840e+05
9.100000000000000000e+02 9.049337865373800742e+05
9.110000000000000000e+02 9.071256413011747645e+05
9.120000000000000000e+02 9.093188215875468450e+05
9.130000000000000000e+02 9.115133240105003351e+05
9.140000000000000000e+02 9.137091451944136061e+05
9.150000000000000000e+02 9.159062817740059691e+05
9.160000000000000000e+02 9.181047303943046136e+05
9.170000000000000000e+02 9.203044877106118947e+05
9.180000000000000000e+02 9.225055503884716891e+05
9.190000000000000000e+02 9.247079151036376134e+05
9.200000000000000000e+02 9.269115785420389147e+05
9.210000000000000000e+02 9.291165373997485731e+05
9.220000000000000000e+02 9.313227883829507045e+05
9.230000000000000000e+02 9.335303282079077326e+05
9.240000000000000000e+02 9.357391536009270931e+05
9.250000000000000000e+02 9.379492612983313156e+05
9.260000000000000000e+02 9.401606480464227498e+05
9.270000000000000000e+02 9.423733106014530640e+05
9.280000000000000000e+02 9.445872457295911154e+05
9.290000000000000000e+02 9.468024502068901202e+05
9.300000000000000000e+02 9.490189208192559890e+05
9.310000000000000000e+02 9.512366543624161277e+05
9.320000000000000000e+02 9.534556476418857928e+05
9.330000000000000000e+02 9.556758974729384063e+05
9.340000000000000000e+02 9.578974006805729587e+05
9.350000000000000000e+02 9.601201540994822280e+05
9.360000000000000000e+02 9.623441545740218135e+05
9.370000000000000000e+02 9.645693989581784699e+05
9.380000000000000000e+02 9.667958841155389091e+05
9.390000000000000000e+02 9.690236069192580180e+05
9.400000000000000000e+02 9.712525642520287074e+05
9.410000000000000000e+02 9.734827530060498975e+05
9.420000000000000000e+02 9.757141700829964830e+05
9.430000000000000000e+02 9.779468123939870857e+05
9.440000000000000000e+02 9.801806768595551839e+05
9.450000000000000000e+02 9.824157604096159339e+05
9.460000000000000000e+02 9.846520599834376480e+05
9.470000000000000000e+02 9.868895725296103628e+05
9.480000000000000000e+02 9.891282950060153380e+05
9.490000000000000000e+02 9.913682243797946721e+05
9.500000000000000000e+02 9.936093576273209183e+05
9.510000000000000000e+02 9.958516917341675144e+05
9.520000000000000000e+02 9.980952236950778170e+05
9.530000000000000000e+02 1.000339950513935299e+06
9.540000000000000000e+02 1.002585869203733513e+06
9.550000000000000000e+02 1.004832976786546991e+06
9.560000000000000000e+02 1.007081270293500274e+06
9.570000000000000000e+02 1.009330746764738462e+06
9.580000000000000000e+02 1.011581403249398689e+06
9.590000000000000000e+02 1.013833236805578927e+06
9.600000000000000000e+02 1.016086244500310044e+06
9.610000000000000000e+02 1.018340423409524956e+06
9.620000000000000000e+02 1.020595770618030569e+06
9.630000000000000000e+02 1.022852283219478210e+06
9.640000000000000000e+02 1.025109958316333825e+06
9.650000000000000000e+02 1.027368793019850389e+06
9.660000000000000000e+02 1.029628784450037288e+06
9.670000000000000000e+02 1.031889929735632264e+06
9.680000000000000000e+02 1.034152226014073123e+06
9.690000000000000000e+02 1.036415670431468519e+06
9.700000000000000000e+02 1.038680260142568615e+06
9.710000000000000000e+02 1.040945992310737958e+06
9.720000000000000000e+02 1.043212864107926609e+06
9.730000000000000000e+02 1.045480872714640456e+06
9.740000000000000000e+02 1.047750015319915139e+06
9.750000000000000000e+02 1.050020289121286012e+06
9.760000000000000000e+02 1.052291691324761370e+06
9.770000000000000000e+02 1.054564219144793460e+06
9.780000000000000000e+02 1.056837869804250775e+06
9.790000000000000000e+02 1.059112640534390463e+06
9.800000000000000000e+02 1.061388528574831085e+06
9.810000000000000000e+02 1.063665531173523515e+06
9.820000000000000000e+02 1.065943645586723695e+06
9.830000000000000000e+02 1.068222869078967255e+06
9.840000000000000000e+02 1.070503198923038784e+06
9.850000000000000000e+02 1.072784632399946218e+06
9.860000000000000000e+02 1.075067166798894526e+06
9.870000000000000000e+02 1.077350799417255912e+06
9.880000000000000000e+02 1.079635527560545132e+06
9.890000000000000000e+02 1.081921348542392021e+06
9.900000000000000000e+02 1.084208259684512857e+06
9.910000000000000000e+02 1.086496258316686377e+06
9.920000000000000000e+02 1.088785341776723275e+06
9.930000000000000000e+02 1.091075507410444086e+06
9.940000000000000000e+02 1.093366752571648452e+06
9.950000000000000000e+02 1.095659074622090673e+06
9.960000000000000000e+02 1.097952470931452932e+06
9.970000000000000000e+02 1.100246938877320383e+06
9.980000000000000000e+02 1.102542475845151115e+06
9.990000000000000000e+02 1.104839079228253569e+06
