# BB temperature (K); Intensity through filter (ph/s/m^2/mas^2)
1.000000000000000000e+01 0.000000000000000000e+00
1.100000000000000000e+01 0.000000000000000000e+00
1.200000000000000000e+01 0.000000000000000000e+00
1.300000000000000000e+01 0.000000000000000000e+00
1.400000000000000000e+01 0.000000000000000000e+00
1.500000000000000000e+01 0.000000000000000000e+00
1.600000000000000000e+01 0.000000000000000000e+00
1.700000000000000000e+01 0.000000000000000000e+00
1.800000000000000000e+01 0.000000000000000000e+00
1.900000000000000000e+01 0.000000000000000000e+00
2.000000000000000000e+01 0.000000000000000000e+00
2.100000000000000000e+01 1.063782153473609716e-17
2.200000000000000000e+01 1.109671651130848987e-16
2.300000000000000000e+01 9.460597401951360664e-16
2.400000000000000000e+01 6.759908715214713013e-15
2.500000000000000000e+01 4.134601090441319452e-14
2.600000000000000000e+01 2.203741158071250891e-13
2.700000000000000000e+01 1.039291423112164747e-12
2.800000000000000000e+01 4.393758908806868210e-12
2.900000000000000000e+01 1.684025692647940184e-11
3.000000000000000000e+01 5.909019878722617100e-11
3.100000000000000000e+01 1.914392854811865570e-10
3.200000000000000000e+01 5.769383069598335169e-10
3.300000000000000000e+01 1.627995216788990503e-09
3.400000000000000000e+01 4.326247901747843986e-09
3.500000000000000000e+01 1.088246410755415926e-08
3.600000000000000000e+01 2.603018786194069292e-08
3.700000000000000000e+01 5.944633591796058714e-08
3.800000000000000000e+01 1.300915183217486907e-07
3.900000000000000000e+01 2.736943962553024232e-07
4.000000000000000000e+01 5.552026024386744566e-07
4.100000000000000000e+01 1.088822989419760433e-06
4.200000000000000000e+01 2.069309538537622727e-06
4.300000000000000000e+01 3.819456391208806659e-06
4.400000000000000000e+01 6.860336289259910384e-06
4.500000000000000000e+01 1.201270050659123336e-05
4.600000000000000000e+01 2.054012131762397296e-05
4.700000000000000000e+01 3.434689384372619392e-05
4.800000000000000000e+01 5.624638732627924799e-05
4.900000000000000000e+01 9.031839838761935994e-05
5.000000000000000000e+01 1.423770491868623289e-04
5.100000000000000000e+01 2.205738188521109316e-04
5.200000000000000000e+01 3.361633160162257744e-04
5.300000000000000000e+01 5.044623073138529770e-04
5.400000000000000000e+01 7.460352231494335375e-04
5.500000000000000000e+01 1.088141781445254577e-03
5.600000000000000000e+01 1.566484420927528659e-03
5.700000000000000000e+01 2.227294844232274688e-03
5.800000000000000000e+01 3.129800074542369963e-03
5.900000000000000000e+01 4.349108976774985515e-03
6.000000000000000000e+01 5.979560148386222664e-03
6.100000000000000000e+01 8.138571422950626605e-03
6.200000000000000000e+01 1.097102994373803583e-02
6.300000000000000000e+01 1.465425986077138754e-02
6.400000000000000000e+01 1.940360220303935859e-02
6.500000000000000000e+01 2.547863840974121455e-02
6.600000000000000000e+01 3.319008541365332104e-02
6.700000000000000000e+01 4.290738610818978227e-02
6.800000000000000000e+01 5.506701455724195143e-02
6.900000000000000000e+01 7.018151048887082133e-02
7.000000000000000000e+01 8.884925251971464988e-02
7.100000000000000000e+01 1.117649742580535538e-01
7.200000000000000000e+01 1.397310220018558313e-01
7.300000000000000000e+01 1.736693472549156736e-01
7.400000000000000000e+01 2.146342217982298295e-01
7.500000000000000000e+01 2.638256576405672571e-01
7.600000000000000000e+01 3.226035088929761763e-01
7.700000000000000000e+01 3.925022275229652635e-01
7.800000000000000000e+01 4.752462400959022171e-01
7.900000000000000000e+01 5.727659080484535092e-01
8.000000000000000000e+01 6.872140298000978254e-01
8.100000000000000000e+01 8.209828391260325375e-01
8.200000000000000000e+01 9.767214507140997704e-01
8.300000000000000000e+01 1.157353700729438550e+00
8.400000000000000000e+01 1.366096327527417165e+00
8.500000000000000000e+01 1.606477435396314934e+00
8.600000000000000000e+01 1.882355182379418235e+00
8.700000000000000000e+01 2.197936631820020192e+00
8.800000000000000000e+01 2.557796706286290966e+00
8.900000000000000000e+01 2.966897181956268614e+00
9.000000000000000000e+01 3.430605661362970515e+00
9.100000000000000000e+01 3.954714462599525859e+00
9.200000000000000000e+01 4.545459363645649731e+00
9.300000000000000000e+01 5.209538141378561527e+00
9.400000000000000000e+01 5.954128846051372825e+00
9.500000000000000000e+01 6.786907753535845522e+00
9.600000000000000000e+01 7.716066939409999215e+00
9.700000000000000000e+01 8.750331420998401555e+00
9.800000000000000000e+01 9.898975815719271765e+00
9.900000000000000000e+01 1.117184046653150986e+01
1.000000000000000000e+02 1.257934698788164063e+01
1.010000000000000000e+02 1.413251318830053904e+01
1.020000000000000000e+02 1.584296732866805257e+01
1.030000000000000000e+02 1.772296167812775991e+01
1.040000000000000000e+02 1.978538533267091992e+01
1.050000000000000000e+02 2.204377626449731764e+01
1.060000000000000000e+02 2.451233257338094162e+01
1.070000000000000000e+02 2.720592291440114607e+01
1.080000000000000000e+02 3.014009607952782943e+01
1.090000000000000000e+02 3.333108971365521711e+01
1.100000000000000000e+02 3.679583814874870740e+01
1.110000000000000000e+02 4.055197934278857730e+01
1.120000000000000000e+02 4.461786091315111236e+01
1.130000000000000000e+02 4.901254525695032527e+01
1.140000000000000000e+02 5.375581375366234482e+01
1.150000000000000000e+02 5.886817004806039932e+01
1.160000000000000000e+02 6.437084241409505125e+01
1.170000000000000000e+02 7.028578520285286402e+01
1.180000000000000000e+02 7.663567938011442493e+01
1.190000000000000000e+02 8.344393216130370661e+01
1.200000000000000000e+02 9.073467575377136995e+01
1.210000000000000000e+02 9.853276521838334645e+01
1.220000000000000000e+02 1.068637754642917201e+02
1.230000000000000000e+02 1.157539973925418764e+02
1.240000000000000000e+02 1.252304332058271967e+02
1.250000000000000000e+02 1.353207909032292946e+02
1.260000000000000000e+02 1.460534779801882905e+02
1.270000000000000000e+02 1.574575943552311514e+02
1.280000000000000000e+02 1.695629245461463768e+02
1.290000000000000000e+02 1.823999291193410954e+02
1.300000000000000000e+02 1.959997354370430855e+02
1.310000000000000000e+02 2.103941277278299253e+02
1.320000000000000000e+02 2.256155365066738909e+02
1.330000000000000000e+02 2.416970273712978781e+02
1.340000000000000000e+02 2.586722892021377902e+02
1.350000000000000000e+02 2.765756217936138910e+02
1.360000000000000000e+02 2.954419229447258886e+02
1.370000000000000000e+02 3.153066750372120168e+02
1.380000000000000000e+02 3.362059311296488318e+02
1.390000000000000000e+02 3.581763005959320481e+02
1.400000000000000000e+02 3.812549343365624850e+02
1.410000000000000000e+02 4.054795095910693021e+02
1.420000000000000000e+02 4.308882143797591766e+02
1.430000000000000000e+02 4.575197316027513352e+02
1.440000000000000000e+02 4.854132228239952269e+02
1.450000000000000000e+02 5.146083117676301981e+02
1.460000000000000000e+02 5.451450675536746076e+02
1.470000000000000000e+02 5.770639876996019666e+02
1.480000000000000000e+02 6.104059809138972241e+02
1.490000000000000000e+02 6.452123497071846714e+02
1.500000000000000000e+02 6.815247728459683003e+02
1.510000000000000000e+02 7.193852876734663369e+02
1.520000000000000000e+02 7.588362723214166863e+02
1.530000000000000000e+02 7.999204278361050910e+02
1.540000000000000000e+02 8.426807602412258120e+02
1.550000000000000000e+02 8.871605625595176434e+02
1.560000000000000000e+02 9.334033968144433402e+02
1.570000000000000000e+02 9.814530760324809080e+02
1.580000000000000000e+02 1.031353646265898988e+03
1.590000000000000000e+02 1.083149368655171429e+03
1.600000000000000000e+02 1.136884701549474130e+03
1.610000000000000000e+02 1.192604282702982800e+03
1.620000000000000000e+02 1.250352911563966927e+03
1.630000000000000000e+02 1.310175531672960005e+03
1.640000000000000000e+02 1.372117213185551464e+03
1.650000000000000000e+02 1.436223135534645962e+03
1.660000000000000000e+02 1.502538570246311110e+03
1.670000000000000000e+02 1.571108863922627961e+03
1.680000000000000000e+02 1.641979421404277900e+03
1.690000000000000000e+02 1.715195689124881255e+03
1.700000000000000000e+02 1.790803138668456995e+03
1.710000000000000000e+02 1.868847250540672803e+03
1.720000000000000000e+02 1.949373498163927252e+03
1.730000000000000000e+02 2.032427332105632786e+03
1.740000000000000000e+02 2.118054164548464087e+03
1.750000000000000000e+02 2.206299354010705429e+03
1.760000000000000000e+02 2.297208190324215593e+03
1.770000000000000000e+02 2.390825879876988438e+03
1.780000000000000000e+02 2.487197531126636477e+03
1.790000000000000000e+02 2.586368140390655753e+03
1.800000000000000000e+02 2.688382577918725929e+03
1.810000000000000000e+02 2.793285574251789058e+03
1.820000000000000000e+02 2.901121706872172581e+03
1.830000000000000000e+02 3.011935387148482732e+03
1.840000000000000000e+02 3.125770847578553457e+03
1.850000000000000000e+02 3.242672129333263456e+03
1.860000000000000000e+02 3.362683070103595128e+03
1.870000000000000000e+02 3.485847292252873103e+03
1.880000000000000000e+02 3.612208191275722129e+03
1.890000000000000000e+02 3.741808924564893005e+03
1.900000000000000000e+02 3.874692400486700990e+03
1.910000000000000000e+02 4.010901267765502780e+03
1.920000000000000000e+02 4.150477905177238426e+03
1.930000000000000000e+02 4.293464411551786725e+03
1.940000000000000000e+02 4.439902596083527897e+03
1.950000000000000000e+02 4.589833968949235896e+03
1.960000000000000000e+02 4.743299732232087081e+03
1.970000000000000000e+02 4.900340771150387809e+03
1.980000000000000000e+02 5.060997645589259264e+03
1.990000000000000000e+02 5.225310581933363210e+03
2.000000000000000000e+02 5.393319465198471335e+03
2.010000000000000000e+02 5.565063831459477115e+03
2.020000000000000000e+02 5.740582860572247228e+03
2.030000000000000000e+02 5.919915369186519456e+03
2.040000000000000000e+02 6.103099804046857571e+03
2.050000000000000000e+02 6.290174235578525440e+03
2.060000000000000000e+02 6.481176351754987991e+03
2.070000000000000000e+02 6.676143452243543834e+03
2.080000000000000000e+02 6.875112442825582548e+03
2.090000000000000000e+02 7.078119830087662194e+03
2.100000000000000000e+02 7.285201716379666323e+03
2.110000000000000000e+02 7.496393795036044139e+03
2.120000000000000000e+02 7.711731345856160260e+03
2.130000000000000000e+02 7.931249230839583106e+03
2.140000000000000000e+02 8.154981890172169187e+03
2.150000000000000000e+02 8.382963338458659564e+03
2.160000000000000000e+02 8.615227161197426540e+03
2.170000000000000000e+02 8.851806511493070502e+03
2.180000000000000000e+02 9.092734107002341261e+03
2.190000000000000000e+02 9.338042227108999214e+03
2.200000000000000000e+02 9.587762710323038846e+03
2.210000000000000000e+02 9.841926951899818960e+03
2.220000000000000000e+02 1.010056590167446666e+04
2.230000000000000000e+02 1.036371006210704218e+04
2.240000000000000000e+02 1.063138948653390253e+04
2.250000000000000000e+02 1.090363377762057826e+04
2.260000000000000000e+02 1.118047208601174498e+04
2.270000000000000000e+02 1.146193310917351482e+04
2.280000000000000000e+02 1.174804509042368409e+04
2.290000000000000000e+02 1.203883581814521858e+04
2.300000000000000000e+02 1.233433262517852017e+04
2.310000000000000000e+02 1.263456238838797071e+04
2.320000000000000000e+02 1.293955152839822586e+04
2.330000000000000000e+02 1.324932600949578227e+04
2.340000000000000000e+02 1.356391133969147995e+04
2.350000000000000000e+02 1.388333257093944485e+04
2.360000000000000000e+02 1.420761429950817910e+04
2.370000000000000000e+02 1.453678066649945868e+04
2.380000000000000000e+02 1.487085535851078021e+04
2.390000000000000000e+02 1.520986160843711332e+04
2.400000000000000000e+02 1.555382219640778749e+04
2.410000000000000000e+02 1.590275945085440071e+04
2.420000000000000000e+02 1.625669524970564089e+04
2.430000000000000000e+02 1.661565102170499449e+04
2.440000000000000000e+02 1.697964774784738256e+04
2.450000000000000000e+02 1.734870596293084964e+04
2.460000000000000000e+02 1.772284575721930378e+04
2.470000000000000000e+02 1.810208677821268429e+04
2.480000000000000000e+02 1.848644823252065544e+04
2.490000000000000000e+02 1.887594888783630449e+04
2.500000000000000000e+02 1.927060707500597709e+04
2.510000000000000000e+02 1.967044069019199378e+04
2.520000000000000000e+02 2.007546719712444610e+04
2.530000000000000000e+02 2.048570362943885630e+04
2.540000000000000000e+02 2.090116659309618990e+04
2.550000000000000000e+02 2.132187226888197256e+04
2.560000000000000000e+02 2.174783641498119323e+04
2.570000000000000000e+02 2.217907436962589054e+04
2.580000000000000000e+02 2.261560105381222456e+04
2.590000000000000000e+02 2.305743097408394533e+04
2.600000000000000000e+02 2.350457822537944958e+04
2.610000000000000000e+02 2.395705649393912245e+04
2.620000000000000000e+02 2.441487906027051213e+04
2.630000000000000000e+02 2.487805880216818332e+04
2.640000000000000000e+02 2.534660819778567748e+04
2.650000000000000000e+02 2.582053932875687315e+04
2.660000000000000000e+02 2.629986388336402160e+04
2.670000000000000000e+02 2.678459315975002391e+04
2.680000000000000000e+02 2.727473806917232650e+04
2.690000000000000000e+02 2.777030913929605958e+04
2.700000000000000000e+02 2.827131651752398102e+04
2.710000000000000000e+02 2.877776997436098827e+04
2.720000000000000000e+02 2.928967890681075733e+04
2.730000000000000000e+02 2.980705234180251500e+04
2.740000000000000000e+02 3.032989893964554358e+04
2.750000000000000000e+02 3.085822699750956599e+04
2.760000000000000000e+02 3.139204445292878154e+04
2.770000000000000000e+02 3.193135888732759122e+04
2.780000000000000000e+02 3.247617752956623008e+04
2.790000000000000000e+02 3.302650725950418564e+04
2.800000000000000000e+02 3.358235461157970713e+04
2.810000000000000000e+02 3.414372577840369195e+04
2.820000000000000000e+02 3.471062661436606140e+04
2.830000000000000000e+02 3.528306263925305393e+04
2.840000000000000000e+02 3.586103904187380977e+04
2.850000000000000000e+02 3.644456068369452260e+04
2.860000000000000000e+02 3.703363210247894312e+04
2.870000000000000000e+02 3.762825751593334280e+04
2.880000000000000000e+02 3.822844082535485359e+04
2.890000000000000000e+02 3.883418561928156123e+04
2.900000000000000000e+02 3.944549517714310787e+04
2.910000000000000000e+02 4.006237247291047970e+04
2.920000000000000000e+02 4.068482017874372104e+04
2.930000000000000000e+02 4.131284066863633052e+04
2.940000000000000000e+02 4.194643602205513162e+04
2.950000000000000000e+02 4.258560802757459896e+04
2.960000000000000000e+02 4.323035818650445435e+04
2.970000000000000000e+02 4.388068771650938288e+04
2.980000000000000000e+02 4.453659755522008345e+04
2.990000000000000000e+02 4.519808836383443850e+04
3.000000000000000000e+02 4.586516053070786438e+04
3.010000000000000000e+02 4.653781417493222398e+04
3.020000000000000000e+02 4.721604914990204270e+04
3.030000000000000000e+02 4.789986504686732951e+04
3.040000000000000000e+02 4.858926119847228256e+04
3.050000000000000000e+02 4.928423668227896997e+04
3.060000000000000000e+02 4.998479032427532366e+04
3.070000000000000000e+02 5.069092070236660220e+04
3.080000000000000000e+02 5.140262614984989341e+04
3.090000000000000000e+02 5.211990475887063803e+04
3.100000000000000000e+02 5.284275438386080350e+04
3.110000000000000000e+02 5.357117264495814743e+04
3.120000000000000000e+02 5.430515693140572694e+04
3.130000000000000000e+02 5.504470440493136266e+04
3.140000000000000000e+02 5.578981200310634449e+04
3.150000000000000000e+02 5.654047644268313161e+04
3.160000000000000000e+02 5.729669422291130468e+04
3.170000000000000000e+02 5.805846162883142824e+04
3.180000000000000000e+02 5.882577473454650317e+04
3.190000000000000000e+02 5.959862940647040523e+04
3.200000000000000000e+02 6.037702130655310611e+04
3.210000000000000000e+02 6.116094589548227668e+04
3.220000000000000000e+02 6.195039843586081406e+04
3.230000000000000000e+02 6.274537399536011071e+04
3.240000000000000000e+02 6.354586744984877441e+04
3.250000000000000000e+02 6.435187348649647902e+04
3.260000000000000000e+02 6.516338660685253126e+04
3.270000000000000000e+02 6.598040112989924091e+04
3.280000000000000000e+02 6.680291119507962139e+04
3.290000000000000000e+02 6.763091076529928250e+04
3.300000000000000000e+02 6.846439362990230438e+04
3.310000000000000000e+02 6.930335340762099077e+04
3.320000000000000000e+02 7.014778354949923232e+04
3.330000000000000000e+02 7.099767734178950195e+04
3.340000000000000000e+02 7.185302790882304544e+04
3.350000000000000000e+02 7.271382821585371858e+04
3.360000000000000000e+02 7.358007107187442307e+04
3.370000000000000000e+02 7.445174913240730530e+04
3.380000000000000000e+02 7.532885490226645197e+04
3.390000000000000000e+02 7.621138073829385394e+04
3.400000000000000000e+02 7.709931885206799780e+04
3.410000000000000000e+02 7.799266131258569658e+04
3.420000000000000000e+02 7.889140004891632998e+04
3.430000000000000000e+02 7.979552685282920720e+04
3.440000000000000000e+02 8.070503338139357220e+04
3.450000000000000000e+02 8.161991115955162968e+04
3.460000000000000000e+02 8.254015158266405342e+04
3.470000000000000000e+02 8.346574591902874818e+04
3.480000000000000000e+02 8.439668531237206480e+04
3.490000000000000000e+02 8.533296078431332717e+04
3.500000000000000000e+02 8.627456323680214700e+04
3.510000000000000000e+02 8.722148345452859940e+04
3.520000000000000000e+02 8.817371210730682651e+04
3.530000000000000000e+02 8.913123975243156019e+04
3.540000000000000000e+02 9.009405683700786904e+04
3.550000000000000000e+02 9.106215370025443553e+04
3.560000000000000000e+02 9.203552057577997039e+04
3.570000000000000000e+02 9.301414759383338969e+04
3.580000000000000000e+02 9.399802478352736216e+04
3.590000000000000000e+02 9.498714207503588113e+04
3.600000000000000000e+02 9.598148930176530848e+04
3.610000000000000000e+02 9.698105620249971980e+04
3.620000000000000000e+02 9.798583242352014349e+04
3.630000000000000000e+02 9.899580752069797018e+04
3.640000000000000000e+02 1.000109709615630854e+05
3.650000000000000000e+02 1.010313121273458237e+05
3.660000000000000000e+02 1.020568203149942710e+05
3.670000000000000000e+02 1.030874847391658550e+05
3.680000000000000000e+02 1.041232945341941668e+05
3.690000000000000000e+02 1.051642387560306233e+05
3.700000000000000000e+02 1.062103063841615804e+05
3.710000000000000000e+02 1.072614863235007651e+05
3.720000000000000000e+02 1.083177674062573060e+05
3.730000000000000000e+02 1.093791383937795472e+05
3.740000000000000000e+02 1.104455879783745622e+05
3.750000000000000000e+02 1.115171047851041658e+05
3.760000000000000000e+02 1.125936773735566385e+05
3.770000000000000000e+02 1.136752942395955324e+05
3.780000000000000000e+02 1.147619438170845388e+05
3.790000000000000000e+02 1.158536144795892906e+05
3.800000000000000000e+02 1.169502945420565084e+05
3.810000000000000000e+02 1.180519722624698625e+05
3.820000000000000000e+02 1.191586358434832655e+05
3.830000000000000000e+02 1.202702734340320749e+05
3.840000000000000000e+02 1.213868731309215218e+05
3.850000000000000000e+02 1.225084229803933995e+05
3.860000000000000000e+02 1.236349109796708217e+05
3.870000000000000000e+02 1.247663250784810079e+05
3.880000000000000000e+02 1.259026531805571722e+05
3.890000000000000000e+02 1.270438831451182923e+05
3.900000000000000000e+02 1.281900027883285657e+05
3.910000000000000000e+02 1.293409998847353709e+05
3.920000000000000000e+02 1.304968621686867991e+05
3.930000000000000000e+02 1.316575773357286234e+05
3.940000000000000000e+02 1.328231330439807789e+05
3.950000000000000000e+02 1.339935169154939649e+05
3.960000000000000000e+02 1.351687165375862678e+05
3.970000000000000000e+02 1.363487194641595706e+05
3.980000000000000000e+02 1.375335132169973222e+05
3.990000000000000000e+02 1.387230852870421077e+05
4.000000000000000000e+02 1.399174231356545642e+05
4.010000000000000000e+02 1.411165141958532040e+05
4.020000000000000000e+02 1.423203458735353779e+05
4.030000000000000000e+02 1.435289055486798752e+05
4.040000000000000000e+02 1.447421805765310419e+05
4.050000000000000000e+02 1.459601582887647673e+05
4.060000000000000000e+02 1.471828259946364560e+05
4.070000000000000000e+02 1.484101709821112163e+05
4.080000000000000000e+02 1.496421805189765291e+05
4.090000000000000000e+02 1.508788418539375707e+05
4.100000000000000000e+02 1.521201422176949272e+05
4.110000000000000000e+02 1.533660688240059826e+05
4.120000000000000000e+02 1.546166088707289018e+05
4.130000000000000000e+02 1.558717495408500836e+05
4.140000000000000000e+02 1.571314780034956930e+05
4.150000000000000000e+02 1.583957814149257902e+05
4.160000000000000000e+02 1.596646469195138779e+05
4.170000000000000000e+02 1.609380616507092491e+05
4.180000000000000000e+02 1.622160127319844032e+05
4.190000000000000000e+02 1.634984872777666897e+05
4.200000000000000000e+02 1.647854723943545541e+05
4.210000000000000000e+02 1.660769551808186516e+05
4.220000000000000000e+02 1.673729227298883779e+05
4.230000000000000000e+02 1.686733621288229479e+05
4.240000000000000000e+02 1.699782604602680949e+05
4.250000000000000000e+02 1.712876048030987440e+05
4.260000000000000000e+02 1.726013822332469572e+05
4.270000000000000000e+02 1.739195798245157348e+05
4.280000000000000000e+02 1.752421846493791963e+05
4.290000000000000000e+02 1.765691837797690241e+05
4.300000000000000000e+02 1.779005642878468789e+05
4.310000000000000000e+02 1.792363132467641262e+05
4.320000000000000000e+02 1.805764177314074768e+05
4.330000000000000000e+02 1.819208648191323155e+05
4.340000000000000000e+02 1.832696415904827008e+05
4.350000000000000000e+02 1.846227351298987633e+05
4.360000000000000000e+02 1.859801325264111219e+05
4.370000000000000000e+02 1.873418208743238938e+05
4.380000000000000000e+02 1.887077872738840524e+05
4.390000000000000000e+02 1.900780188319401641e+05
4.400000000000000000e+02 1.914525026625875616e+05
4.410000000000000000e+02 1.928312258878031862e+05
4.420000000000000000e+02 1.942141756380681472e+05
4.430000000000000000e+02 1.956013390529784665e+05
4.440000000000000000e+02 1.969927032818452863e+05
4.450000000000000000e+02 1.983882554842832033e+05
4.460000000000000000e+02 1.997879828307878633e+05
4.470000000000000000e+02 2.011918725033027004e+05
4.480000000000000000e+02 2.025999116957747901e+05
4.490000000000000000e+02 2.040120876147002273e+05
4.500000000000000000e+02 2.054283874796590244e+05
4.510000000000000000e+02 2.068487985238396213e+05
4.520000000000000000e+02 2.082733079945532372e+05
4.530000000000000000e+02 2.097019031537383562e+05
4.540000000000000000e+02 2.111345712784549978e+05
4.550000000000000000e+02 2.125712996613695577e+05
4.560000000000000000e+02 2.140120756112299277e+05
4.570000000000000000e+02 2.154568864533306914e+05
4.580000000000000000e+02 2.169057195299698506e+05
4.590000000000000000e+02 2.183585622008953942e+05
4.600000000000000000e+02 2.198154018437434570e+05
4.610000000000000000e+02 2.212762258544669021e+05
4.620000000000000000e+02 2.227410216477556969e+05
4.630000000000000000e+02 2.242097766574480338e+05
4.640000000000000000e+02 2.256824783369330980e+05
4.650000000000000000e+02 2.271591141595452500e+05
4.660000000000000000e+02 2.286396716189500876e+05
4.670000000000000000e+02 2.301241382295218355e+05
4.680000000000000000e+02 2.316125015267130802e+05
4.690000000000000000e+02 2.331047490674162691e+05
4.700000000000000000e+02 2.346008684303171467e+05
4.710000000000000000e+02 2.361008472162408580e+05
4.720000000000000000e+02 2.376046730484900181e+05
4.730000000000000000e+02 2.391123335731752741e+05
4.740000000000000000e+02 2.406238164595387352e+05
4.750000000000000000e+02 2.421391094002696918e+05
4.760000000000000000e+02 2.436582001118132612e+05
4.770000000000000000e+02 2.451810763346719323e+05
4.780000000000000000e+02 2.467077258337003295e+05
4.790000000000000000e+02 2.482381363983922347e+05
4.800000000000000000e+02 2.497722958431621955e+05
4.810000000000000000e+02 2.513101920076189854e+05
4.820000000000000000e+02 2.528518127568334166e+05
4.830000000000000000e+02 2.543971459815992566e+05
4.840000000000000000e+02 2.559461795986878860e+05
4.850000000000000000e+02 2.574989015510966128e+05
4.860000000000000000e+02 2.590552998082905251e+05
4.870000000000000000e+02 2.606153623664387560e+05
4.880000000000000000e+02 2.621790772486442002e+05
4.890000000000000000e+02 2.637464325051676715e+05
4.900000000000000000e+02 2.653174162136458326e+05
4.910000000000000000e+02 2.668920164793038857e+05
4.920000000000000000e+02 2.684702214351620642e+05
4.930000000000000000e+02 2.700520192422369728e+05
4.940000000000000000e+02 2.716373980897370493e+05
4.950000000000000000e+02 2.732263461952530197e+05
4.960000000000000000e+02 2.748188518049428822e+05
4.970000000000000000e+02 2.764149031937113032e+05
4.980000000000000000e+02 2.780144886653846479e+05
4.990000000000000000e+02 2.796175965528797824e+05
5.000000000000000000e+02 2.812242152183693834e+05
5.010000000000000000e+02 2.828343330534408451e+05
5.020000000000000000e+02 2.844479384792512865e+05
5.030000000000000000e+02 2.860650199466773774e+05
5.040000000000000000e+02 2.876855659364610910e+05
5.050000000000000000e+02 2.893095649593494600e+05
5.060000000000000000e+02 2.909370055562318303e+05
5.070000000000000000e+02 2.925678762982704793e+05
5.080000000000000000e+02 2.942021657870286726e+05
5.090000000000000000e+02 2.958398626545934239e+05
5.100000000000000000e+02 2.974809555636940058e+05
5.110000000000000000e+02 2.991254332078166190e+05
5.120000000000000000e+02 3.007732843113148701e+05
5.130000000000000000e+02 3.024244976295161759e+05
5.140000000000000000e+02 3.040790619488240336e+05
5.150000000000000000e+02 3.057369660868167994e+05
5.160000000000000000e+02 3.073981988923418103e+05
5.170000000000000000e+02 3.090627492456067121e+05
5.180000000000000000e+02 3.107306060582665959e+05
5.190000000000000000e+02 3.124017582735071192e+05
5.200000000000000000e+02 3.140761948661248898e+05
5.210000000000000000e+02 3.157539048426032532e+05
5.220000000000000000e+02 3.174348772411856917e+05
5.230000000000000000e+02 3.191191011319449754e+05
5.240000000000000000e+02 3.208065656168494024e+05
5.250000000000000000e+02 3.224972598298253724e+05
5.260000000000000000e+02 3.241911729368174565e+05
5.270000000000000000e+02 3.258882941358439275e+05
5.280000000000000000e+02 3.275886126570508350e+05
5.290000000000000000e+02 3.292921177627615398e+05
5.300000000000000000e+02 3.309987987475241534e+05
5.310000000000000000e+02 3.327086449381556595e+05
5.320000000000000000e+02 3.344216456937826588e+05
5.330000000000000000e+02 3.361377904058806016e+05
5.340000000000000000e+02 3.378570684983085375e+05
5.350000000000000000e+02 3.395794694273420027e+05
5.360000000000000000e+02 3.413049826817033463e+05
5.370000000000000000e+02 3.430335977825889131e+05
5.380000000000000000e+02 3.447653042836937238e+05
5.390000000000000000e+02 3.465000917712333612e+05
5.400000000000000000e+02 3.482379498639642843e+05
5.410000000000000000e+02 3.499788682132000104e+05
5.420000000000000000e+02 3.517228365028267144e+05
5.430000000000000000e+02 3.534698444493148127e+05
5.440000000000000000e+02 3.552198818017292069e+05
5.450000000000000000e+02 3.569729383417368517e+05
5.460000000000000000e+02 3.587290038836119347e+05
5.470000000000000000e+02 3.604880682742392528e+05
5.480000000000000000e+02 3.622501213931147358e+05
5.490000000000000000e+02 3.640151531523448066e+05
5.500000000000000000e+02 3.657831534966423642e+05
5.510000000000000000e+02 3.675541124033217784e+05
5.520000000000000000e+02 3.693280198822916718e+05
5.530000000000000000e+02 3.711048659760449082e+05
5.540000000000000000e+02 3.728846407596474746e+05
5.550000000000000000e+02 3.746673343407256762e+05
5.560000000000000000e+02 3.764529368594501284e+05
5.570000000000000000e+02 3.782414384885193431e+05
5.580000000000000000e+02 3.800328294331408106e+05
5.590000000000000000e+02 3.818270999310102197e+05
5.600000000000000000e+02 3.836242402522892226e+05
5.610000000000000000e+02 3.854242406995814526e+05
5.620000000000000000e+02 3.872270916079071467e+05
5.630000000000000000e+02 3.890327833446749719e+05
5.640000000000000000e+02 3.908413063096539699e+05
5.650000000000000000e+02 3.926526509349425323e+05
5.660000000000000000e+02 3.944668076849365607e+05
5.670000000000000000e+02 3.962837670562957064e+05
5.680000000000000000e+02 3.981035195779087371e+05
5.690000000000000000e+02 3.999260558108566329e+05
5.700000000000000000e+02 4.017513663483746932e+05
5.710000000000000000e+02 4.035794418158136541e+05
5.720000000000000000e+02 4.054102728705987683e+05
5.730000000000000000e+02 4.072438502021873719e+05
5.740000000000000000e+02 4.090801645320266834e+05
5.750000000000000000e+02 4.109192066135081113e+05
5.760000000000000000e+02 4.127609672319219681e+05
5.770000000000000000e+02 4.146054372044105548e+05
5.780000000000000000e+02 4.164526073799196165e+05
5.790000000000000000e+02 4.183024686391489813e+05
5.800000000000000000e+02 4.201550118945020949e+05
5.810000000000000000e+02 4.220102280900345650e+05
5.820000000000000000e+02 4.238681082014005515e+05
5.830000000000000000e+02 4.257286432358001475e+05
5.840000000000000000e+02 4.275918242319232668e+05
5.850000000000000000e+02 4.294576422598946956e+05
5.860000000000000000e+02 4.313260884212165256e+05
5.870000000000000000e+02 4.331971538487106445e+05
5.880000000000000000e+02 4.350708297064597718e+05
5.890000000000000000e+02 4.369471071897473303e+05
5.900000000000000000e+02 4.388259775249971426e+05
5.910000000000000000e+02 4.407074319697121391e+05
5.920000000000000000e+02 4.425914618124108529e+05
5.930000000000000000e+02 4.444780583725651377e+05
5.940000000000000000e+02 4.463672130005354993e+05
5.950000000000000000e+02 4.482589170775064267e+05
5.960000000000000000e+02 4.501531620154203265e+05
5.970000000000000000e+02 4.520499392569112242e+05
5.980000000000000000e+02 4.539492402752375929e+05
5.990000000000000000e+02 4.558510565742139588e+05
6.000000000000000000e+02 4.577553796881430317e+05
6.010000000000000000e+02 4.596622011817451566e+05
6.020000000000000000e+02 4.615715126500891638e+05
6.030000000000000000e+02 4.634833057185213547e+05
6.040000000000000000e+02 4.653975720425940235e+05
6.050000000000000000e+02 4.673143033079933375e+05
6.060000000000000000e+02 4.692334912304672762e+05
6.070000000000000000e+02 4.711551275557518820e+05
6.080000000000000000e+02 4.730792040594975697e+05
6.090000000000000000e+02 4.750057125471952022e+05
6.100000000000000000e+02 4.769346448541006539e+05
6.110000000000000000e+02 4.788659928451600717e+05
6.120000000000000000e+02 4.807997484149328666e+05
6.130000000000000000e+02 4.827359034875167417e+05
6.140000000000000000e+02 4.846744500164695783e+05
6.150000000000000000e+02 4.866153799847328919e+05
6.160000000000000000e+02 4.885586854045531945e+05
6.170000000000000000e+02 4.905043583174048108e+05
6.180000000000000000e+02 4.924523907939101337e+05
6.190000000000000000e+02 4.944027749337611604e+05
6.200000000000000000e+02 4.963555028656398063e+05
6.210000000000000000e+02 4.983105667471381021e+05
6.220000000000000000e+02 5.002679587646778673e+05
6.230000000000000000e+02 5.022276711334299762e+05
6.240000000000000000e+02 5.041896960972337401e+05
6.250000000000000000e+02 5.061540259285149514e+05
6.260000000000000000e+02 5.081206529282053234e+05
6.270000000000000000e+02 5.100895694256594288e+05
6.280000000000000000e+02 5.120607677785730339e+05
6.290000000000000000e+02 5.140342403729006764e+05
6.300000000000000000e+02 5.160099796227724291e+05
6.310000000000000000e+02 5.179879779704111861e+05
6.320000000000000000e+02 5.199682278860491933e+05
6.330000000000000000e+02 5.219507218678445206e+05
6.340000000000000000e+02 5.239354524417971843e+05
6.350000000000000000e+02 5.259224121616649209e+05
6.360000000000000000e+02 5.279115936088797171e+05
6.370000000000000000e+02 5.299029893924621865e+05
6.380000000000000000e+02 5.318965921489378670e+05
6.390000000000000000e+02 5.338923945422519464e+05
6.400000000000000000e+02 5.358903892636843957e+05
6.410000000000000000e+02 5.378905690317647532e+05
6.420000000000000000e+02 5.398929265921865590e+05
6.430000000000000000e+02 5.418974547177224886e+05
6.440000000000000000e+02 5.439041462081379723e+05
6.450000000000000000e+02 5.459129938901057467e+05
6.460000000000000000e+02 5.479239906171204057e+05
6.470000000000000000e+02 5.499371292694117874e+05
6.480000000000000000e+02 5.519524027538589435e+05
6.490000000000000000e+02 5.539698040039039915e+05
6.500000000000000000e+02 5.559893259794666665e+05
6.510000000000000000e+02 5.580109616668564267e+05
6.520000000000000000e+02 5.600347040786870057e+05
6.530000000000000000e+02 5.620605462537897984e+05
6.540000000000000000e+02 5.640884812571270159e+05
6.550000000000000000e+02 5.661185021797051886e+05
6.560000000000000000e+02 5.681506021384885535e+05
6.570000000000000000e+02 5.701847742763120914e+05
6.580000000000000000e+02 5.722210117617951473e+05
6.590000000000000000e+02 5.742593077892544679e+05
6.600000000000000000e+02 5.762996555786171230e+05
6.610000000000000000e+02 5.783420483753340086e+05
6.620000000000000000e+02 5.803864794502935838e+05
6.630000000000000000e+02 5.824329420997331617e+05
6.640000000000000000e+02 5.844814296451546252e+05
6.650000000000000000e+02 5.865319354332359508e+05
6.660000000000000000e+02 5.885844528357443633e+05
6.670000000000000000e+02 5.906389752494507702e+05
6.680000000000000000e+02 5.926954960960418684e+05
6.690000000000000000e+02 5.947540088220339967e+05
6.700000000000000000e+02 5.968145068986862898e+05
6.710000000000000000e+02 5.988769838219142985e+05
6.720000000000000000e+02 6.009414331122025615e+05
6.730000000000000000e+02 6.030078483145195059e+05
6.740000000000000000e+02 6.050762229982302524e+05
6.750000000000000000e+02 6.071465507570095360e+05
6.760000000000000000e+02 6.092188252087569563e+05
6.770000000000000000e+02 6.112930399955089670e+05
6.780000000000000000e+02 6.133691887833537767e+05
6.790000000000000000e+02 6.154472652623453178e+05
6.800000000000000000e+02 6.175272631464172155e+05
6.810000000000000000e+02 6.196091761732954765e+05
6.820000000000000000e+02 6.216929981044150190e+05
6.830000000000000000e+02 6.237787227248320123e+05
6.840000000000000000e+02 6.258663438431394752e+05
6.850000000000000000e+02 6.279558552913811291e+05
6.860000000000000000e+02 6.300472509249658324e+05
6.870000000000000000e+02 6.321405246225829469e+05
6.880000000000000000e+02 6.342356702861171216e+05
6.890000000000000000e+02 6.363326818405624945e+05
6.900000000000000000e+02 6.384315532339382917e+05
6.910000000000000000e+02 6.405322784372044262e+05
6.920000000000000000e+02 6.426348514441761654e+05
6.930000000000000000e+02 6.447392662714398466e+05
6.940000000000000000e+02 6.468455169582688250e+05
6.950000000000000000e+02 6.489535975665388396e+05
6.960000000000000000e+02 6.510635021806437289e+05
6.970000000000000000e+02 6.531752249074124265e+05
6.980000000000000000e+02 6.552887598760238616e+05
6.990000000000000000e+02 6.574041012379245367e+05
7.000000000000000000e+02 6.595212431667447090e+05
7.010000000000000000e+02 6.616401798582141055e+05
7.020000000000000000e+02 6.637609055300803157e+05
7.030000000000000000e+02 6.658834144220247399e+05
7.040000000000000000e+02 6.680077007955801673e+05
7.050000000000000000e+02 6.701337589340480044e+05
7.060000000000000000e+02 6.722615831424158532e+05
7.070000000000000000e+02 6.743911677472750889e+05
7.080000000000000000e+02 6.765225070967392530e+05
7.090000000000000000e+02 6.786555955603611656e+05
7.100000000000000000e+02 6.807904275290518999e+05
7.110000000000000000e+02 6.829269974149990594e+05
7.120000000000000000e+02 6.850652996515857521e+05
7.130000000000000000e+02 6.872053286933079362e+05
7.140000000000000000e+02 6.893470790156953735e+05
7.150000000000000000e+02 6.914905451152293244e+05
7.160000000000000000e+02 6.936357215092628030e+05
7.170000000000000000e+02 6.957826027359399013e+05
7.180000000000000000e+02 6.979311833541148808e+05
7.190000000000000000e+02 7.000814579432733590e+05
7.200000000000000000e+02 7.022334211034516338e+05
7.210000000000000000e+02 7.043870674551569391e+05
7.220000000000000000e+02 7.065423916392889805e+05
7.230000000000000000e+02 7.086993883170598419e+05
7.240000000000000000e+02 7.108580521699150559e+05
7.250000000000000000e+02 7.130183778994547902e+05
7.260000000000000000e+02 7.151803602273564320e+05
7.270000000000000000e+02 7.173439938952939119e+05
7.280000000000000000e+02 7.195092736648614518e+05
7.290000000000000000e+02 7.216761943174956832e+05
7.300000000000000000e+02 7.238447506543955533e+05
7.310000000000000000e+02 7.260149374964482849e+05
7.320000000000000000e+02 7.281867496841491666e+05
7.330000000000000000e+02 7.303601820775261149e+05
7.340000000000000000e+02 7.325352295560619095e+05
7.350000000000000000e+02 7.347118870186180575e+05
7.360000000000000000e+02 7.368901493833585409e+05
7.370000000000000000e+02 7.390700115876729833e+05
7.380000000000000000e+02 7.412514685881010955e+05
7.390000000000000000e+02 7.434345153602567734e+05
7.400000000000000000e+02 7.456191468987532426e+05
7.410000000000000000e+02 7.478053582171262242e+05
7.420000000000000000e+02 7.499931443477611756e+05
7.430000000000000000e+02 7.521825003418155247e+05
7.440000000000000000e+02 7.543734212691473076e+05
7.450000000000000000e+02 7.565659022182377521e+05
7.460000000000000000e+02 7.587599382961195661e+05
7.470000000000000000e+02 7.609555246283013839e+05
7.480000000000000000e+02 7.631526563586951233e+05
7.490000000000000000e+02 7.653513286495417124e+05
7.500000000000000000e+02 7.675515366813387955e+05
7.510000000000000000e+02 7.697532756527668098e+05
7.520000000000000000e+02 7.719565407806170406e+05
7.530000000000000000e+02 7.741613272997185122e+05
7.540000000000000000e+02 7.763676304628658108e+05
7.550000000000000000e+02 7.785754455407477217e+05
7.560000000000000000e+02 7.807847678218743531e+05
7.570000000000000000e+02 7.829955926125064725e+05
7.580000000000000000e+02 7.852079152365836781e+05
7.590000000000000000e+02 7.874217310356536182e+05
7.600000000000000000e+02 7.896370353688005125e+05
7.610000000000000000e+02 7.918538236125758849e+05
7.620000000000000000e+02 7.940720911609262694e+05
7.630000000000000000e+02 7.962918334251247579e+05
7.640000000000000000e+02 7.985130458337002201e+05
7.650000000000000000e+02 8.007357238323680358e+05
7.660000000000000000e+02 8.029598628839604789e+05
7.670000000000000000e+02 8.051854584683573339e+05
7.680000000000000000e+02 8.074125060824176762e+05
7.690000000000000000e+02 8.096410012399099069e+05
7.700000000000000000e+02 8.118709394714452792e+05
7.710000000000000000e+02 8.141023163244070020e+05
7.720000000000000000e+02 8.163351273628850468e+05
7.730000000000000000e+02 8.185693681676061824e+05
7.740000000000000000e+02 8.208050343358675018e+05
7.750000000000000000e+02 8.230421214814694831e+05
7.760000000000000000e+02 8.252806252346483525e+05
7.770000000000000000e+02 8.275205412420092616e+05
7.780000000000000000e+02 8.297618651664598146e+05
7.790000000000000000e+02 8.320045926871444099e+05
7.800000000000000000e+02 8.342487194993773010e+05
7.810000000000000000e+02 8.364942413145768223e+05
7.820000000000000000e+02 8.387411538602010114e+05
7.830000000000000000e+02 8.409894528796809027e+05
7.840000000000000000e+02 8.432391341323552188e+05
7.850000000000000000e+02 8.454901933934073895e+05
7.860000000000000000e+02 8.477426264537991956e+05
7.870000000000000000e+02 8.499964291202062741e+05
7.880000000000000000e+02 8.522515972149557201e+05
7.890000000000000000e+02 8.545081265759604285e+05
7.900000000000000000e+02 8.567660130566555308e+05
7.910000000000000000e+02 8.590252525259368122e+05
7.920000000000000000e+02 8.612858408680949360e+05
7.930000000000000000e+02 8.635477739827546757e+05
7.940000000000000000e+02 8.658110477848100709e+05
7.950000000000000000e+02 8.680756582043644739e+05
7.960000000000000000e+02 8.703416011866660556e+05
7.970000000000000000e+02 8.726088726920466870e+05
7.980000000000000000e+02 8.748774686958608218e+05
7.990000000000000000e+02 8.771473851884228643e+05
8.000000000000000000e+02 8.794186181749460520e+05
8.010000000000000000e+02 8.816911636754818028e+05
8.020000000000000000e+02 8.839650177248590626e+05
8.030000000000000000e+02 8.862401763726229547e+05
8.040000000000000000e+02 8.885166356829749420e+05
8.050000000000000000e+02 8.907943917347127572e+05
8.060000000000000000e+02 8.930734406211697496e+05
8.070000000000000000e+02 8.953537784501565620e+05
8.080000000000000000e+02 8.976354013439001283e+05
8.090000000000000000e+02 8.999183054389860481e+05
8.100000000000000000e+02 9.022024868862978183e+05
8.110000000000000000e+02 9.044879418509603711e+05
8.120000000000000000e+02 9.067746665122789564e+05
8.130000000000000000e+02 9.090626570636836113e+05
8.140000000000000000e+02 9.113519097126685083e+05
8.150000000000000000e+02 9.136424206807358423e+05
8.160000000000000000e+02 9.159341862033379730e+05
8.170000000000000000e+02 9.182272025298189837e+05
8.180000000000000000e+02 9.205214659233596176e+05
8.190000000000000000e+02 9.228169726609182544e+05
8.200000000000000000e+02 9.251137190331750317e+05
8.210000000000000000e+02 9.274117013444759650e+05
8.220000000000000000e+02 9.297109159127762541e+05
8.230000000000000000e+02 9.320113590695839375e+05
8.240000000000000000e+02 9.343130271599043626e+05
8.250000000000000000e+02 9.366159165421852376e+05
8.260000000000000000e+02 9.389200235882600537e+05
8.270000000000000000e+02 9.412253446832944173e+05
8.280000000000000000e+02 9.435318762257300550e+05
8.290000000000000000e+02 9.458396146272304468e+05
8.300000000000000000e+02 9.481485563126265770e+05
8.310000000000000000e+02 9.504586977198633831e+05
8.320000000000000000e+02 9.527700352999431780e+05
8.330000000000000000e+02 9.550825655168752419e+05
8.340000000000000000e+02 9.573962848476206418e+05
8.350000000000000000e+02 9.597111897820379818e+05
8.360000000000000000e+02 9.620272768228322966e+05
8.370000000000000000e+02 9.643445424855003366e+05
8.380000000000000000e+02 9.666629832982794615e+05
8.390000000000000000e+02 9.689825958020932740e+05
8.400000000000000000e+02 9.713033765505012125e+05
8.410000000000000000e+02 9.736253221096456982e+05
8.420000000000000000e+02 9.759484290581999812e+05
8.430000000000000000e+02 9.782726939873171505e+05
8.440000000000000000e+02 9.805981135005780961e+05
8.450000000000000000e+02 9.829246842139416840e+05
8.460000000000000000e+02 9.852524027556917863e+05
8.470000000000000000e+02 9.875812657663878053e+05
8.480000000000000000e+02 9.899112698988139164e+05
8.490000000000000000e+02 9.922424118179285433e+05
8.500000000000000000e+02 9.945746882008145330e+05
8.510000000000000000e+02 9.969080957366288640e+05
8.520000000000000000e+02 9.992426311265529366e+05
8.530000000000000000e+02 1.001578291083743330e+06
8.540000000000000000e+02 1.003915072333282791e+06
8.550000000000000000e+02 1.006252971612130059e+06
8.560000000000000000e+02 1.008591985669071786e+06
8.570000000000000000e+02 1.010932111264674459e+06
8.580000000000000000e+02 1.013273345171233756e+06
8.590000000000000000e+02 1.015615684172728797e+06
8.600000000000000000e+02 1.017959125064772437e+06
8.610000000000000000e+02 1.020303664654564345e+06
8.620000000000000000e+02 1.022649299760841997e+06
8.630000000000000000e+02 1.024996027213835157e+06
8.640000000000000000e+02 1.027343843855216634e+06
8.650000000000000000e+02 1.029692746538056876e+06
8.660000000000000000e+02 1.032042732126775663e+06
8.670000000000000000e+02 1.034393797497096239e+06
8.680000000000000000e+02 1.036745939535999321e+06
8.690000000000000000e+02 1.039099155141674913e+06
8.700000000000000000e+02 1.041453441223478527e+06
8.710000000000000000e+02 1.043808794701884268e+06
8.720000000000000000e+02 1.046165212508438504e+06
8.730000000000000000e+02 1.048522691585715278e+06
8.740000000000000000e+02 1.050881228887270670e+06
8.750000000000000000e+02 1.053240821377598215e+06
8.760000000000000000e+02 1.055601466032082448e+06
8.770000000000000000e+02 1.057963159836956300e+06
8.780000000000000000e+02 1.060325899789254880e+06
8.790000000000000000e+02 1.062689682896771468e+06
8.800000000000000000e+02 1.065054506178014446e+06
8.810000000000000000e+02 1.067420366662161658e+06
8.820000000000000000e+02 1.069787261389017571e+06
8.830000000000000000e+02 1.072155187408970436e+06
8.840000000000000000e+02 1.074524141782946419e+06
8.850000000000000000e+02 1.076894121582370019e+06
8.860000000000000000e+02 1.079265123889116570e+06
8.870000000000000000e+02 1.081637145795473596e+06
8.880000000000000000e+02 1.084010184404095868e+06
8.890000000000000000e+02 1.086384236827962333e+06
8.900000000000000000e+02 1.088759300190336769e+06
8.910000000000000000e+02 1.091135371624722611e+06
8.920000000000000000e+02 1.093512448274821742e+06
8.930000000000000000e+02 1.095890527294493513e+06
8.940000000000000000e+02 1.098269605847713538e+06
8.950000000000000000e+02 1.100649681108530378e+06
8.960000000000000000e+02 1.103030750261025736e+06
8.970000000000000000e+02 1.105412810499274405e+06
8.980000000000000000e+02 1.107795859027300496e+06
8.990000000000000000e+02 1.110179893059038790e+06
9.000000000000000000e+02 1.112564909818293760e+06
9.010000000000000000e+02 1.114950906538700219e+06
9.020000000000000000e+02 1.117337880463681184e+06
9.030000000000000000e+02 1.119725828846409684e+06
9.040000000000000000e+02 1.122114748949767789e+06
9.050000000000000000e+02 1.124504638046306791e+06
9.060000000000000000e+02 1.126895493418209488e+06
9.070000000000000000e+02 1.129287312357248273e+06
9.080000000000000000e+02 1.131680092164749280e+06
9.090000000000000000e+02 1.134073830151549308e+06
9.100000000000000000e+02 1.136468523637961131e+06
9.110000000000000000e+02 1.138864169953732053e+06
9.120000000000000000e+02 1.141260766438006191e+06
9.130000000000000000e+02 1.143658310439287452e+06
9.140000000000000000e+02 1.146056799315399025e+06
9.150000000000000000e+02 1.148456230433447752e+06
9.160000000000000000e+02 1.150856601169785019e+06
9.170000000000000000e+02 1.153257908909969032e+06
9.180000000000000000e+02 1.155660151048728265e+06
9.190000000000000000e+02 1.158063324989923276e+06
9.200000000000000000e+02 1.160467428146509919e+06
9.210000000000000000e+02 1.162872457940503024e+06
9.220000000000000000e+02 1.165278411802936811e+06
9.230000000000000000e+02 1.167685287173833931e+06
9.240000000000000000e+02 1.170093081502162153e+06
9.250000000000000000e+02 1.172501792245802470e+06
9.260000000000000000e+02 1.174911416871511610e+06
9.270000000000000000e+02 1.177321952854886418e+06
9.280000000000000000e+02 1.179733397680326831e+06
9.290000000000000000e+02 1.182145748841001419e+06
9.300000000000000000e+02 1.184559003838812234e+06
9.310000000000000000e+02 1.186973160184356617e+06
9.320000000000000000e+02 1.189388215396896005e+06
9.330000000000000000e+02 1.191804167004317744e+06
9.340000000000000000e+02 1.194221012543100398e+06
9.350000000000000000e+02 1.196638749558281386e+06
9.360000000000000000e+02 1.199057375603419961e+06
9.370000000000000000e+02 1.201476888240562985e+06
9.380000000000000000e+02 1.203897285040211165e+06
9.390000000000000000e+02 1.206318563581285533e+06
9.400000000000000000e+02 1.208740721451091813e+06
9.410000000000000000e+02 1.211163756245287601e+06
9.420000000000000000e+02 1.213587665567849064e+06
9.430000000000000000e+02 1.216012447031035554e+06
9.440000000000000000e+02 1.218438098255358636e+06
9.450000000000000000e+02 1.220864616869545775e+06
9.460000000000000000e+02 1.223292000510510523e+06
9.470000000000000000e+02 1.225720246823316673e+06
9.480000000000000000e+02 1.228149353461147984e+06
9.490000000000000000e+02 1.230579318085272564e+06
9.500000000000000000e+02 1.233010138365012594e+06
9.510000000000000000e+02 1.235441811977710575e+06
9.520000000000000000e+02 1.237874336608698824e+06
9.530000000000000000e+02 1.240307709951265017e+06
9.540000000000000000e+02 1.242741929706621915e+06
9.550000000000000000e+02 1.245176993583873613e+06
9.560000000000000000e+02 1.247612899299986428e+06
9.570000000000000000e+02 1.250049644579755375e+06
9.580000000000000000e+02 1.252487227155773435e+06
9.590000000000000000e+02 1.254925644768400118e+06
9.600000000000000000e+02 1.257364895165730035e+06
9.610000000000000000e+02 1.259804976103561698e+06
9.620000000000000000e+02 1.262245885345368413e+06
9.630000000000000000e+02 1.264687620662264759e+06
9.640000000000000000e+02 1.267130179832978174e+06
9.650000000000000000e+02 1.269573560643816600e+06
9.660000000000000000e+02 1.272017760888641002e+06
9.670000000000000000e+02 1.274462778368830914e+06
9.680000000000000000e+02 1.276908610893258126e+06
9.690000000000000000e+02 1.279355256278255489e+06
9.700000000000000000e+02 1.281802712347585708e+06
9.710000000000000000e+02 1.284250976932414109e+06
9.720000000000000000e+02 1.286700047871277202e+06
9.730000000000000000e+02 1.289149923010053579e+06
9.740000000000000000e+02 1.291600600201935042e+06
9.750000000000000000e+02 1.294052077307397500e+06
9.760000000000000000e+02 1.296504352194170933e+06
9.770000000000000000e+02 1.298957422737212852e+06
9.780000000000000000e+02 1.301411286818675231e+06
9.790000000000000000e+02 1.303865942327880766e+06
9.800000000000000000e+02 1.306321387161290739e+06
9.810000000000000000e+02 1.308777619222477777e+06
9.820000000000000000e+02 1.311234636422098149e+06
9.830000000000000000e+02 1.313692436677862890e+06
9.840000000000000000e+02 1.316151017914510099e+06
9.850000000000000000e+02 1.318610378063775832e+06
9.860000000000000000e+02 1.321070515064368723e+06
9.870000000000000000e+02 1.323531426861939486e+06
9.880000000000000000e+02 1.325993111409056233e+06
9.890000000000000000e+02 1.328455566665174207e+06
9.900000000000000000e+02 1.330918790596609935e+06
9.910000000000000000e+02 1.333382781176514691e+06
9.920000000000000000e+02 1.335847536384845851e+06
9.930000000000000000e+02 1.338313054208340822e+06
9.940000000000000000e+02 1.340779332640490029e+06
9.950000000000000000e+02 1.343246369681510841e+06
9.960000000000000000e+02 1.345714163338319166e+06
9.970000000000000000e+02 1.348182711624505464e+06
9.980000000000000000e+02 1.350652012560304953e+06
9.990000000000000000e+02 1.353122064172575949e+06
