# BB temperature (K); Intensity through filter (ph/s/m^2/mas^2)
1.000000000000000000e+01 0.000000000000000000e+00
1.100000000000000000e+01 0.000000000000000000e+00
1.200000000000000000e+01 0.000000000000000000e+00
1.300000000000000000e+01 0.000000000000000000e+00
1.400000000000000000e+01 0.000000000000000000e+00
1.500000000000000000e+01 0.000000000000000000e+00
1.600000000000000000e+01 0.000000000000000000e+00
1.700000000000000000e+01 0.000000000000000000e+00
1.800000000000000000e+01 0.000000000000000000e+00
1.900000000000000000e+01 0.000000000000000000e+00
2.000000000000000000e+01 0.000000000000000000e+00
2.100000000000000000e+01 1.281104267605059308e-111
2.200000000000000000e+01 1.678111735026470365e-106
2.300000000000000000e+01 7.903590909746294183e-102
2.400000000000000000e+01 1.520863526627333134e-97
2.500000000000000000e+01 1.331181929797761355e-93
2.600000000000000000e+01 5.803843281100691709e-90
2.700000000000000000e+01 1.361860421677565560e-86
2.800000000000000000e+01 1.837792714056443028e-83
2.900000000000000000e+01 1.510232423283334271e-80
3.000000000000000000e+01 7.941462925805347032e-78
3.100000000000000000e+01 2.790078000140299795e-75
3.200000000000000000e+01 6.801397493501074137e-73
3.300000000000000000e+01 1.189227379681961905e-70
3.400000000000000000e+01 1.535818349918842861e-68
3.500000000000000000e+01 1.503463161511756185e-66
3.600000000000000000e+01 1.141673191991342567e-64
3.700000000000000000e+01 6.864712967863775528e-63
3.800000000000000000e+01 3.329122969149335952e-61
3.900000000000000000e+01 1.323853073844076167e-59
4.000000000000000000e+01 4.381376806518085938e-58
4.100000000000000000e+01 1.223125018348732108e-56
4.200000000000000000e+01 2.915373720766952844e-55
4.300000000000000000e+01 5.998796450571669960e-54
4.400000000000000000e+01 1.076289863605651469e-52
4.500000000000000000e+01 1.699229276385262385e-51
4.600000000000000000e+01 2.380402148085972573e-50
4.700000000000000000e+01 2.981498456541047234e-49
4.800000000000000000e+01 3.362322483270735605e-48
4.900000000000000000e+01 3.435988884237633144e-47
5.000000000000000000e+01 3.200634468458649033e-46
5.100000000000000000e+01 2.732472430586314946e-45
5.200000000000000000e+01 2.148784110955391514e-44
5.300000000000000000e+01 1.563740190926391445e-43
5.400000000000000000e+01 1.057644414349413639e-42
5.500000000000000000e+01 6.674996129333791560e-42
5.600000000000000000e+01 3.945557072037018272e-41
5.700000000000000000e+01 2.191840687742577913e-40
5.800000000000000000e+01 1.148015687385234744e-39
5.900000000000000000e+01 5.686250645297451841e-39
6.000000000000000000e+01 2.670908270089901004e-38
6.100000000000000000e+01 1.192844242965731581e-37
6.200000000000000000e+01 5.077680767848174851e-37
6.300000000000000000e+01 2.064919412172996987e-36
6.400000000000000000e+01 8.039620933345056208e-36
6.500000000000000000e+01 3.002935360710613072e-35
6.600000000000000000e+01 1.078118754513286842e-34
6.700000000000000000e+01 3.727202025701814077e-34
6.800000000000000000e+01 1.242904017420903808e-33
6.900000000000000000e+01 4.004366568922503654e-33
7.000000000000000000e+01 1.248356968964266056e-32
7.100000000000000000e+01 3.771260478517534840e-32
7.200000000000000000e+01 1.105555997190894131e-31
7.300000000000000000e+01 3.149178665773154183e-31
7.400000000000000000e+01 8.727432958214265213e-31
7.500000000000000000e+01 2.355999835893659750e-30
7.600000000000000000e+01 6.202527815316233982e-30
7.700000000000000000e+01 1.594234174459337106e-29
7.800000000000000000e+01 4.004903002681812256e-29
7.900000000000000000e+01 9.843225972777671280e-29
8.000000000000000000e+01 2.369304896787240176e-28
8.100000000000000000e+01 5.590607744672254703e-28
8.200000000000000000e+01 1.294352727006168204e-27
8.300000000000000000e+01 2.942980553893134455e-27
8.400000000000000000e+01 6.577083600470601962e-27
8.500000000000000000e+01 1.445922000099267980e-26
8.600000000000000000e+01 3.129391989181249789e-26
8.700000000000000000e+01 6.672673474629176786e-26
8.800000000000000000e+01 1.402711175849752407e-25
8.900000000000000000e+01 2.909045767156526298e-25
9.000000000000000000e+01 5.955432686146093992e-25
9.100000000000000000e+01 1.204214111976380025e-24
9.200000000000000000e+01 2.406296571445724160e-24
9.300000000000000000e+01 4.753978737138354611e-24
9.400000000000000000e+01 9.290004317927616907e-24
9.500000000000000000e+01 1.796362579001327699e-23
9.600000000000000000e+01 3.438285443380835335e-23
9.700000000000000000e+01 6.516176723626621958e-23
9.800000000000000000e+01 1.223105580635564718e-22
9.900000000000000000e+01 2.274353167169064908e-22
1.000000000000000000e+02 4.190487728795802101e-22
1.010000000000000000e+02 7.651783262067635441e-22
1.020000000000000000e+02 1.384909595710406683e-21
1.030000000000000000e+02 2.484862323036633471e-21
1.040000000000000000e+02 4.420390129361767334e-21
1.050000000000000000e+02 7.797342740883428291e-21
1.060000000000000000e+02 1.363977559796882523e-20
1.070000000000000000e+02 2.366392295290506220e-20
1.080000000000000000e+02 4.072189200254546594e-20
1.090000000000000000e+02 6.951408156490756275e-20
1.100000000000000000e+02 1.177234495560447445e-19
1.110000000000000000e+02 1.978064460995627501e-19
1.120000000000000000e+02 3.297976990711622133e-19
1.130000000000000000e+02 5.456670275409520312e-19
1.140000000000000000e+02 8.960345646185751960e-19
1.150000000000000000e+02 1.460440058978526591e-18
1.160000000000000000e+02 2.362928064425461782e-18
1.170000000000000000e+02 3.795524280584520607e-18
1.180000000000000000e+02 6.053339747763888476e-18
1.190000000000000000e+02 9.586685654892499917e-18
1.200000000000000000e+02 1.507789785498449473e-17
1.210000000000000000e+02 2.355380714893271712e-17
1.220000000000000000e+02 3.654928427192675912e-17
1.230000000000000000e+02 5.634348332215743825e-17
1.240000000000000000e+02 8.629889361360451386e-17
1.250000000000000000e+02 1.313448618192099006e-16
1.260000000000000000e+02 1.986628742871867235e-16
1.270000000000000000e+02 2.986519044883229098e-16
1.280000000000000000e+02 4.462802233553742898e-16
1.290000000000000000e+02 6.629674086790581096e-16
1.300000000000000000e+02 9.791896378839960988e-16
1.310000000000000000e+02 1.438066211539934395e-15
1.320000000000000000e+02 2.100270053762033973e-15
1.330000000000000000e+02 3.050715216974421100e-15
1.340000000000000000e+02 4.407617106117020089e-15
1.350000000000000000e+02 6.334704830720064431e-15
1.360000000000000000e+02 9.057600420915357337e-15
1.370000000000000000e+02 1.288567967918594212e-14
1.380000000000000000e+02 1.824111019005147502e-14
1.390000000000000000e+02 2.569724298286074855e-14
1.400000000000000000e+02 3.602913920757484051e-14
1.410000000000000000e+02 5.027977053270062118e-14
1.420000000000000000e+02 6.984637620178275257e-14
1.430000000000000000e+02 9.659263198818334438e-14
1.440000000000000000e+02 1.329937358149096851e-13
1.450000000000000000e+02 1.823232999537480993e-13
1.460000000000000000e+02 2.488931296010539229e-13
1.470000000000000000e+02 3.383596437336710897e-13
1.480000000000000000e+02 4.581139521918664708e-13
1.490000000000000000e+02 6.177765549288268129e-13
1.500000000000000000e+02 8.298224059211825474e-13
1.510000000000000000e+02 1.110367837118309065e-12
1.520000000000000000e+02 1.480157742755315653e-12
1.530000000000000000e+02 1.965799684167365028e-12
1.540000000000000000e+02 2.601301423179917751e-12
1.550000000000000000e+02 3.429980095627797880e-12
1.560000000000000000e+02 4.506825101173007632e-12
1.570000000000000000e+02 5.901413159482296291e-12
1.580000000000000000e+02 7.701493261365504421e-12
1.590000000000000000e+02 1.001738187433377685e-11
1.600000000000000000e+02 1.298733525059128869e-11
1.610000000000000000e+02 1.678409660059325208e-11
1.620000000000000000e+02 2.162285187548954024e-11
1.630000000000000000e+02 2.777086966167874435e-11
1.640000000000000000e+02 3.555914902799533110e-11
1.650000000000000000e+02 4.539645496867255232e-11
1.660000000000000000e+02 5.778618533892134863e-11
1.670000000000000000e+02 7.334658697624784301e-11
1.680000000000000000e+02 9.283492324495973757e-11
1.690000000000000000e+02 1.171762918616467349e-10
1.700000000000000000e+02 1.474979020150003503e-10
1.710000000000000000e+02 1.851697450837127138e-10
1.720000000000000000e+02 2.318527354304875784e-10
1.730000000000000000e+02 2.895555587164965193e-10
1.740000000000000000e+02 3.607016470155688638e-10
1.750000000000000000e+02 4.482079049658209180e-10
1.760000000000000000e+02 5.555770417210177197e-10
1.770000000000000000e+02 6.870056221949461081e-10
1.780000000000000000e+02 8.475102408769438360e-10
1.790000000000000000e+02 1.043074545399526870e-09
1.800000000000000000e+02 1.280820198349979188e-09
1.810000000000000000e+02 1.569205268062065362e-09
1.820000000000000000e+02 1.918253986070743879e-09
1.830000000000000000e+02 2.339822304583438174e-09
1.840000000000000000e+02 2.847904235997701419e-09
1.850000000000000000e+02 3.458984562726462187e-09
1.860000000000000000e+02 4.192444174202607958e-09
1.870000000000000000e+02 5.071025024029265169e-09
1.880000000000000000e+02 6.121362509212331590e-09
1.890000000000000000e+02 7.374593960940184370e-09
1.900000000000000000e+02 8.867052908439117875e-09
1.910000000000000000e+02 1.064105984030825813e-08
1.920000000000000000e+02 1.274582134799943945e-08
1.930000000000000000e+02 1.523845080063233852e-08
1.940000000000000000e+02 1.818512507630155890e-08
1.950000000000000000e+02 2.166239336991344135e-08
1.960000000000000000e+02 2.575865571916680083e-08
1.970000000000000000e+02 3.057583064662021454e-08
1.980000000000000000e+02 3.623123321523559836e-08
1.990000000000000000e+02 4.285968684597907992e-08
2.000000000000000000e+02 5.061589445791433011e-08
2.010000000000000000e+02 5.967709687291033628e-08
2.020000000000000000e+02 7.024604898803896659e-08
2.030000000000000000e+02 8.255434696862129458e-08
2.040000000000000000e+02 9.686614266361001483e-08
2.050000000000000000e+02 1.134822846026587088e-07
2.060000000000000000e+02 1.327449283111698008e-07
2.070000000000000000e+02 1.550426622862887573e-07
2.080000000000000000e+02 1.808161998239070187e-07
2.090000000000000000e+02 2.105646909850106111e-07
2.100000000000000000e+02 2.448527133501088067e-07
2.110000000000000000e+02 2.843180048439698708e-07
2.120000000000000000e+02 3.296800068305838255e-07
2.130000000000000000e+02 3.817492908912654370e-07
2.140000000000000000e+02 4.414379482182661848e-07
2.150000000000000000e+02 5.097710263932847105e-07
2.160000000000000000e+02 5.878991044859795906e-07
2.170000000000000000e+02 6.771121039129886615e-07
2.180000000000000000e+02 7.788544393540022514e-07
2.190000000000000000e+02 8.947416212388910124e-07
2.200000000000000000e+02 1.026578428909427657e-06
2.210000000000000000e+02 1.176378781531171901e-06
2.220000000000000000e+02 1.346387442195849171e-06
2.230000000000000000e+02 1.539103699421994126e-06
2.240000000000000000e+02 1.757307179441390551e-06
2.250000000000000000e+02 2.004085952260334175e-06
2.260000000000000000e+02 2.282867104516802207e-06
2.270000000000000000e+02 2.597449962625941337e-06
2.280000000000000000e+02 2.952042160625009422e-06
2.290000000000000000e+02 3.351298758502615739e-06
2.300000000000000000e+02 3.800364628633093684e-06
2.310000000000000000e+02 4.304920340241743786e-06
2.320000000000000000e+02 4.871231784606535879e-06
2.330000000000000000e+02 5.506203796962318060e-06
2.340000000000000000e+02 6.217438044819255678e-06
2.350000000000000000e+02 7.013295466642791822e-06
2.360000000000000000e+02 7.902963559570777414e-06
2.370000000000000000e+02 8.896528830068463180e-06
2.380000000000000000e+02 1.000505473714418424e-05
2.390000000000000000e+02 1.124066547397147841e-05
2.400000000000000000e+02 1.261663595048519890e-05
2.410000000000000000e+02 1.414748835674171221e-05
2.420000000000000000e+02 1.584909570455385715e-05
2.430000000000000000e+02 1.773879276312949736e-05
2.440000000000000000e+02 1.983549482315405204e-05
2.450000000000000000e+02 2.215982474296018063e-05
2.460000000000000000e+02 2.473424875011574482e-05
2.470000000000000000e+02 2.758322149193039429e-05
2.480000000000000000e+02 3.073334084902373429e-05
2.490000000000000000e+02 3.421351304720851653e-05
2.500000000000000000e+02 3.805512862451009145e-05
2.510000000000000000e+02 4.229224983216287942e-05
2.520000000000000000e+02 4.696181007088078317e-05
2.530000000000000000e+02 5.210382598658639156e-05
2.540000000000000000e+02 5.776162287308560673e-05
2.550000000000000000e+02 6.398207405288193462e-05
2.560000000000000000e+02 7.081585493142066620e-05
2.570000000000000000e+02 7.831771244452624171e-05
2.580000000000000000e+02 8.654675064362703067e-05
2.590000000000000000e+02 9.556673318853794454e-05
2.600000000000000000e+02 1.054464035430715375e-04
2.610000000000000000e+02 1.162598236945576154e-04
2.620000000000000000e+02 1.280867322444488793e-04
2.630000000000000000e+02 1.410129227435559464e-04
2.640000000000000000e+02 1.551306431720706294e-04
2.650000000000000000e+02 1.705390174913747373e-04
2.660000000000000000e+02 1.873444902216813779e-04
2.670000000000000000e+02 2.056612950267780948e-04
2.680000000000000000e+02 2.256119483145266964e-04
2.690000000000000000e+02 2.473277688892979191e-04
2.700000000000000000e+02 2.709494247201350760e-04
2.710000000000000000e+02 2.966275079161605102e-04
2.720000000000000000e+02 3.245231390284992264e-04
2.730000000000000000e+02 3.548086018257911017e-04
2.740000000000000000e+02 3.876680097181600627e-04
2.750000000000000000e+02 4.232980050322889963e-04
2.760000000000000000e+02 4.619084923679594697e-04
2.770000000000000000e+02 5.037234072940628173e-04
2.780000000000000000e+02 5.489815216696215978e-04
2.790000000000000000e+02 5.979372869027247675e-04
2.800000000000000000e+02 6.508617164875443988e-04
2.810000000000000000e+02 7.080433091865753195e-04
2.820000000000000000e+02 7.697890142520628530e-04
2.830000000000000000e+02 8.364252401071086904e-04
2.840000000000000000e+02 9.082989079331830464e-04
2.850000000000000000e+02 9.857785516367047196e-04
2.860000000000000000e+02 1.069255465692932209e-03
2.870000000000000000e+02 1.159144902390584755e-03
2.880000000000000000e+02 1.255887320025419812e-03
2.890000000000000000e+02 1.359949683615332798e-03
2.900000000000000000e+02 1.471826819733413174e-03
2.910000000000000000e+02 1.592042827078788162e-03
2.920000000000000000e+02 1.721152544427909754e-03
2.930000000000000000e+02 1.859743077631239618e-03
2.940000000000000000e+02 2.008435387342006381e-03
2.950000000000000000e+02 2.167885939184746504e-03
2.960000000000000000e+02 2.338788418091860243e-03
2.970000000000000000e+02 2.521875508556074667e-03
2.980000000000000000e+02 2.717920742565905871e-03
2.990000000000000000e+02 2.927740417009409932e-03
3.000000000000000000e+02 3.152195582349265595e-03
3.010000000000000000e+02 3.392194104388865459e-03
3.020000000000000000e+02 3.648692800965253145e-03
3.030000000000000000e+02 3.922699655419836437e-03
3.040000000000000000e+02 4.215276108712166445e-03
3.050000000000000000e+02 4.527539432055484835e-03
3.060000000000000000e+02 4.860665181965363908e-03
3.070000000000000000e+02 5.215889739624327524e-03
3.080000000000000000e+02 5.594512936476052356e-03
3.090000000000000000e+02 5.997900767972541049e-03
3.100000000000000000e+02 6.427488197406254836e-03
3.110000000000000000e+02 6.884782051767186772e-03
3.120000000000000000e+02 7.371364011571274362e-03
3.130000000000000000e+02 7.888893696612594986e-03
3.140000000000000000e+02 8.439111849596130435e-03
3.150000000000000000e+02 9.023843619611690223e-03
3.160000000000000000e+02 9.645001947411973794e-03
3.170000000000000000e+02 1.030459105445921675e-02
3.180000000000000000e+02 1.100471003770512636e-02
3.190000000000000000e+02 1.174755657206810570e-02
3.200000000000000000e+02 1.253543072256969350e-02
3.210000000000000000e+02 1.337073886808921690e-02
3.220000000000000000e+02 1.425599773869137311e-02
3.230000000000000000e+02 1.519383856847608683e-02
3.240000000000000000e+02 1.618701136589355272e-02
3.250000000000000000e+02 1.723838930345958712e-02
3.260000000000000000e+02 1.835097322879766096e-02
3.270000000000000000e+02 1.952789629892389897e-02
3.280000000000000000e+02 2.077242873968028827e-02
3.290000000000000000e+02 2.208798273220871286e-02
3.300000000000000000e+02 2.347811742834518892e-02
3.310000000000000000e+02 2.494654409679884777e-02
3.320000000000000000e+02 2.649713140196425717e-02
3.330000000000000000e+02 2.813391081719877548e-02
3.340000000000000000e+02 2.986108217437838386e-02
3.350000000000000000e+02 3.168301935152603027e-02
3.360000000000000000e+02 3.360427610028601103e-02
3.370000000000000000e+02 3.562959201499620032e-02
3.380000000000000000e+02 3.776389864508756383e-02
3.390000000000000000e+02 4.001232575251546103e-02
3.400000000000000000e+02 4.238020771590345070e-02
3.410000000000000000e+02 4.487309008305290919e-02
3.420000000000000000e+02 4.749673627344589560e-02
3.430000000000000000e+02 5.025713443233842392e-02
3.440000000000000000e+02 5.316050443801410147e-02
3.450000000000000000e+02 5.621330506373566072e-02
3.460000000000000000e+02 5.942224129590157472e-02
3.470000000000000000e+02 6.279427180988199353e-02
3.480000000000000000e+02 6.633661660497409962e-02
3.490000000000000000e+02 7.005676479988383332e-02
3.500000000000000000e+02 7.396248259010329562e-02
3.510000000000000000e+02 7.806182136851880227e-02
3.520000000000000000e+02 8.236312601054510130e-02
3.530000000000000000e+02 8.687504332504436544e-02
3.540000000000000000e+02 9.160653067224841517e-02
3.550000000000000000e+02 9.656686474986225788e-02
3.560000000000000000e+02 1.017656505484870882e-01
3.570000000000000000e+02 1.072128304774578184e-01
3.580000000000000000e+02 1.129186936621471571e-01
3.590000000000000000e+02 1.188938854137474438e-01
3.600000000000000000e+02 1.251494168724922307e-01
3.610000000000000000e+02 1.316966748252406949e-01
3.620000000000000000e+02 1.385474316982959475e-01
3.630000000000000000e+02 1.457138557262873668e-01
3.640000000000000000e+02 1.532085212978950284e-01
3.650000000000000000e+02 1.610444194791512962e-01
3.660000000000000000e+02 1.692349687150012383e-01
3.670000000000000000e+02 1.777940257097591348e-01
3.680000000000000000e+02 1.867358964870459159e-01
3.690000000000000000e+02 1.960753476297409370e-01
3.700000000000000000e+02 2.058276177004381979e-01
3.710000000000000000e+02 2.160084288428324173e-01
3.720000000000000000e+02 2.266339985644257871e-01
3.730000000000000000e+02 2.377210517008783719e-01
3.740000000000000000e+02 2.492868325622829007e-01
3.750000000000000000e+02 2.613491172615874936e-01
3.760000000000000000e+02 2.739262262253391866e-01
3.770000000000000000e+02 2.870370368868624400e-01
3.780000000000000000e+02 3.007009965619417136e-01
3.790000000000000000e+02 3.149381355070131061e-01
3.800000000000000000e+02 3.297690801598233135e-01
3.810000000000000000e+02 3.452150665624572068e-01
3.820000000000000000e+02 3.612979539665772122e-01
3.830000000000000000e+02 3.780402386206708210e-01
3.840000000000000000e+02 3.954650677390355029e-01
3.850000000000000000e+02 4.135962536521902155e-01
3.860000000000000000e+02 4.324582881383328692e-01
3.870000000000000000e+02 4.520763569354186995e-01
3.880000000000000000e+02 4.724763544333690501e-01
3.890000000000000000e+02 4.936848985458802130e-01
3.900000000000000000e+02 5.157293457612277532e-01
3.910000000000000000e+02 5.386378063714213349e-01
3.920000000000000000e+02 5.624391598790001723e-01
3.930000000000000000e+02 5.871630705807167061e-01
3.940000000000000000e+02 6.128400033272813907e-01
3.950000000000000000e+02 6.395012394583099447e-01
3.960000000000000000e+02 6.671788929115413103e-01
3.970000000000000000e+02 6.959059265053494370e-01
3.980000000000000000e+02 7.257161683935156038e-01
3.990000000000000000e+02 7.566443286911790356e-01
4.000000000000000000e+02 7.887260162708144007e-01
4.010000000000000000e+02 8.219977557270585766e-01
4.020000000000000000e+02 8.564970045091239159e-01
4.030000000000000000e+02 8.922621702195124849e-01
4.040000000000000000e+02 9.293326280776711412e-01
4.050000000000000000e+02 9.677487385471894576e-01
4.060000000000000000e+02 1.007551865125091428e+00
4.070000000000000000e+02 1.048784392291697731e+00
4.080000000000000000e+02 1.091489743619525887e+00
4.090000000000000000e+02 1.135712400039609493e+00
4.100000000000000000e+02 1.181497918263585634e+00
4.110000000000000000e+02 1.228892949359844833e+00
4.120000000000000000e+02 1.277945257481995611e+00
4.130000000000000000e+02 1.328703738747838425e+00
4.140000000000000000e+02 1.381218440267010683e+00
4.150000000000000000e+02 1.435540579315399468e+00
4.160000000000000000e+02 1.491722562654385520e+00
4.170000000000000000e+02 1.549818005992941394e+00
4.180000000000000000e+02 1.609881753590543640e+00
4.190000000000000000e+02 1.671969897998826227e+00
4.200000000000000000e+02 1.736139799939871109e+00
4.210000000000000000e+02 1.802450108318951472e+00
4.220000000000000000e+02 1.870960780369561816e+00
4.230000000000000000e+02 1.941733101928446281e+00
4.240000000000000000e+02 2.014829707838387662e+00
4.250000000000000000e+02 2.090314602476398775e+00
4.260000000000000000e+02 2.168253180404978053e+00
4.270000000000000000e+02 2.248712247144005527e+00
4.280000000000000000e+02 2.331760040060861794e+00
4.290000000000000000e+02 2.417466249376293952e+00
4.300000000000000000e+02 2.505902039283496308e+00
4.310000000000000000e+02 2.597140069177880317e+00
4.320000000000000000e+02 2.691254514994952274e+00
4.330000000000000000e+02 2.788321090653679057e+00
4.340000000000000000e+02 2.888417069602701392e+00
4.350000000000000000e+02 2.991621306466702546e+00
4.360000000000000000e+02 3.098014258790245279e+00
4.370000000000000000e+02 3.207678008876331699e+00
4.380000000000000000e+02 3.320696285716898899e+00
4.390000000000000000e+02 3.437154487012484605e+00
4.400000000000000000e+02 3.557139701278218435e+00
4.410000000000000000e+02 3.680740730033295716e+00
4.420000000000000000e+02 3.808048110071058812e+00
4.430000000000000000e+02 3.939154135806775869e+00
4.440000000000000000e+02 4.074152881700215723e+00
4.450000000000000000e+02 4.213140224750044460e+00
4.460000000000000000e+02 4.356213867057085132e+00
4.470000000000000000e+02 4.503473358453461195e+00
4.480000000000000000e+02 4.655020119194602124e+00
4.490000000000000000e+02 4.810957462711060728e+00
4.500000000000000000e+02 4.971390618417136587e+00
4.510000000000000000e+02 5.136426754573230724e+00
4.520000000000000000e+02 5.306175001198774943e+00
4.530000000000000000e+02 5.480746473032777288e+00
4.540000000000000000e+02 5.660254292538719589e+00
4.550000000000000000e+02 5.844813612950788162e+00
4.560000000000000000e+02 6.034541641358255326e+00
4.570000000000000000e+02 6.229557661824847159e+00
4.580000000000000000e+02 6.429983058539965768e+00
4.590000000000000000e+02 6.635941338998552652e+00
4.600000000000000000e+02 6.847558157206462326e+00
4.610000000000000000e+02 7.064961336908090139e+00
4.620000000000000000e+02 7.288280894833100376e+00
4.630000000000000000e+02 7.517649063959042977e+00
4.640000000000000000e+02 7.753200316786625912e+00
4.650000000000000000e+02 7.995071388624423570e+00
4.660000000000000000e+02 8.243401300879837024e+00
4.670000000000000000e+02 8.498331384353042139e+00
4.680000000000000000e+02 8.760005302530698756e+00
4.690000000000000000e+02 9.028569074876214628e+00
4.700000000000000000e+02 9.304171100113338255e+00
4.710000000000000000e+02 9.586962179499760595e+00
4.720000000000000000e+02 9.877095540087683645e+00
4.730000000000000000e+02 1.017472685796790266e+01
4.740000000000000000e+02 1.048001428149434133e+01
4.750000000000000000e+02 1.079311845448574303e+01
4.760000000000000000e+02 1.111420253940133129e+01
4.770000000000000000e+02 1.144343224048720664e+01
4.780000000000000000e+02 1.178097582689027156e+01
4.790000000000000000e+02 1.212700415573646673e+01
4.800000000000000000e+02 1.248169069517022223e+01
4.810000000000000000e+02 1.284521154735176651e+01
4.820000000000000000e+02 1.321774547140927147e+01
4.830000000000000000e+02 1.359947390634257225e+01
4.840000000000000000e+02 1.399058099387536735e+01
4.850000000000000000e+02 1.439125360125268394e+01
4.860000000000000000e+02 1.480168134398051372e+01
4.870000000000000000e+02 1.522205660850452880e+01
4.880000000000000000e+02 1.565257457482466741e+01
4.890000000000000000e+02 1.609343323904261780e+01
4.900000000000000000e+02 1.654483343583899568e+01
4.910000000000000000e+02 1.700697886087723631e+01
4.920000000000000000e+02 1.748007609313114230e+01
4.930000000000000000e+02 1.796433461713295898e+01
4.940000000000000000e+02 1.845996684513911390e+01
4.950000000000000000e+02 1.896718813921045665e+01
4.960000000000000000e+02 1.948621683320414277e+01
4.970000000000000000e+02 2.001727425467413823e+01
4.980000000000000000e+02 2.056058474667736036e+01
4.990000000000000000e+02 2.111637568948270172e+01
5.000000000000000000e+02 2.168487752217971831e+01
5.010000000000000000e+02 2.226632376418449866e+01
5.020000000000000000e+02 2.286095103663948080e+01
5.030000000000000000e+02 2.346899908370460608e+01
5.040000000000000000e+02 2.409071079373695667e+01
5.050000000000000000e+02 2.472633222035592482e+01
5.060000000000000000e+02 2.537611260339147634e+01
5.070000000000000000e+02 2.604030438971230765e+01
5.080000000000000000e+02 2.671916325393161529e+01
5.090000000000000000e+02 2.741294811898750439e+01
5.100000000000000000e+02 2.812192117659543555e+01
5.110000000000000000e+02 2.884634790757010236e+01
5.120000000000000000e+02 2.958649710201408212e+01
5.130000000000000000e+02 3.034264087937066634e+01
5.140000000000000000e+02 3.111505470833831666e+01
5.150000000000000000e+02 3.190401742664426621e+01
5.160000000000000000e+02 3.270981126067455591e+01
5.170000000000000000e+02 3.353272184495833841e+01
5.180000000000000000e+02 3.437303824150363596e+01
5.190000000000000000e+02 3.523105295898251654e+01
5.200000000000000000e+02 3.610706197176292420e+01
5.210000000000000000e+02 3.700136473878502130e+01
5.220000000000000000e+02 3.791426422227970505e+01
5.230000000000000000e+02 3.884606690632681847e+01
5.240000000000000000e+02 3.979708281525098812e+01
5.250000000000000000e+02 4.076762553185276516e+01
5.260000000000000000e+02 4.175801221547278175e+01
5.270000000000000000e+02 4.276856361988692612e+01
5.280000000000000000e+02 4.379960411103002116e+01
5.290000000000000000e+02 4.485146168454651416e+01
5.300000000000000000e+02 4.592446798316529311e+01
5.310000000000000000e+02 4.701895831389740010e+01
5.320000000000000000e+02 4.813527166505383548e+01
5.330000000000000000e+02 4.927375072308223736e+01
5.340000000000000000e+02 5.043474188921963020e+01
5.350000000000000000e+02 5.161859529596023322e+01
5.360000000000000000e+02 5.282566482333574243e+01
5.370000000000000000e+02 5.405630811500643773e+01
5.380000000000000000e+02 5.531088659416148090e+01
5.390000000000000000e+02 5.658976547922627276e+01
5.400000000000000000e+02 5.789331379937555511e+01
5.410000000000000000e+02 5.922190440985001914e+01
5.420000000000000000e+02 6.057591400707519824e+01
5.430000000000000000e+02 6.195572314358065569e+01
5.440000000000000000e+02 6.336171624271805314e+01
5.450000000000000000e+02 6.479428161317650847e+01
5.460000000000000000e+02 6.625381146329335991e+01
5.470000000000000000e+02 6.774070191515953354e+01
5.480000000000000000e+02 6.925535301851716952e+01
5.490000000000000000e+02 7.079816876444870388e+01
5.500000000000000000e+02 7.236955709885572219e+01
5.510000000000000000e+02 7.396992993572614239e+01
5.520000000000000000e+02 7.559970317018883179e+01
5.530000000000000000e+02 7.725929669135352640e+01
5.540000000000000000e+02 7.894913439493558371e+01
5.550000000000000000e+02 8.066964419566416211e+01
5.560000000000000000e+02 8.242125803947168095e+01
5.570000000000000000e+02 8.420441191546542825e+01
5.580000000000000000e+02 8.601954586767764965e+01
5.590000000000000000e+02 8.786710400659515585e+01
5.600000000000000000e+02 8.974753452046633129e+01
5.610000000000000000e+02 9.166128968638416552e+01
5.620000000000000000e+02 9.360882588114581893e+01
5.630000000000000000e+02 9.559060359188572420e+01
5.640000000000000000e+02 9.760708742648321845e+01
5.650000000000000000e+02 9.965874612374233266e+01
5.660000000000000000e+02 1.017460525633437953e+02
5.670000000000000000e+02 1.038694837755680282e+02
5.680000000000000000e+02 1.060295209507883243e+02
5.690000000000000000e+02 1.082266494487337098e+02
5.700000000000000000e+02 1.104613588075202983e+02
5.710000000000000000e+02 1.127341427524510351e+02
5.720000000000000000e+02 1.150454992045827254e+02
5.730000000000000000e+02 1.173959302890599190e+02
5.740000000000000000e+02 1.197859423432147281e+02
5.750000000000000000e+02 1.222160459244327342e+02
5.760000000000000000e+02 1.246867558177833928e+02
5.770000000000000000e+02 1.271985910434158455e+02
5.780000000000000000e+02 1.297520748637180077e+02
5.790000000000000000e+02 1.323477347902399117e+02
5.800000000000000000e+02 1.349861025903801135e+02
5.810000000000000000e+02 1.376677142938352461e+02
5.820000000000000000e+02 1.403931101988120247e+02
5.830000000000000000e+02 1.431628348780012345e+02
5.840000000000000000e+02 1.459774371843143399e+02
5.850000000000000000e+02 1.488374702563815219e+02
5.860000000000000000e+02 1.517434915238108886e+02
5.870000000000000000e+02 1.546960627122099083e+02
5.880000000000000000e+02 1.576957498479675337e+02
5.890000000000000000e+02 1.607431232627968427e+02
5.900000000000000000e+02 1.638387575980401039e+02
5.910000000000000000e+02 1.669832318087335636e+02
5.920000000000000000e+02 1.701771291674335203e+02
5.930000000000000000e+02 1.734210372678030581e+02
5.940000000000000000e+02 1.767155480279605229e+02
5.950000000000000000e+02 1.800612576935879190e+02
5.960000000000000000e+02 1.834587668408009051e+02
5.970000000000000000e+02 1.869086803787796782e+02
5.980000000000000000e+02 1.904116075521618541e+02
5.990000000000000000e+02 1.939681619431957245e+02
6.000000000000000000e+02 1.975789614736561361e+02
6.010000000000000000e+02 2.012446284065215991e+02
6.020000000000000000e+02 2.049657893474139030e+02
6.030000000000000000e+02 2.087430752457998722e+02
6.040000000000000000e+02 2.125771213959564818e+02
6.050000000000000000e+02 2.164685674376977147e+02
6.060000000000000000e+02 2.204180573568660861e+02
6.070000000000000000e+02 2.244262394855875016e+02
6.080000000000000000e+02 2.284937665022898159e+02
6.090000000000000000e+02 2.326212954314869990e+02
6.100000000000000000e+02 2.368094876433268610e+02
6.110000000000000000e+02 2.410590088529062314e+02
6.120000000000000000e+02 2.453705291193505502e+02
6.130000000000000000e+02 2.497447228446606573e+02
6.140000000000000000e+02 2.541822687723272622e+02
6.150000000000000000e+02 2.586838499857113334e+02
6.160000000000000000e+02 2.632501539061954645e+02
6.170000000000000000e+02 2.678818722911015016e+02
6.180000000000000000e+02 2.725797012313801133e+02
6.190000000000000000e+02 2.773443411490677590e+02
6.200000000000000000e+02 2.821764967945177318e+02
6.210000000000000000e+02 2.870768772434009293e+02
6.220000000000000000e+02 2.920461958934789664e+02
6.230000000000000000e+02 2.970851704611508239e+02
6.240000000000000000e+02 3.021945229777742270e+02
6.250000000000000000e+02 3.073749797857601038e+02
6.260000000000000000e+02 3.126272715344432527e+02
6.270000000000000000e+02 3.179521331757300686e+02
6.280000000000000000e+02 3.233503039595225346e+02
6.290000000000000000e+02 3.288225274289204094e+02
6.300000000000000000e+02 3.343695514152026362e+02
6.310000000000000000e+02 3.399921280325884823e+02
6.320000000000000000e+02 3.456910136727803433e+02
6.330000000000000000e+02 3.514669689992861663e+02
6.340000000000000000e+02 3.573207589415266625e+02
6.350000000000000000e+02 3.632531526887262885e+02
6.360000000000000000e+02 3.692649236835870852e+02
6.370000000000000000e+02 3.753568496157496384e+02
6.380000000000000000e+02 3.815297124150409900e+02
6.390000000000000000e+02 3.877842982445099551e+02
6.400000000000000000e+02 3.941213974932507540e+02
6.410000000000000000e+02 4.005418047690178582e+02
6.420000000000000000e+02 4.070463188906310279e+02
6.430000000000000000e+02 4.136357428801730975e+02
6.440000000000000000e+02 4.203108839549807954e+02
6.450000000000000000e+02 4.270725535194299027e+02
6.460000000000000000e+02 4.339215671565165167e+02
6.470000000000000000e+02 4.408587446192350967e+02
6.480000000000000000e+02 4.478849098217539790e+02
6.490000000000000000e+02 4.550008908303911426e+02
6.500000000000000000e+02 4.622075198543890338e+02
6.510000000000000000e+02 4.695056332364926561e+02
6.520000000000000000e+02 4.768960714433289922e+02
6.530000000000000000e+02 4.843796790555920211e+02
6.540000000000000000e+02 4.919573047580323077e+02
6.550000000000000000e+02 4.996298013292536666e+02
6.560000000000000000e+02 5.073980256313170685e+02
6.570000000000000000e+02 5.152628385991565665e+02
6.580000000000000000e+02 5.232251052298009881e+02
6.590000000000000000e+02 5.312856945714127050e+02
6.600000000000000000e+02 5.394454797121364891e+02
6.610000000000000000e+02 5.477053377687648208e+02
6.620000000000000000e+02 5.560661498752173202e+02
6.630000000000000000e+02 5.645288011708388467e+02
6.640000000000000000e+02 5.730941807885174057e+02
6.650000000000000000e+02 5.817631818426189056e+02
6.660000000000000000e+02 5.905367014167477464e+02
6.670000000000000000e+02 5.994156405513258505e+02
6.680000000000000000e+02 6.084009042310003679e+02
6.690000000000000000e+02 6.174934013718731194e+02
6.700000000000000000e+02 6.266940448085608750e+02
6.710000000000000000e+02 6.360037512810816906e+02
6.720000000000000000e+02 6.454234414215721927e+02
6.730000000000000000e+02 6.549540397408368335e+02
6.740000000000000000e+02 6.645964746147301412e+02
6.750000000000000000e+02 6.743516782703719628e+02
6.760000000000000000e+02 6.842205867722008179e+02
6.770000000000000000e+02 6.942041400078627476e+02
6.780000000000000000e+02 7.043032816739404325e+02
6.790000000000000000e+02 7.145189592615222409e+02
6.800000000000000000e+02 7.248521240416126830e+02
6.810000000000000000e+02 7.353037310503864319e+02
6.820000000000000000e+02 7.458747390742882999e+02
6.830000000000000000e+02 7.565661106349790543e+02
6.840000000000000000e+02 7.673788119741268474e+02
6.850000000000000000e+02 7.783138130380526718e+02
6.860000000000000000e+02 7.893720874622217707e+02
6.870000000000000000e+02 8.005546125555929393e+02
6.880000000000000000e+02 8.118623692848158271e+02
6.890000000000000000e+02 8.232963422582888597e+02
6.900000000000000000e+02 8.348575197100719834e+02
6.910000000000000000e+02 8.465468934836575272e+02
6.920000000000000000e+02 8.583654590156039603e+02
6.930000000000000000e+02 8.703142153190266299e+02
6.940000000000000000e+02 8.823941649669575327e+02
6.950000000000000000e+02 8.946063140755655922e+02
6.960000000000000000e+02 9.069516722872446053e+02
6.970000000000000000e+02 9.194312527535710160e+02
6.980000000000000000e+02 9.320460721181275403e+02
6.990000000000000000e+02 9.447971504992003702e+02
7.000000000000000000e+02 9.576855114723497309e+02
7.010000000000000000e+02 9.707121820528523131e+02
7.020000000000000000e+02 9.838781926780208096e+02
7.030000000000000000e+02 9.971845771893994197e+02
7.040000000000000000e+02 1.010632372814842142e+03
7.050000000000000000e+02 1.024222620150465673e+03
7.060000000000000000e+02 1.037956363142489636e+03
7.070000000000000000e+02 1.051834649068955969e+03
7.080000000000000000e+02 1.065858528521338940e+03
7.090000000000000000e+02 1.080029055386033860e+03
7.100000000000000000e+02 1.094347286825743367e+03
7.110000000000000000e+02 1.108814283260745697e+03
7.120000000000000000e+02 1.123431108350059731e+03
7.130000000000000000e+02 1.138198828972500451e+03
7.140000000000000000e+02 1.153118515207626615e+03
7.150000000000000000e+02 1.168191240316592030e+03
7.160000000000000000e+02 1.183418080722885861e+03
7.170000000000000000e+02 1.198800115992978817e+03
7.180000000000000000e+02 1.214338428816863370e+03
7.190000000000000000e+02 1.230034104988504396e+03
7.200000000000000000e+02 1.245888233386186357e+03
7.210000000000000000e+02 1.261901905952770221e+03
7.220000000000000000e+02 1.278076217675856242e+03
7.230000000000000000e+02 1.294412266567855113e+03
7.240000000000000000e+02 1.310911153645965896e+03
7.250000000000000000e+02 1.327573982912075508e+03
7.260000000000000000e+02 1.344401861332555882e+03
7.270000000000000000e+02 1.361395898817989973e+03
7.280000000000000000e+02 1.378557208202808624e+03
7.290000000000000000e+02 1.395886905224841485e+03
7.300000000000000000e+02 1.413386108504790855e+03
7.310000000000000000e+02 1.431055939525627309e+03
7.320000000000000000e+02 1.448897522611905970e+03
7.330000000000000000e+02 1.466911984909005923e+03
7.340000000000000000e+02 1.485100456362293698e+03
7.350000000000000000e+02 1.503464069696219440e+03
7.360000000000000000e+02 1.522003960393331909e+03
7.370000000000000000e+02 1.540721266673232094e+03
7.380000000000000000e+02 1.559617129471453154e+03
7.390000000000000000e+02 1.578692692418275556e+03
7.400000000000000000e+02 1.597949101817472410e+03
7.410000000000000000e+02 1.617387506624993193e+03
7.420000000000000000e+02 1.637009058427589025e+03
7.430000000000000000e+02 1.656814911421365423e+03
7.440000000000000000e+02 1.676806222390287076e+03
7.450000000000000000e+02 1.696984150684615315e+03
7.460000000000000000e+02 1.717349858199291930e+03
7.470000000000000000e+02 1.737904509352269542e+03
7.480000000000000000e+02 1.758649271062785147e+03
7.490000000000000000e+02 1.779585312729576344e+03
7.500000000000000000e+02 1.800713806209058930e+03
7.510000000000000000e+02 1.822035925793440128e+03
7.520000000000000000e+02 1.843552848188792268e+03
7.530000000000000000e+02 1.865265752493079617e+03
7.540000000000000000e+02 1.887175820174131559e+03
7.550000000000000000e+02 1.909284235047580751e+03
7.560000000000000000e+02 1.931592183254753763e+03
7.570000000000000000e+02 1.954100853240518973e+03
7.580000000000000000e+02 1.976811435731098072e+03
7.590000000000000000e+02 1.999725123711835067e+03
7.600000000000000000e+02 2.022843112404932299e+03
7.610000000000000000e+02 2.046166599247142585e+03
7.620000000000000000e+02 2.069696783867440445e+03
7.630000000000000000e+02 2.093434868064637612e+03
7.640000000000000000e+02 2.117382055784993099e+03
7.650000000000000000e+02 2.141539553099775731e+03
7.660000000000000000e+02 2.165908568182795079e+03
7.670000000000000000e+02 2.190490311287916029e+03
7.680000000000000000e+02 2.215285994726541048e+03
7.690000000000000000e+02 2.240296832845061999e+03
7.700000000000000000e+02 2.265524042002296483e+03
7.710000000000000000e+02 2.290968840546896445e+03
7.720000000000000000e+02 2.316632448794734501e+03
7.730000000000000000e+02 2.342516089006272068e+03
7.740000000000000000e+02 2.368620985363906129e+03
7.750000000000000000e+02 2.394948363949300983e+03
7.760000000000000000e+02 2.421499452720703175e+03
7.770000000000000000e+02 2.448275481490236416e+03
7.780000000000000000e+02 2.475277681901189681e+03
7.790000000000000000e+02 2.502507287405283932e+03
7.800000000000000000e+02 2.529965533239936121e+03
7.810000000000000000e+02 2.557653656405505444e+03
7.820000000000000000e+02 2.585572895642534149e+03
7.830000000000000000e+02 2.613724491408979247e+03
7.840000000000000000e+02 2.642109685857436489e+03
7.850000000000000000e+02 2.670729722812362070e+03
7.860000000000000000e+02 2.699585847747281150e+03
7.870000000000000000e+02 2.728679307762008193e+03
7.880000000000000000e+02 2.758011351559846389e+03
7.890000000000000000e+02 2.787583229424802084e+03
7.900000000000000000e+02 2.817396193198786932e+03
7.910000000000000000e+02 2.847451496258835959e+03
7.920000000000000000e+02 2.877750393494304717e+03
7.930000000000000000e+02 2.908294141284098714e+03
7.940000000000000000e+02 2.939083997473885574e+03
7.950000000000000000e+02 2.970121221353314013e+03
7.960000000000000000e+02 3.001407073633258733e+03
7.970000000000000000e+02 3.032942816423047134e+03
7.980000000000000000e+02 3.064729713207716941e+03
7.990000000000000000e+02 3.096769028825262467e+03
8.000000000000000000e+02 3.129062029443919528e+03
8.010000000000000000e+02 3.161609982539432622e+03
8.020000000000000000e+02 3.194414156872353942e+03
8.030000000000000000e+02 3.227475822465355577e+03
8.040000000000000000e+02 3.260796250580538981e+03
8.050000000000000000e+02 3.294376713696795377e+03
8.060000000000000000e+02 3.328218485487143425e+03
8.070000000000000000e+02 3.362322840796110995e+03
8.080000000000000000e+02 3.396691055617131042e+03
8.090000000000000000e+02 3.431324407069950212e+03
8.100000000000000000e+02 3.466224173378067462e+03
8.110000000000000000e+02 3.501391633846191780e+03
8.120000000000000000e+02 3.536828068837713545e+03
8.130000000000000000e+02 3.572534759752219543e+03
8.140000000000000000e+02 3.608512989003014354e+03
8.150000000000000000e+02 3.644764039994676295e+03
8.160000000000000000e+02 3.681289197100636102e+03
8.170000000000000000e+02 3.718089745640793353e+03
8.180000000000000000e+02 3.755166971859144724e+03
8.190000000000000000e+02 3.792522162901451793e+03
8.200000000000000000e+02 3.830156606792946150e+03
8.210000000000000000e+02 3.868071592416046315e+03
8.220000000000000000e+02 3.906268409488125144e+03
8.230000000000000000e+02 3.944748348539300878e+03
8.240000000000000000e+02 3.983512700890264114e+03
8.250000000000000000e+02 4.022562758630135704e+03
8.260000000000000000e+02 4.061899814594370127e+03
8.270000000000000000e+02 4.101525162342685690e+03
8.280000000000000000e+02 4.141440096137034743e+03
8.290000000000000000e+02 4.181645910919606649e+03
8.300000000000000000e+02 4.222143902290888946e+03
8.310000000000000000e+02 4.262935366487735337e+03
8.320000000000000000e+02 4.304021600361508717e+03
8.330000000000000000e+02 4.345403901356236929e+03
8.340000000000000000e+02 4.387083567486831271e+03
8.350000000000000000e+02 4.429061897317338662e+03
8.360000000000000000e+02 4.471340189939222000e+03
8.370000000000000000e+02 4.513919744949728738e+03
8.380000000000000000e+02 4.556801862430241272e+03
8.390000000000000000e+02 4.599987842924737379e+03
8.400000000000000000e+02 4.643478987418253382e+03
8.410000000000000000e+02 4.687276597315400977e+03
8.420000000000000000e+02 4.731381974418954087e+03
8.430000000000000000e+02 4.775796420908457549e+03
8.440000000000000000e+02 4.820521239318899461e+03
8.450000000000000000e+02 4.865557732519430829e+03
8.460000000000000000e+02 4.910907203692133407e+03
8.470000000000000000e+02 4.956570956310838483e+03
8.480000000000000000e+02 5.002550294120002945e+03
8.490000000000000000e+02 5.048846521113632662e+03
8.500000000000000000e+02 5.095460941514260412e+03
8.510000000000000000e+02 5.142394859751970216e+03
8.520000000000000000e+02 5.189649580443494415e+03
8.530000000000000000e+02 5.237226408371347134e+03
8.540000000000000000e+02 5.285126648463025958e+03
8.550000000000000000e+02 5.333351605770250899e+03
8.560000000000000000e+02 5.381902585448294303e+03
8.570000000000000000e+02 5.430780892735328962e+03
8.580000000000000000e+02 5.479987832931867160e+03
8.590000000000000000e+02 5.529524711380232475e+03
8.600000000000000000e+02 5.579392833444104326e+03
8.610000000000000000e+02 5.629593504488124381e+03
8.620000000000000000e+02 5.680128029857554793e+03
8.630000000000000000e+02 5.730997714858000109e+03
8.640000000000000000e+02 5.782203864735196476e+03
8.650000000000000000e+02 5.833747784654845418e+03
8.660000000000000000e+02 5.885630779682538559e+03
8.670000000000000000e+02 5.937854154763712359e+03
8.680000000000000000e+02 5.990419214703693797e+03
8.690000000000000000e+02 6.043327264147789720e+03
8.700000000000000000e+02 6.096579607561449848e+03
8.710000000000000000e+02 6.150177549210504367e+03
8.720000000000000000e+02 6.204122393141442444e+03
8.730000000000000000e+02 6.258415443161778057e+03
8.740000000000000000e+02 6.313058002820464026e+03
8.750000000000000000e+02 6.368051375388403358e+03
8.760000000000000000e+02 6.423396863838977879e+03
8.770000000000000000e+02 6.479095770828702371e+03
8.780000000000000000e+02 6.535149398677893259e+03
8.790000000000000000e+02 6.591559049351452813e+03
8.800000000000000000e+02 6.648326024439675166e+03
8.810000000000000000e+02 6.705451625139168755e+03
8.820000000000000000e+02 6.762937152233804227e+03
8.830000000000000000e+02 6.820783906075774212e+03
8.840000000000000000e+02 6.878993186566686745e+03
8.850000000000000000e+02 6.937566293138748733e+03
8.860000000000000000e+02 6.996504524736027633e+03
8.870000000000000000e+02 7.055809179795754062e+03
8.880000000000000000e+02 7.115481556229737180e+03
8.890000000000000000e+02 7.175522951405825552e+03
8.900000000000000000e+02 7.235934662129432581e+03
8.910000000000000000e+02 7.296717984625165627e+03
8.920000000000000000e+02 7.357874214518506051e+03
8.930000000000000000e+02 7.419404646817571120e+03
8.940000000000000000e+02 7.481310575894934118e+03
8.950000000000000000e+02 7.543593295469551776e+03
8.960000000000000000e+02 7.606254098588730812e+03
8.970000000000000000e+02 7.669294277610185418e+03
8.980000000000000000e+02 7.732715124184182969e+03
8.990000000000000000e+02 7.796517929235728843e+03
9.000000000000000000e+02 7.860703982946867654e+03
9.010000000000000000e+02 7.925274574739041782e+03
9.020000000000000000e+02 7.990230993255503563e+03
9.030000000000000000e+02 8.055574526343856633e+03
9.040000000000000000e+02 8.121306461038630005e+03
9.050000000000000000e+02 8.187428083543939465e+03
9.060000000000000000e+02 8.253940679216240824e+03
9.070000000000000000e+02 8.320845532547138646e+03
9.080000000000000000e+02 8.388143927146291389e+03
9.090000000000000000e+02 8.455837145724388392e+03
9.100000000000000000e+02 8.523926470076201440e+03
9.110000000000000000e+02 8.592413181063706361e+03
9.120000000000000000e+02 8.661298558599326498e+03
9.130000000000000000e+02 8.730583881629179814e+03
9.140000000000000000e+02 8.800270428116482435e+03
9.150000000000000000e+02 8.870359475024974017e+03
9.160000000000000000e+02 8.940852298302463169e+03
9.170000000000000000e+02 9.011750172864421984e+03
9.180000000000000000e+02 9.083054372577680624e+03
9.190000000000000000e+02 9.154766170244191017e+03
9.200000000000000000e+02 9.226886837584872410e+03
9.210000000000000000e+02 9.299417645223542422e+03
9.220000000000000000e+02 9.372359862670929942e+03
9.230000000000000000e+02 9.445714758308733508e+03
9.240000000000000000e+02 9.519483599373859761e+03
9.250000000000000000e+02 9.593667651942585508e+03
9.260000000000000000e+02 9.668268180914952609e+03
9.270000000000000000e+02 9.743286449999151955e+03
9.280000000000000000e+02 9.818723721696032953e+03
9.290000000000000000e+02 9.894581257283667583e+03
9.300000000000000000e+02 9.970860316801999943e+03
9.310000000000000000e+02 1.004756215903761768e+04
9.320000000000000000e+02 1.012468804150853430e+04
9.330000000000000000e+02 1.020223922044910250e+04
9.340000000000000000e+02 1.028021695079500569e+04
9.350000000000000000e+02 1.035862248616833131e+04
9.360000000000000000e+02 1.043745707886268792e+04
9.370000000000000000e+02 1.051672197982846410e+04
9.380000000000000000e+02 1.059641843865813644e+04
9.390000000000000000e+02 1.067654770357165580e+04
9.400000000000000000e+02 1.075711102140192452e+04
9.410000000000000000e+02 1.083810963758034995e+04
9.420000000000000000e+02 1.091954479612252544e+04
9.430000000000000000e+02 1.100141773961390027e+04
9.440000000000000000e+02 1.108372970919562795e+04
9.450000000000000000e+02 1.116648194455042903e+04
9.460000000000000000e+02 1.124967568388858308e+04
9.470000000000000000e+02 1.133331216393397881e+04
9.480000000000000000e+02 1.141739261991025160e+04
9.490000000000000000e+02 1.150191828552700281e+04
9.500000000000000000e+02 1.158689039296610099e+04
9.510000000000000000e+02 1.167231017286807946e+04
9.520000000000000000e+02 1.175817885431859759e+04
9.530000000000000000e+02 1.184449766483500207e+04
9.540000000000000000e+02 1.193126783035294284e+04
9.550000000000000000e+02 1.201849057521312716e+04
9.560000000000000000e+02 1.210616712214806648e+04
9.570000000000000000e+02 1.219429869226902701e+04
9.580000000000000000e+02 1.228288650505294390e+04
9.590000000000000000e+02 1.237193177832949368e+04
9.600000000000000000e+02 1.246143572826822674e+04
9.610000000000000000e+02 1.255139956936578164e+04
9.620000000000000000e+02 1.264182451443317950e+04
9.630000000000000000e+02 1.273271177458321108e+04
9.640000000000000000e+02 1.282406255921788943e+04
9.650000000000000000e+02 1.291587807601602253e+04
9.660000000000000000e+02 1.300815953092080417e+04
9.670000000000000000e+02 1.310090812812756667e+04
9.680000000000000000e+02 1.319412507007154818e+04
9.690000000000000000e+02 1.328781155741577822e+04
9.700000000000000000e+02 1.338196878903903598e+04
9.710000000000000000e+02 1.347659796202388679e+04
9.720000000000000000e+02 1.357170027164483145e+04
9.730000000000000000e+02 1.366727691135649002e+04
9.740000000000000000e+02 1.376332907278187486e+04
9.750000000000000000e+02 1.385985794570080725e+04
9.760000000000000000e+02 1.395686471803833774e+04
9.770000000000000000e+02 1.405435057585328468e+04
9.780000000000000000e+02 1.415231670332686190e+04
9.790000000000000000e+02 1.425076428275137368e+04
9.800000000000000000e+02 1.434969449451898436e+04
9.810000000000000000e+02 1.444910851711060604e+04
9.820000000000000000e+02 1.454900752708481014e+04
9.830000000000000000e+02 1.464939269906688060e+04
9.840000000000000000e+02 1.475026520573790731e+04
9.850000000000000000e+02 1.485162621782397400e+04
9.860000000000000000e+02 1.495347690408543167e+04
9.870000000000000000e+02 1.505581843130624475e+04
9.880000000000000000e+02 1.515865196428343916e+04
9.890000000000000000e+02 1.526197866581657763e+04
9.900000000000000000e+02 1.536579969669739876e+04
9.910000000000000000e+02 1.547011621569945055e+04
9.920000000000000000e+02 1.557492937956786409e+04
9.930000000000000000e+02 1.568024034300919629e+04
9.940000000000000000e+02 1.578605025868132361e+04
9.950000000000000000e+02 1.589236027718343576e+04
9.960000000000000000e+02 1.599917154704614768e+04
9.970000000000000000e+02 1.610648521472160246e+04
9.980000000000000000e+02 1.621430242457374516e+04
9.990000000000000000e+02 1.632262431886862032e+04
