# BB temperature (K); Intensity through filter (ph/s/m^2/mas^2)
1.000000000000000000e+01 0.000000000000000000e+00
1.100000000000000000e+01 0.000000000000000000e+00
1.200000000000000000e+01 0.000000000000000000e+00
1.300000000000000000e+01 0.000000000000000000e+00
1.400000000000000000e+01 0.000000000000000000e+00
1.500000000000000000e+01 0.000000000000000000e+00
1.600000000000000000e+01 0.000000000000000000e+00
1.700000000000000000e+01 0.000000000000000000e+00
1.800000000000000000e+01 0.000000000000000000e+00
1.900000000000000000e+01 0.000000000000000000e+00
2.000000000000000000e+01 0.000000000000000000e+00
2.100000000000000000e+01 1.506081629541478191e-111
2.200000000000000000e+01 1.952471575520913462e-106
2.300000000000000000e+01 9.107638747189629924e-102
2.400000000000000000e+01 1.736923587245185846e-97
2.500000000000000000e+01 1.507660978678561528e-93
2.600000000000000000e+01 6.522302290682714152e-90
2.700000000000000000e+01 1.519350568425890503e-86
2.800000000000000000e+01 2.036399171897533941e-83
2.900000000000000000e+01 1.662774343227241519e-80
3.000000000000000000e+01 8.691169600809300769e-78
3.100000000000000000e+01 3.036209476744520282e-75
3.200000000000000000e+01 7.361843765116043690e-73
3.300000000000000000e+01 1.280704753248657257e-70
3.400000000000000000e+01 1.646003694699500606e-68
3.500000000000000000e+01 1.603952205622623102e-66
3.600000000000000000e+01 1.212661963575362202e-64
3.700000000000000000e+01 7.261111816322801156e-63
3.800000000000000000e+01 3.507273603592118733e-61
3.900000000000000000e+01 1.389340549569849175e-59
4.000000000000000000e+01 4.581138449925740075e-58
4.100000000000000000e+01 1.274348042480968830e-56
4.200000000000000000e+01 3.027074787338635814e-55
4.300000000000000000e+01 6.208119689415480785e-54
4.400000000000000000e+01 1.110316960562591609e-52
4.500000000000000000e+01 1.747620874332443528e-51
4.600000000000000000e+01 2.441078725212403507e-50
4.700000000000000000e+01 3.049061480203803702e-49
4.800000000000000000e+01 3.429596263679734652e-48
4.900000000000000000e+01 3.496314886280286936e-47
5.000000000000000000e+01 3.249736773492988602e-46
5.100000000000000000e+01 2.769101630209754127e-45
5.200000000000000000e+01 2.174148826732077666e-44
5.300000000000000000e+01 1.580328812782335524e-43
5.400000000000000000e+01 1.068117924895377746e-42
5.500000000000000000e+01 6.740346347351774079e-42
5.600000000000000000e+01 3.986566802557630509e-41
5.700000000000000000e+01 2.217831933763720963e-40
5.800000000000000000e+01 1.164492047221550029e-39
5.900000000000000000e+01 5.789005382618045165e-39
6.000000000000000000e+01 2.732975114078482015e-38
6.100000000000000000e+01 1.228759004986060780e-37
6.200000000000000000e+01 5.275551551814648550e-37
6.300000000000000000e+01 2.168453538028793659e-36
6.400000000000000000e+01 8.553971460055639158e-36
6.500000000000000000e+01 3.245791743541511046e-35
6.600000000000000000e+01 1.187284622035883916e-34
6.700000000000000000e+01 4.195299581578797866e-34
6.800000000000000000e+01 1.434773704424539891e-33
6.900000000000000000e+01 4.757721677431022962e-33
7.000000000000000000e+01 1.532272277530944039e-32
7.100000000000000000e+01 4.800232351489996386e-32
7.200000000000000000e+01 1.464830863875881593e-31
7.300000000000000000e+01 4.359761234895640999e-31
7.400000000000000000e+01 1.267015344371927699e-30
7.500000000000000000e+01 3.599019488282698607e-30
7.600000000000000000e+01 1.000132851478003813e-29
7.700000000000000000e+01 2.721094951575318387e-29
7.800000000000000000e+01 7.253408128648765515e-29
7.900000000000000000e+01 1.895470749613467439e-28
8.000000000000000000e+01 4.858506225506099976e-28
8.100000000000000000e+01 1.222106059210514381e-27
8.200000000000000000e+01 3.018047110806948307e-27
8.300000000000000000e+01 7.320318865084250330e-27
8.400000000000000000e+01 1.744560317599721419e-26
8.500000000000000000e+01 4.086500631250755435e-26
8.600000000000000000e+01 9.411942493134290315e-26
8.700000000000000000e+01 2.132153195284220278e-25
8.800000000000000000e+01 4.752437914197378669e-25
8.900000000000000000e+01 1.042605126692637738e-24
9.000000000000000000e+01 2.252032024055904834e-24
9.100000000000000000e+01 4.791000610179027789e-24
9.200000000000000000e+01 1.004200041023767471e-23
9.300000000000000000e+01 2.074443339814410007e-23
9.400000000000000000e+01 4.224882447611626311e-23
9.500000000000000000e+01 8.485997238327954797e-23
9.600000000000000000e+01 1.681545668931717242e-22
9.700000000000000000e+01 3.288310553741507285e-22
9.800000000000000000e+01 6.347964287674581417e-22
9.900000000000000000e+01 1.210126363110484187e-21
1.000000000000000000e+02 2.278748794234721487e-21
1.010000000000000000e+02 4.239983083736103509e-21
1.020000000000000000e+02 7.797647747588968371e-21
1.030000000000000000e+02 1.417823178546190401e-20
1.040000000000000000e+02 2.549551762349217113e-20
1.050000000000000000e+02 4.535344993268195292e-20
1.060000000000000000e+02 7.983255584919566168e-20
1.070000000000000000e+02 1.390876088546410551e-19
1.080000000000000000e+02 2.399098310415978905e-19
1.090000000000000000e+02 4.097965940247614998e-19
1.100000000000000000e+02 6.933553344261511619e-19
1.110000000000000000e+02 1.162289106316330089e-18
1.120000000000000000e+02 1.930829495725688541e-18
1.130000000000000000e+02 3.179383603539003164e-18
1.140000000000000000e+02 5.190463843733726006e-18
1.150000000000000000e+02 8.402835794812088392e-18
1.160000000000000000e+02 1.349247403769891851e-17
1.170000000000000000e+02 2.149266290584468776e-17
1.180000000000000000e+02 3.397082858569087274e-17
1.190000000000000000e+02 5.328699045245471465e-17
1.200000000000000000e+02 8.296880359106113180e-17
1.210000000000000000e+02 1.282519962705157566e-16
1.220000000000000000e+02 1.968538520638110775e-16
1.230000000000000000e+02 3.000728971652776244e-16
1.240000000000000000e+02 4.543422677336023122e-16
1.250000000000000000e+02 6.834101029489567916e-16
1.260000000000000000e+02 1.021381260237422296e-15
1.270000000000000000e+02 1.516935162378437951e-15
1.280000000000000000e+02 2.239140332548936467e-15
1.290000000000000000e+02 3.285424286346257464e-15
1.300000000000000000e+02 4.792436854880691103e-15
1.310000000000000000e+02 6.950776818430902306e-15
1.320000000000000000e+02 1.002484968962424548e-14
1.330000000000000000e+02 1.437950554199930648e-14
1.340000000000000000e+02 2.051559070419417702e-14
1.350000000000000000e+02 2.911716127061459341e-14
1.360000000000000000e+02 4.111388048355702720e-14
1.370000000000000000e+02 5.776309330694901244e-14
1.380000000000000000e+02 8.075728468425785879e-14
1.390000000000000000e+02 1.123641366579071050e-13
1.400000000000000000e+02 1.556082676679236267e-13
1.410000000000000000e+02 2.145060408989355952e-13
1.420000000000000000e+02 2.943676573616802530e-13
1.430000000000000000e+02 4.021842093490119333e-13
1.440000000000000000e+02 5.471215852503065309e-13
1.450000000000000000e+02 7.411482327093333182e-13
1.460000000000000000e+02 9.998299729654816080e-13
1.470000000000000000e+02 1.343332511268858918e-12
1.480000000000000000e+02 1.797681233527315240e-12
1.490000000000000000e+02 2.396338579394811252e-12
1.500000000000000000e+02 3.182172037171436757e-12
1.510000000000000000e+02 4.209900959813233981e-12
1.520000000000000000e+02 5.549128345978489857e-12
1.530000000000000000e+02 7.288084910896898719e-12
1.540000000000000000e+02 9.538237693778280892e-12
1.550000000000000000e+02 1.243994468172060890e-11
1.560000000000000000e+02 1.616937111676859854e-11
1.570000000000000000e+02 2.094692301381583583e-11
1.580000000000000000e+02 2.704749975936372560e-11
1.590000000000000000e+02 3.481292138532336050e-11
1.600000000000000000e+02 4.466694822029063884e-11
1.610000000000000000e+02 5.713338222521383661e-11
1.620000000000000000e+02 7.285782165188733735e-11
1.630000000000000000e+02 9.263373507956873767e-11
1.640000000000000000e+02 1.174336288822751089e-10
1.650000000000000000e+02 1.484462053981771286e-10
1.660000000000000000e+02 1.871205493099277438e-10
1.670000000000000000e+02 2.352185389631915546e-10
1.680000000000000000e+02 2.948768596878702626e-10
1.690000000000000000e+02 3.686801999655319777e-10
1.700000000000000000e+02 4.597474410253960005e-10
1.710000000000000000e+02 5.718329088727996520e-10
1.720000000000000000e+02 7.094450477957060869e-10
1.730000000000000000e+02 8.779851992177690074e-10
1.740000000000000000e+02 1.083909532764978798e-09
1.750000000000000000e+02 1.334917581223149854e-09
1.760000000000000000e+02 1.640171281571574351e-09
1.770000000000000000e+02 2.010548924628604506e-09
1.780000000000000000e+02 2.458938970447019107e-09
1.790000000000000000e+02 3.000579300132634872e-09
1.800000000000000000e+02 3.653448152187862386e-09
1.810000000000000000e+02 4.438713738045026432e-09
1.820000000000000000e+02 5.381250352681616883e-09
1.830000000000000000e+02 6.510229697920705004e-09
1.840000000000000000e+02 7.859797124326447511e-09
1.850000000000000000e+02 9.469843578912723889e-09
1.860000000000000000e+02 1.138688522689121104e-08
1.870000000000000000e+02 1.366506400338493473e-08
1.880000000000000000e+02 1.636728375270548994e-08
1.890000000000000000e+02 1.956649813600179169e-08
1.900000000000000000e+02 2.334716814068483164e-08
1.910000000000000000e+02 2.780690881513261368e-08
1.920000000000000000e+02 3.305834678817194787e-08
1.930000000000000000e+02 3.923121222335660978e-08
1.940000000000000000e+02 4.647469111200442561e-08
1.950000000000000000e+02 5.496006623543086050e-08
1.960000000000000000e+02 6.488367773516568323e-08
1.970000000000000000e+02 7.647023702969293381e-08
1.980000000000000000e+02 8.997653081713792658e-08
1.990000000000000000e+02 1.056955551152240849e-07
2.000000000000000000e+02 1.239611227227701433e-07
2.010000000000000000e+02 1.451529911511500085e-07
2.020000000000000000e+02 1.697025619797562504e-07
2.030000000000000000e+02 1.980992067469124737e-07
2.040000000000000000e+02 2.308972789072819596e-07
2.050000000000000000e+02 2.687238760789934108e-07
2.060000000000000000e+02 3.122874217788779906e-07
2.070000000000000000e+02 3.623871411127638118e-07
2.080000000000000000e+02 4.199235104599579400e-07
2.090000000000000000e+02 4.859097670771576505e-07
2.100000000000000000e+02 5.614845707570836368e-07
2.110000000000000000e+02 6.479259162210747133e-07
2.120000000000000000e+02 7.466664018124714314e-07
2.130000000000000000e+02 8.593099672983327557e-07
2.140000000000000000e+02 9.876502211901297144e-07
2.150000000000000000e+02 1.133690485968493390e-06
2.160000000000000000e+02 1.299665697951510013e-06
2.170000000000000000e+02 1.488066307288663383e-06
2.180000000000000000e+02 1.701664332701239674e-06
2.190000000000000000e+02 1.943541735132254869e-06
2.200000000000000000e+02 2.217121284421621280e-06
2.210000000000000000e+02 2.526200103491992422e-06
2.220000000000000000e+02 2.874986085323218274e-06
2.230000000000000000e+02 3.268137389214093605e-06
2.240000000000000000e+02 3.710805234483969469e-06
2.250000000000000000e+02 4.208680221857683723e-06
2.260000000000000000e+02 4.768042425308951853e-06
2.270000000000000000e+02 5.395815510112350248e-06
2.280000000000000000e+02 6.099625146274867658e-06
2.290000000000000000e+02 6.887862000385275430e-06
2.300000000000000000e+02 7.769749603234957580e-06
2.310000000000000000e+02 8.755417405326028476e-06
2.320000000000000000e+02 9.855979347591426246e-06
2.330000000000000000e+02 1.108361829030493962e-05
2.340000000000000000e+02 1.245167665925432913e-05
2.350000000000000000e+02 1.397475368478412183e-05
2.360000000000000000e+02 1.566880962628228622e-05
2.370000000000000000e+02 1.755127739208135596e-05
2.380000000000000000e+02 1.964118198256287982e-05
2.390000000000000000e+02 2.195926820248915605e-05
2.400000000000000000e+02 2.452813710722742991e-05
2.410000000000000000e+02 2.737239166657262298e-05
2.420000000000000000e+02 3.051879214930403245e-05
2.430000000000000000e+02 3.399642175141927465e-05
2.440000000000000000e+02 3.783686301116277853e-05
2.450000000000000000e+02 4.207438557449466582e-05
2.460000000000000000e+02 4.674614589551535741e-05
2.470000000000000000e+02 5.189239947755630355e-05
2.480000000000000000e+02 5.755672628215448283e-05
2.490000000000000000e+02 6.378626995493056348e-05
2.500000000000000000e+02 7.063199153947102122e-05
2.510000000000000000e+02 7.814893837265628250e-05
2.520000000000000000e+02 8.639652887746034451e-05
2.530000000000000000e+02 9.543885399205392916e-05
2.540000000000000000e+02 1.053449959970531564e-04
2.550000000000000000e+02 1.161893655259472194e-04
2.560000000000000000e+02 1.280520575670912305e-04
2.570000000000000000e+02 1.410192272891406466e-04
2.580000000000000000e+02 1.551834865454115528e-04
2.590000000000000000e+02 1.706443219363484984e-04
2.600000000000000000e+02 1.875085353330502086e-04
2.610000000000000000e+02 2.058907077886114345e-04
2.620000000000000000e+02 2.259136877878721778e-04
2.630000000000000000e+02 2.477091048099833745e-04
2.640000000000000000e+02 2.714179092019899887e-04
2.650000000000000000e+02 2.971909393853587448e-04
2.660000000000000000e+02 3.251895174410255533e-04
2.670000000000000000e+02 3.555860741420566098e-04
2.680000000000000000e+02 3.885648045264205696e-04
2.690000000000000000e+02 4.243223551255722128e-04
2.700000000000000000e+02 4.630685439875814537e-04
2.710000000000000000e+02 5.050271146563367402e-04
2.720000000000000000e+02 5.504365252908968937e-04
2.730000000000000000e+02 5.995507741313269847e-04
2.740000000000000000e+02 6.526402625393175555e-04
2.750000000000000000e+02 7.099926968634897662e-04
2.760000000000000000e+02 7.719140304005549669e-04
2.770000000000000000e+02 8.387294467443437472e-04
2.780000000000000000e+02 9.107843858351685968e-04
2.790000000000000000e+02 9.884456140419415476e-04
2.800000000000000000e+02 1.072102339629028150e-03
2.810000000000000000e+02 1.162167374978758088e-03
2.820000000000000000e+02 1.259078346959047277e-03
2.830000000000000000e+02 1.363298956843450160e-03
2.840000000000000000e+02 1.475320291208331771e-03
2.850000000000000000e+02 1.595662185248538376e-03
2.860000000000000000e+02 1.724874639969036904e-03
2.870000000000000000e+02 1.863539294725428301e-03
2.880000000000000000e+02 2.012270956600968174e-03
2.890000000000000000e+02 2.171719188121740748e-03
2.900000000000000000e+02 2.342569954824959191e-03
2.910000000000000000e+02 2.525547334207888742e-03
2.920000000000000000e+02 2.721415287596646616e-03
2.930000000000000000e+02 2.930979496485115830e-03
2.940000000000000000e+02 3.155089264904352604e-03
2.950000000000000000e+02 3.394639489392148411e-03
2.960000000000000000e+02 3.650572698140936052e-03
2.970000000000000000e+02 3.923881160909684605e-03
2.980000000000000000e+02 4.215609071292253721e-03
2.990000000000000000e+02 4.526854802940315226e-03
3.000000000000000000e+02 4.858773241343870494e-03
3.010000000000000000e+02 5.212578192776349401e-03
3.020000000000000000e+02 5.589544872014093856e-03
3.030000000000000000e+02 5.991012470442099759e-03
3.040000000000000000e+02 6.418386806158951977e-03
3.050000000000000000e+02 6.873143057693753381e-03
3.060000000000000000e+02 7.356828582947017199e-03
3.070000000000000000e+02 7.871065824965384206e-03
3.080000000000000000e+02 8.417555306157101583e-03
3.090000000000000000e+02 8.998078712551049047e-03
3.100000000000000000e+02 9.614502069697198131e-03
3.110000000000000000e+02 1.026877901180005097e-02
3.120000000000000000e+02 1.096295414566967642e-02
3.130000000000000000e+02 1.169916651106664082e-02
3.140000000000000000e+02 1.247965313900791136e-02
3.150000000000000000e+02 1.330675270959048861e-02
3.160000000000000000e+02 1.418290931087824031e-02
3.170000000000000000e+02 1.511067630038503973e-02
3.180000000000000000e+02 1.609272027067362720e-02
3.190000000000000000e+02 1.713182512057560142e-02
3.200000000000000000e+02 1.823089623352185454e-02
3.210000000000000000e+02 1.939296476445662859e-02
3.220000000000000000e+02 2.062119203679056018e-02
3.230000000000000000e+02 2.191887405082962662e-02
3.240000000000000000e+02 2.328944610509690524e-02
3.250000000000000000e+02 2.473648753194384112e-02
3.260000000000000000e+02 2.626372654882585395e-02
3.270000000000000000e+02 2.787504522659435199e-02
3.280000000000000000e+02 2.957448457613374299e-02
3.290000000000000000e+02 3.136624975464741283e-02
3.300000000000000000e+02 3.325471539287110784e-02
3.310000000000000000e+02 3.524443104446537550e-02
3.320000000000000000e+02 3.734012675881153570e-02
3.330000000000000000e+02 3.954671877840770094e-02
3.340000000000000000e+02 4.186931536203088861e-02
3.350000000000000000e+02 4.431322273480214902e-02
3.360000000000000000e+02 4.688395116626102588e-02
3.370000000000000000e+02 4.958722117752175501e-02
3.380000000000000000e+02 5.242896987855354130e-02
3.390000000000000000e+02 5.541535743659175423e-02
3.400000000000000000e+02 5.855277367665322891e-02
3.410000000000000000e+02 6.184784481509434523e-02
3.420000000000000000e+02 6.530744032711326141e-02
3.430000000000000000e+02 6.893867994906317798e-02
3.440000000000000000e+02 7.274894081640340127e-02
3.450000000000000000e+02 7.674586473808082954e-02
3.460000000000000000e+02 8.093736560809061675e-02
3.470000000000000000e+02 8.533163695493162226e-02
3.480000000000000000e+02 8.993715962962660349e-02
3.490000000000000000e+02 9.476270963294067262e-02
3.500000000000000000e+02 9.981736608238743480e-02
3.510000000000000000e+02 1.051105193195737975e-01
3.520000000000000000e+02 1.106518791583889633e-01
3.530000000000000000e+02 1.164514832745015133e-01
3.540000000000000000e+02 1.225197057365881165e-01
3.550000000000000000e+02 1.288672656796679972e-01
3.560000000000000000e+02 1.355052361208792244e-01
3.570000000000000000e+02 1.424450529179847047e-01
3.580000000000000000e+02 1.496985238708513910e-01
3.590000000000000000e+02 1.572778379661032289e-01
3.600000000000000000e+02 1.651955747650991901e-01
3.610000000000000000e+02 1.734647139353460432e-01
3.620000000000000000e+02 1.820986449254058948e-01
3.630000000000000000e+02 1.911111767833135466e-01
3.640000000000000000e+02 2.005165481184742471e-01
3.650000000000000000e+02 2.103294372069609841e-01
3.660000000000000000e+02 2.205649722400882529e-01
3.670000000000000000e+02 2.312387417160887693e-01
3.680000000000000000e+02 2.423668049746748321e-01
3.690000000000000000e+02 2.539657028742186018e-01
3.700000000000000000e+02 2.660524686112333836e-01
3.710000000000000000e+02 2.786446386818001719e-01
3.720000000000000000e+02 2.917602639845263135e-01
3.730000000000000000e+02 3.054179210645821541e-01
3.740000000000000000e+02 3.196367234983126804e-01
3.750000000000000000e+02 3.344363334178719893e-01
3.760000000000000000e+02 3.498369731752831169e-01
3.770000000000000000e+02 3.658594371452790206e-01
3.780000000000000000e+02 3.825251036662328241e-01
3.790000000000000000e+02 3.998559471184358616e-01
3.800000000000000000e+02 4.178745501389425909e-01
3.810000000000000000e+02 4.366041159721469889e-01
3.820000000000000000e+02 4.560684809552124630e-01
3.830000000000000000e+02 4.762921271374361831e-01
3.840000000000000000e+02 4.973001950325682263e-01
3.850000000000000000e+02 5.191184965030842813e-01
3.860000000000000000e+02 5.417735277753381595e-01
3.870000000000000000e+02 5.652924825844987122e-01
3.880000000000000000e+02 5.897032654481174641e-01
3.890000000000000000e+02 6.150345050671364167e-01
3.900000000000000000e+02 6.413155678530966242e-01
3.910000000000000000e+02 6.685765715802682863e-01
3.920000000000000000e+02 6.968483991613826367e-01
3.930000000000000000e+02 7.261627125455961673e-01
3.940000000000000000e+02 7.565519667372833101e-01
3.950000000000000000e+02 7.880494239342076268e-01
3.960000000000000000e+02 8.206891677835843613e-01
3.970000000000000000e+02 8.545061177545039133e-01
3.980000000000000000e+02 8.895360436251467107e-01
3.990000000000000000e+02 9.258155800831822102e-01
4.000000000000000000e+02 9.633822414377040122e-01
4.010000000000000000e+02 1.002274436441017880e+00
4.020000000000000000e+02 1.042531483218558375e+00
4.030000000000000000e+02 1.084193624305176185e+00
4.040000000000000000e+02 1.127302041785997799e+00
4.050000000000000000e+02 1.171898872540031444e+00
4.060000000000000000e+02 1.218027223584649432e+00
4.070000000000000000e+02 1.265731187519047118e+00
4.080000000000000000e+02 1.315055858064743344e+00
4.090000000000000000e+02 1.366047345701167037e+00
4.100000000000000000e+02 1.418752793394304268e+00
4.110000000000000000e+02 1.473220392416408453e+00
4.120000000000000000e+02 1.529499398254688058e+00
4.130000000000000000e+02 1.587640146606895897e+00
4.140000000000000000e+02 1.647694069461682398e+00
4.150000000000000000e+02 1.709713711261583891e+00
4.160000000000000000e+02 1.773752745146452536e+00
4.170000000000000000e+02 1.839865989275133229e+00
4.180000000000000000e+02 1.908109423223157908e+00
4.190000000000000000e+02 1.978540204454185769e+00
4.200000000000000000e+02 2.051216684862939399e+00
4.210000000000000000e+02 2.126198427387294032e+00
4.220000000000000000e+02 2.203546222687226219e+00
4.230000000000000000e+02 2.283322105888251130e+00
4.240000000000000000e+02 2.365589373386984828e+00
4.250000000000000000e+02 2.450412599716436546e+00
4.260000000000000000e+02 2.537857654468619106e+00
4.270000000000000000e+02 2.627991719272046112e+00
4.280000000000000000e+02 2.720883304821667625e+00
4.290000000000000000e+02 2.816602267958765005e+00
4.300000000000000000e+02 2.915219828798343293e+00
4.310000000000000000e+02 3.016808587901498750e+00
4.320000000000000000e+02 3.121442543490253296e+00
4.330000000000000000e+02 3.229197108702333008e+00
4.340000000000000000e+02 3.340149128883330931e+00
4.350000000000000000e+02 3.454376898913720240e+00
4.360000000000000000e+02 3.571960180568127363e+00
4.370000000000000000e+02 3.692980219904299588e+00
4.380000000000000000e+02 3.817519764679166538e+00
4.390000000000000000e+02 3.945663081789419380e+00
4.400000000000000000e+02 4.077495974733963635e+00
4.410000000000000000e+02 4.213105801095660574e+00
4.420000000000000000e+02 4.352581490039723278e+00
4.430000000000000000e+02 4.496013559826129935e+00
4.440000000000000000e+02 4.643494135333436468e+00
4.450000000000000000e+02 4.795116965591337710e+00
4.460000000000000000e+02 4.950977441319327710e+00
4.470000000000000000e+02 5.111172612468825704e+00
4.480000000000000000e+02 5.275801205766113000e+00
4.490000000000000000e+02 5.444963642253430436e+00
4.500000000000000000e+02 5.618762054825576335e+00
4.510000000000000000e+02 5.797300305759353733e+00
4.520000000000000000e+02 5.980684004233245865e+00
4.530000000000000000e+02 6.169020523834604752e+00
4.540000000000000000e+02 6.362419020051794050e+00
4.550000000000000000e+02 6.560990447748528354e+00
4.560000000000000000e+02 6.764847578617880330e+00
4.570000000000000000e+02 6.974105018613234286e+00
4.580000000000000000e+02 7.188879225353602465e+00
4.590000000000000000e+02 7.409288525500640432e+00
4.600000000000000000e+02 7.635453132104765395e+00
4.610000000000000000e+02 7.867495161917743118e+00
4.620000000000000000e+02 8.105538652669181943e+00
4.630000000000000000e+02 8.349709580304248036e+00
4.640000000000000000e+02 8.600135876180084793e+00
4.650000000000000000e+02 8.856947444218370435e+00
4.660000000000000000e+02 9.120276178011335944e+00
4.670000000000000000e+02 9.390255977878826599e+00
4.680000000000000000e+02 9.667022767873746147e+00
4.690000000000000000e+02 9.950714512733371819e+00
4.700000000000000000e+02 1.024147123477409416e+01
4.710000000000000000e+02 1.053943503072694909e+01
4.720000000000000000e+02 1.084475008851153888e+01
4.730000000000000000e+02 1.115756270394583716e+01
4.740000000000000000e+02 1.147802129738933452e+01
4.750000000000000000e+02 1.180627643031722407e+01
4.760000000000000000e+02 1.214248082182305666e+01
4.770000000000000000e+02 1.248678936504747661e+01
4.780000000000000000e+02 1.283935914353070906e+01
4.790000000000000000e+02 1.320034944748630856e+01
4.800000000000000000e+02 1.356992178999384890e+01
4.810000000000000000e+02 1.394823992310825744e+01
4.820000000000000000e+02 1.433546985388332651e+01
4.830000000000000000e+02 1.473177986030727027e+01
4.840000000000000000e+02 1.513734050714788104e+01
4.850000000000000000e+02 1.555232466170507521e+01
4.860000000000000000e+02 1.597690750946862970e+01
4.870000000000000000e+02 1.641126656967878006e+01
4.880000000000000000e+02 1.685558171078754697e+01
4.890000000000000000e+02 1.731003516581857227e+01
4.900000000000000000e+02 1.777481154762335436e+01
4.910000000000000000e+02 1.825009786403160561e+01
4.920000000000000000e+02 1.873608353289384354e+01
4.930000000000000000e+02 1.923296039701383364e+01
4.940000000000000000e+02 1.974092273896914662e+01
4.950000000000000000e+02 2.026016729581742482e+01
4.960000000000000000e+02 2.079089327368667739e+01
4.970000000000000000e+02 2.133330236224733767e+01
4.980000000000000000e+02 2.188759874906428848e+01
4.990000000000000000e+02 2.245398913382678785e+01
5.000000000000000000e+02 2.303268274245451863e+01
5.010000000000000000e+02 2.362389134107768740e+01
5.020000000000000000e+02 2.422782924988943165e+01
5.030000000000000000e+02 2.484471335686873417e+01
5.040000000000000000e+02 2.547476313137174486e+01
5.050000000000000000e+02 2.611820063759022048e+01
5.060000000000000000e+02 2.677525054787479775e+01
5.070000000000000000e+02 2.744614015592167888e+01
5.080000000000000000e+02 2.813109938982099933e+01
5.090000000000000000e+02 2.883036082496504449e+01
5.100000000000000000e+02 2.954415969681485166e+01
5.110000000000000000e+02 3.027273391352341037e+01
5.120000000000000000e+02 3.101632406841400069e+01
5.130000000000000000e+02 3.177517345231205681e+01
5.140000000000000000e+02 3.254952806572889301e+01
5.150000000000000000e+02 3.333963663089609497e+01
5.160000000000000000e+02 3.414575060364869330e+01
5.170000000000000000e+02 3.496812418515600740e+01
5.180000000000000000e+02 3.580701433349857865e+01
5.190000000000000000e+02 3.666268077508976120e+01
5.200000000000000000e+02 3.753538601594078727e+01
5.210000000000000000e+02 3.842539535276770124e+01
5.220000000000000000e+02 3.933297688393919600e+01
5.230000000000000000e+02 4.025840152026373886e+01
5.240000000000000000e+02 4.120194299561491391e+01
5.250000000000000000e+02 4.216387787739385118e+01
5.260000000000000000e+02 4.314448557682731433e+01
5.270000000000000000e+02 4.414404835910052327e+01
5.280000000000000000e+02 4.516285135332339706e+01
5.290000000000000000e+02 4.620118256232926512e+01
5.300000000000000000e+02 4.725933287230483870e+01
5.310000000000000000e+02 4.833759606225067529e+01
5.320000000000000000e+02 4.943626881327060829e+01
5.330000000000000000e+02 5.055565071768975827e+01
5.340000000000000000e+02 5.169604428799978280e+01
5.350000000000000000e+02 5.285775496563065445e+01
5.360000000000000000e+02 5.404109112954777316e+01
5.370000000000000000e+02 5.524636410467400793e+01
5.380000000000000000e+02 5.647388817013541740e+01
5.390000000000000000e+02 5.772398056733009497e+01
5.400000000000000000e+02 5.899696150781922910e+01
5.410000000000000000e+02 6.029315418103976754e+01
5.420000000000000000e+02 6.161288476183767671e+01
5.430000000000000000e+02 6.295648241782182453e+01
5.440000000000000000e+02 6.432427931653656117e+01
5.450000000000000000e+02 6.571661063245376511e+01
5.460000000000000000e+02 6.713381455378292628e+01
5.470000000000000000e+02 6.857623228909878321e+01
5.480000000000000000e+02 7.004420807378619429e+01
5.490000000000000000e+02 7.153808917630156827e+01
5.500000000000000000e+02 7.305822590425030683e+01
5.510000000000000000e+02 7.460497161028018809e+01
5.520000000000000000e+02 7.617868269778951174e+01
5.530000000000000000e+02 7.777971862645067347e+01
5.540000000000000000e+02 7.940844191754746362e+01
5.550000000000000000e+02 8.106521815912718409e+01
5.560000000000000000e+02 8.275041601096577892e+01
5.570000000000000000e+02 8.446440720934724311e+01
5.580000000000000000e+02 8.620756657165554770e+01
5.590000000000000000e+02 8.798027200078006160e+01
5.600000000000000000e+02 8.978290448933337586e+01
5.610000000000000000e+02 9.161584812368175790e+01
5.620000000000000000e+02 9.347949008778816449e+01
5.630000000000000000e+02 9.537422066686755784e+01
5.640000000000000000e+02 9.730043325085399886e+01
5.650000000000000000e+02 9.925852433768048400e+01
5.660000000000000000e+02 1.012488935363700904e+02
5.670000000000000000e+02 1.032719435699395660e+02
5.680000000000000000e+02 1.053280802781148964e+02
5.690000000000000000e+02 1.074177126198587189e+02
5.700000000000000000e+02 1.095412526757098703e+02
5.710000000000000000e+02 1.116991156499349671e+02
5.720000000000000000e+02 1.138917198724922173e+02
5.730000000000000000e+02 1.161194868008079339e+02
5.740000000000000000e+02 1.183828410213648112e+02
5.750000000000000000e+02 1.206822102511034132e+02
5.760000000000000000e+02 1.230180253386360221e+02
5.770000000000000000e+02 1.253907202652742399e+02
5.780000000000000000e+02 1.278007321458687926e+02
5.790000000000000000e+02 1.302485012294638125e+02
5.800000000000000000e+02 1.327344708997644034e+02
5.810000000000000000e+02 1.352590876754183284e+02
5.820000000000000000e+02 1.378228012101124307e+02
5.830000000000000000e+02 1.404260642924831473e+02
5.840000000000000000e+02 1.430693328458432632e+02
5.850000000000000000e+02 1.457530659277226164e+02
5.860000000000000000e+02 1.484777257292264778e+02
5.870000000000000000e+02 1.512437775742087069e+02
5.880000000000000000e+02 1.540516899182626958e+02
5.890000000000000000e+02 1.569019343475291919e+02
5.900000000000000000e+02 1.597949855773220804e+02
5.910000000000000000e+02 1.627313214505720964e+02
5.920000000000000000e+02 1.657114229360895763e+02
5.930000000000000000e+02 1.687357741266464188e+02
5.940000000000000000e+02 1.718048622368784493e+02
5.950000000000000000e+02 1.749191776010071351e+02
5.960000000000000000e+02 1.780792136703837798e+02
5.970000000000000000e+02 1.812854670108542336e+02
5.980000000000000000e+02 1.845384372999468781e+02
5.990000000000000000e+02 1.878386273238827471e+02
6.000000000000000000e+02 1.911865429744103153e+02
6.010000000000000000e+02 1.945826932454638154e+02
6.020000000000000000e+02 1.980275902296472168e+02
6.030000000000000000e+02 2.015217491145434110e+02
6.040000000000000000e+02 2.050656881788507349e+02
6.050000000000000000e+02 2.086599287883460079e+02
6.060000000000000000e+02 2.123049953916763855e+02
6.070000000000000000e+02 2.160014155159794029e+02
6.080000000000000000e+02 2.197497197623333136e+02
6.090000000000000000e+02 2.235504418010373513e+02
6.100000000000000000e+02 2.274041183667236226e+02
6.110000000000000000e+02 2.313112892533016804e+02
6.120000000000000000e+02 2.352724973087348701e+02
6.130000000000000000e+02 2.392882884296520558e+02
6.140000000000000000e+02 2.433592115557926832e+02
6.150000000000000000e+02 2.474858186642891269e+02
6.160000000000000000e+02 2.516686647637845056e+02
6.170000000000000000e+02 2.559083078883882365e+02
6.180000000000000000e+02 2.602053090914709514e+02
6.190000000000000000e+02 2.645602324392973514e+02
6.200000000000000000e+02 2.689736450045009519e+02
6.210000000000000000e+02 2.734461168593997513e+02
6.220000000000000000e+02 2.779782210691537898e+02
6.230000000000000000e+02 2.825705336847669287e+02
6.240000000000000000e+02 2.872236337359321965e+02
6.250000000000000000e+02 2.919381032237236582e+02
6.260000000000000000e+02 2.967145271131336699e+02
6.270000000000000000e+02 3.015534933254584757e+02
6.280000000000000000e+02 3.064555927305316914e+02
6.290000000000000000e+02 3.114214191388085737e+02
6.300000000000000000e+02 3.164515692932989737e+02
6.310000000000000000e+02 3.215466428613551102e+02
6.320000000000000000e+02 3.267072424263087100e+02
6.330000000000000000e+02 3.319339734789658678e+02
6.340000000000000000e+02 3.372274444089536019e+02
6.350000000000000000e+02 3.425882664959250405e+02
6.360000000000000000e+02 3.480170539006209651e+02
6.370000000000000000e+02 3.535144236557902673e+02
6.380000000000000000e+02 3.590809956569691508e+02
6.390000000000000000e+02 3.647173926531235679e+02
6.400000000000000000e+02 3.704242402371496041e+02
6.410000000000000000e+02 3.762021668362412470e+02
6.420000000000000000e+02 3.820518037021199120e+02
6.430000000000000000e+02 3.879737849011296476e+02
6.440000000000000000e+02 3.939687473042002921e+02
6.450000000000000000e+02 4.000373305766771637e+02
6.460000000000000000e+02 4.061801771680208049e+02
6.470000000000000000e+02 4.123979323013762155e+02
6.480000000000000000e+02 4.186912439630137897e+02
6.490000000000000000e+02 4.250607628916438330e+02
6.500000000000000000e+02 4.315071425676042622e+02
6.510000000000000000e+02 4.380310392019220558e+02
6.520000000000000000e+02 4.446331117252543095e+02
6.530000000000000000e+02 4.513140217767044646e+02
6.540000000000000000e+02 4.580744336925178004e+02
6.550000000000000000e+02 4.649150144946576120e+02
6.560000000000000000e+02 4.718364338792625858e+02
6.570000000000000000e+02 4.788393642049858840e+02
6.580000000000000000e+02 4.859244804812199732e+02
6.590000000000000000e+02 4.930924603562047537e+02
6.600000000000000000e+02 5.003439841050225141e+02
6.610000000000000000e+02 5.076797346174814152e+02
6.620000000000000000e+02 5.151003973858865947e+02
6.630000000000000000e+02 5.226066604927023036e+02
6.640000000000000000e+02 5.301992145981055273e+02
6.650000000000000000e+02 5.378787529274322878e+02
6.660000000000000000e+02 5.456459712585166244e+02
6.670000000000000000e+02 5.535015679089268588e+02
6.680000000000000000e+02 5.614462437230971545e+02
6.690000000000000000e+02 5.694807020593575544e+02
6.700000000000000000e+02 5.776056487768623811e+02
6.710000000000000000e+02 5.858217922224201857e+02
6.720000000000000000e+02 5.941298432172238790e+02
6.730000000000000000e+02 6.025305150434849111e+02
6.740000000000000000e+02 6.110245234309714988e+02
6.750000000000000000e+02 6.196125865434526077e+02
6.760000000000000000e+02 6.282954249650466636e+02
6.770000000000000000e+02 6.370737616864838628e+02
6.780000000000000000e+02 6.459483220912700290e+02
6.790000000000000000e+02 6.549198339417672514e+02
6.800000000000000000e+02 6.639890273651843700e+02
6.810000000000000000e+02 6.731566348394810575e+02
6.820000000000000000e+02 6.824233911791851597e+02
6.830000000000000000e+02 6.917900335211279526e+02
6.840000000000000000e+02 7.012573013100942489e+02
6.850000000000000000e+02 7.108259362843934923e+02
6.860000000000000000e+02 7.204966824613472909e+02
6.870000000000000000e+02 7.302702861227005542e+02
6.880000000000000000e+02 7.401474957999535036e+02
6.890000000000000000e+02 7.501290622596186495e+02
6.900000000000000000e+02 7.602157384883993245e+02
6.910000000000000000e+02 7.704082796782969353e+02
6.920000000000000000e+02 7.807074432116457956e+02
6.930000000000000000e+02 7.911139886460751995e+02
6.940000000000000000e+02 8.016286776993996455e+02
6.950000000000000000e+02 8.122522742344449398e+02
6.960000000000000000e+02 8.229855442438014279e+02
6.970000000000000000e+02 8.338292558345157204e+02
6.980000000000000000e+02 8.447841792127104554e+02
6.990000000000000000e+02 8.558510866681484686e+02
7.000000000000000000e+02 8.670307525587292048e+02
7.010000000000000000e+02 8.783239532949218074e+02
7.020000000000000000e+02 8.897314673241446599e+02
7.030000000000000000e+02 9.012540751150803544e+02
7.040000000000000000e+02 9.128925591419338161e+02
7.050000000000000000e+02 9.246477038686360856e+02
7.060000000000000000e+02 9.365202957329919400e+02
7.070000000000000000e+02 9.485111231307721482e+02
7.080000000000000000e+02 9.606209763997528626e+02
7.090000000000000000e+02 9.728506478037070337e+02
7.100000000000000000e+02 9.852009315163409156e+02
7.110000000000000000e+02 9.976726236051816841e+02
7.120000000000000000e+02 1.010266522015422652e+03
7.130000000000000000e+02 1.022983426553713343e+03
7.140000000000000000e+02 1.035824138871910463e+03
7.150000000000000000e+02 1.048789462450780775e+03
7.160000000000000000e+02 1.061880202583662822e+03
7.170000000000000000e+02 1.075097166360086931e+03
7.180000000000000000e+02 1.088441162649349053e+03
7.190000000000000000e+02 1.101913002084052778e+03
7.200000000000000000e+02 1.115513497043608595e+03
7.210000000000000000e+02 1.129243461637693372e+03
7.220000000000000000e+02 1.143103711689678448e+03
7.230000000000000000e+02 1.157095064720019764e+03
7.240000000000000000e+02 1.171218339929615922e+03
7.250000000000000000e+02 1.185474358183127606e+03
7.260000000000000000e+02 1.199863941992274931e+03
7.270000000000000000e+02 1.214387915499096835e+03
7.280000000000000000e+02 1.229047104459182492e+03
7.290000000000000000e+02 1.243842336224874543e+03
7.300000000000000000e+02 1.258774439728448215e+03
7.310000000000000000e+02 1.273844245465258837e+03
7.320000000000000000e+02 1.289052585476867534e+03
7.330000000000000000e+02 1.304400293334143498e+03
7.340000000000000000e+02 1.319888204120340106e+03
7.350000000000000000e+02 1.335517154414154220e+03
7.360000000000000000e+02 1.351287982272759564e+03
7.370000000000000000e+02 1.367201527214823955e+03
7.380000000000000000e+02 1.383258630203504481e+03
7.390000000000000000e+02 1.399460133629431311e+03
7.400000000000000000e+02 1.415806881293667402e+03
7.410000000000000000e+02 1.432299718390657063e+03
7.420000000000000000e+02 1.448939491491158606e+03
7.430000000000000000e+02 1.465727048525168357e+03
7.440000000000000000e+02 1.482663238764821699e+03
7.450000000000000000e+02 1.499748912807292527e+03
7.460000000000000000e+02 1.516984922557682012e+03
7.470000000000000000e+02 1.534372121211886679e+03
7.480000000000000000e+02 1.551911363239474213e+03
7.490000000000000000e+02 1.569603504366540392e+03
7.500000000000000000e+02 1.587449401558561249e+03
7.510000000000000000e+02 1.605449913003245911e+03
7.520000000000000000e+02 1.623605898093377618e+03
7.530000000000000000e+02 1.641918217409655881e+03
7.540000000000000000e+02 1.660387732703531583e+03
7.550000000000000000e+02 1.679015306880049366e+03
7.560000000000000000e+02 1.697801803980674094e+03
7.570000000000000000e+02 1.716748089166135060e+03
7.580000000000000000e+02 1.735855028699259947e+03
7.590000000000000000e+02 1.755123489927811534e+03
7.600000000000000000e+02 1.774554341267334394e+03
7.610000000000000000e+02 1.794148452183996142e+03
7.620000000000000000e+02 1.813906693177442321e+03
7.630000000000000000e+02 1.833829935763650383e+03
7.640000000000000000e+02 1.853919052457792532e+03
7.650000000000000000e+02 1.874174916757110395e+03
7.660000000000000000e+02 1.894598403123785602e+03
7.670000000000000000e+02 1.915190386967836048e+03
7.680000000000000000e+02 1.935951744630009671e+03
7.690000000000000000e+02 1.956883353364693676e+03
7.700000000000000000e+02 1.977986091322837183e+03
7.710000000000000000e+02 1.999260837534881375e+03
7.720000000000000000e+02 2.020708471893706701e+03
7.730000000000000000e+02 2.042329875137597128e+03
7.740000000000000000e+02 2.064125928833210764e+03
7.750000000000000000e+02 2.086097515358573673e+03
7.760000000000000000e+02 2.108245517886090965e+03
7.770000000000000000e+02 2.130570820365566760e+03
7.780000000000000000e+02 2.153074307507250523e+03
7.790000000000000000e+02 2.175756864764902275e+03
7.800000000000000000e+02 2.198619378318871895e+03
7.810000000000000000e+02 2.221662735059201623e+03
7.820000000000000000e+02 2.244887822568754018e+03
7.830000000000000000e+02 2.268295529106352205e+03
7.840000000000000000e+02 2.291886743589954222e+03
7.850000000000000000e+02 2.315662355579844643e+03
7.860000000000000000e+02 2.339623255261848044e+03
7.870000000000000000e+02 2.363770333430572464e+03
7.880000000000000000e+02 2.388104481472676980e+03
7.890000000000000000e+02 2.412626591350164290e+03
7.900000000000000000e+02 2.437337555583700123e+03
7.910000000000000000e+02 2.462238267235963121e+03
7.920000000000000000e+02 2.487329619895024280e+03
7.930000000000000000e+02 2.512612507657743208e+03
7.940000000000000000e+02 2.538087825113213512e+03
7.950000000000000000e+02 2.563756467326223174e+03
7.960000000000000000e+02 2.589619329820749954e+03
7.970000000000000000e+02 2.615677308563497263e+03
7.980000000000000000e+02 2.641931299947446860e+03
7.990000000000000000e+02 2.668382200775455658e+03
8.000000000000000000e+02 2.695030908243885733e+03
8.010000000000000000e+02 2.721878319926260247e+03
8.020000000000000000e+02 2.748925333756964847e+03
8.030000000000000000e+02 2.776172848014977717e+03
8.040000000000000000e+02 2.803621761307637826e+03
8.050000000000000000e+02 2.831272972554447279e+03
8.060000000000000000e+02 2.859127380970917329e+03
8.070000000000000000e+02 2.887185886052441674e+03
8.080000000000000000e+02 2.915449387558222043e+03
8.090000000000000000e+02 2.943918785495216525e+03
8.100000000000000000e+02 2.972594980102141562e+03
8.110000000000000000e+02 3.001478871833506673e+03
8.120000000000000000e+02 3.030571361343689659e+03
8.130000000000000000e+02 3.059873349471056827e+03
8.140000000000000000e+02 3.089385737222122316e+03
8.150000000000000000e+02 3.119109425755744724e+03
8.160000000000000000e+02 3.149045316367378746e+03
8.170000000000000000e+02 3.179194310473358200e+03
8.180000000000000000e+02 3.209557309595225433e+03
8.190000000000000000e+02 3.240135215344111657e+03
8.200000000000000000e+02 3.270928929405153667e+03
8.210000000000000000e+02 3.301939353521956946e+03
8.220000000000000000e+02 3.333167389481111968e+03
8.230000000000000000e+02 3.364613939096742797e+03
8.240000000000000000e+02 3.396279904195120253e+03
8.250000000000000000e+02 3.428166186599303273e+03
8.260000000000000000e+02 3.460273688113838944e+03
8.270000000000000000e+02 3.492603310509511630e+03
8.280000000000000000e+02 3.525155955508132138e+03
8.290000000000000000e+02 3.557932524767382802e+03
8.300000000000000000e+02 3.590933919865708503e+03
8.310000000000000000e+02 3.624161042287257260e+03
8.320000000000000000e+02 3.657614793406873105e+03
8.330000000000000000e+02 3.691296074475135356e+03
8.340000000000000000e+02 3.725205786603452907e+03
8.350000000000000000e+02 3.759344830749208086e+03
8.360000000000000000e+02 3.793714107700949626e+03
8.370000000000000000e+02 3.828314518063644755e+03
8.380000000000000000e+02 3.863146962243967664e+03
8.390000000000000000e+02 3.898212340435670285e+03
8.400000000000000000e+02 3.933511552604964891e+03
8.410000000000000000e+02 3.969045498476001285e+03
8.420000000000000000e+02 4.004815077516369001e+03
8.430000000000000000e+02 4.040821188922668625e+03
8.440000000000000000e+02 4.077064731606129044e+03
8.450000000000000000e+02 4.113546604178283815e+03
8.460000000000000000e+02 4.150267704936703922e+03
8.470000000000000000e+02 4.187228931850782828e+03
8.480000000000000000e+02 4.224431182547577919e+03
8.490000000000000000e+02 4.261875354297708327e+03
8.500000000000000000e+02 4.299562344001305064e+03
8.510000000000000000e+02 4.337493048174032992e+03
8.520000000000000000e+02 4.375668362933146454e+03
8.530000000000000000e+02 4.414089183983619478e+03
8.540000000000000000e+02 4.452756406604327822e+03
8.550000000000000000e+02 4.491670925634287414e+03
8.560000000000000000e+02 4.530833635458957360e+03
8.570000000000000000e+02 4.570245429996586608e+03
8.580000000000000000e+02 4.609907202684639742e+03
8.590000000000000000e+02 4.649819846466262788e+03
8.600000000000000000e+02 4.689984253776819060e+03
8.610000000000000000e+02 4.730401316530477743e+03
8.620000000000000000e+02 4.771071926106875253e+03
8.630000000000000000e+02 4.811996973337810232e+03
8.640000000000000000e+02 4.853177348494029502e+03
8.650000000000000000e+02 4.894613941272050397e+03
8.660000000000000000e+02 4.936307640781057671e+03
8.670000000000000000e+02 4.978259335529845885e+03
8.680000000000000000e+02 5.020469913413848190e+03
8.690000000000000000e+02 5.062940261702197859e+03
8.700000000000000000e+02 5.105671267024866211e+03
8.710000000000000000e+02 5.148663815359861474e+03
8.720000000000000000e+02 5.191918792020484034e+03
8.730000000000000000e+02 5.235437081642649900e+03
8.740000000000000000e+02 5.279219568172266918e+03
8.750000000000000000e+02 5.323267134852681011e+03
8.760000000000000000e+02 5.367580664212187003e+03
8.770000000000000000e+02 5.412161038051591277e+03
8.780000000000000000e+02 5.457009137431839008e+03
8.790000000000000000e+02 5.502125842661720526e+03
8.800000000000000000e+02 5.547512033285615871e+03
8.810000000000000000e+02 5.593168588071314844e+03
8.820000000000000000e+02 5.639096384997905261e+03
8.830000000000000000e+02 5.685296301243724884e+03
8.840000000000000000e+02 5.731769213174347897e+03
8.850000000000000000e+02 5.778515996330685994e+03
8.860000000000000000e+02 5.825537525417095821e+03
8.870000000000000000e+02 5.872834674289602845e+03
8.880000000000000000e+02 5.920408315944152491e+03
8.890000000000000000e+02 5.968259322504943157e+03
8.900000000000000000e+02 6.016388565212813774e+03
8.910000000000000000e+02 6.064796914413699596e+03
8.920000000000000000e+02 6.113485239547158926e+03
8.930000000000000000e+02 6.162454409134945308e+03
8.940000000000000000e+02 6.211705290769673411e+03
8.950000000000000000e+02 6.261238751103514005e+03
8.960000000000000000e+02 6.311055655836983533e+03
8.970000000000000000e+02 6.361156869707780970e+03
8.980000000000000000e+02 6.411543256479698357e+03
8.990000000000000000e+02 6.462215678931592265e+03
9.000000000000000000e+02 6.513174998846413473e+03
9.010000000000000000e+02 6.564422077000316676e+03
9.020000000000000000e+02 6.615957773151824767e+03
9.030000000000000000e+02 6.667782946031054962e+03
9.040000000000000000e+02 6.719898453329022232e+03
9.050000000000000000e+02 6.772305151686991849e+03
9.060000000000000000e+02 6.825003896685915606e+03
9.070000000000000000e+02 6.877995542835916240e+03
9.080000000000000000e+02 6.931280943565840062e+03
9.090000000000000000e+02 6.984860951212891450e+03
9.100000000000000000e+02 7.038736417012306447e+03
9.110000000000000000e+02 7.092908191087110026e+03
9.120000000000000000e+02 7.147377122437932485e+03
9.130000000000000000e+02 7.202144058932891312e+03
9.140000000000000000e+02 7.257209847297539454e+03
9.150000000000000000e+02 7.312575333104876336e+03
9.160000000000000000e+02 7.368241360765427999e+03
9.170000000000000000e+02 7.424208773517383634e+03
9.180000000000000000e+02 7.480478413416809417e+03
9.190000000000000000e+02 7.537051121327924193e+03
9.200000000000000000e+02 7.593927736913427907e+03
9.210000000000000000e+02 7.651109098624909166e+03
9.220000000000000000e+02 7.708596043693321917e+03
9.230000000000000000e+02 7.766389408119515792e+03
9.240000000000000000e+02 7.824490026664806464e+03
9.250000000000000000e+02 7.882898732841697893e+03
9.260000000000000000e+02 7.941616358904558183e+03
9.270000000000000000e+02 8.000643735840428235e+03
9.280000000000000000e+02 8.059981693359898600e+03
9.290000000000000000e+02 8.119631059888008167e+03
9.300000000000000000e+02 8.179592662555240167e+03
9.310000000000000000e+02 8.239867327188587296e+03
9.320000000000000000e+02 8.300455878302651399e+03
9.330000000000000000e+02 8.361359139090836834e+03
9.340000000000000000e+02 8.422577931416592037e+03
9.350000000000000000e+02 8.484113075804722030e+03
9.360000000000000000e+02 8.545965391432771867e+03
9.370000000000000000e+02 8.608135696122457375e+03
9.380000000000000000e+02 8.670624806331168656e+03
9.390000000000000000e+02 8.733433537143546346e+03
9.400000000000000000e+02 8.796562702263110623e+03
9.410000000000000000e+02 8.860013114003964802e+03
9.420000000000000000e+02 8.923785583282546213e+03
9.430000000000000000e+02 8.987880919609448028e+03
9.440000000000000000e+02 9.052299931081335671e+03
9.450000000000000000e+02 9.117043424372870504e+03
9.460000000000000000e+02 9.182112204728737197e+03
9.470000000000000000e+02 9.247507075955716573e+03
9.480000000000000000e+02 9.313228840414851220e+03
9.490000000000000000e+02 9.379278299013625656e+03
9.500000000000000000e+02 9.445656251198253813e+03
9.510000000000000000e+02 9.512363494946004721e+03
9.520000000000000000e+02 9.579400826757602772e+03
9.530000000000000000e+02 9.646769041649689825e+03
9.540000000000000000e+02 9.714468933147340067e+03
9.550000000000000000e+02 9.782501293276654906e+03
9.560000000000000000e+02 9.850866912557399701e+03
9.570000000000000000e+02 9.919566579995722350e+03
9.580000000000000000e+02 9.988601083076937357e+03
9.590000000000000000e+02 1.005797120775832627e+04
9.600000000000000000e+02 1.012767773846207820e+04
9.610000000000000000e+02 1.019772145806821936e+04
9.620000000000000000e+02 1.026810314790764460e+04
9.630000000000000000e+02 1.033882358775520152e+04
9.640000000000000000e+02 1.040988355582283839e+04
9.650000000000000000e+02 1.048128382875279749e+04
9.660000000000000000e+02 1.055302518161090666e+04
9.670000000000000000e+02 1.062510838787988541e+04
9.680000000000000000e+02 1.069753421945274567e+04
9.690000000000000000e+02 1.077030344662624702e+04
9.700000000000000000e+02 1.084341683809440110e+04
9.710000000000000000e+02 1.091687516094205239e+04
9.720000000000000000e+02 1.099067918063849902e+04
9.730000000000000000e+02 1.106482966103121362e+04
9.740000000000000000e+02 1.113932736433956597e+04
9.750000000000000000e+02 1.121417305114865303e+04
9.760000000000000000e+02 1.128936748040318889e+04
9.770000000000000000e+02 1.136491140940140031e+04
9.780000000000000000e+02 1.144080559378906219e+04
9.790000000000000000e+02 1.151705078755352406e+04
9.800000000000000000e+02 1.159364774301783655e+04
9.810000000000000000e+02 1.167059721083491786e+04
9.820000000000000000e+02 1.174789993998179307e+04
9.830000000000000000e+02 1.182555667775387155e+04
9.840000000000000000e+02 1.190356816975930815e+04
9.850000000000000000e+02 1.198193515991340064e+04
9.860000000000000000e+02 1.206065839043307642e+04
9.870000000000000000e+02 1.213973860183138095e+04
9.880000000000000000e+02 1.221917653291209535e+04
9.890000000000000000e+02 1.229897292076435770e+04
9.900000000000000000e+02 1.237912850075737515e+04
9.910000000000000000e+02 1.245964400653515440e+04
9.920000000000000000e+02 1.254052017001135027e+04
9.930000000000000000e+02 1.262175772136409978e+04
9.940000000000000000e+02 1.270335738903098354e+04
9.950000000000000000e+02 1.278531989970397808e+04
9.960000000000000000e+02 1.286764597832452455e+04
9.970000000000000000e+02 1.295033634807860290e+04
9.980000000000000000e+02 1.303339173039190428e+04
9.990000000000000000e+02 1.311681284492503619e+04
