# BB temperature (K); Intensity through filter (ph/s/m^2/mas^2)
1.000000000000000000e+01 0.000000000000000000e+00
1.100000000000000000e+01 0.000000000000000000e+00
1.200000000000000000e+01 0.000000000000000000e+00
1.300000000000000000e+01 0.000000000000000000e+00
1.400000000000000000e+01 0.000000000000000000e+00
1.500000000000000000e+01 0.000000000000000000e+00
1.600000000000000000e+01 0.000000000000000000e+00
1.700000000000000000e+01 0.000000000000000000e+00
1.800000000000000000e+01 0.000000000000000000e+00
1.900000000000000000e+01 0.000000000000000000e+00
2.000000000000000000e+01 0.000000000000000000e+00
2.100000000000000000e+01 3.658876584242256051e-111
2.200000000000000000e+01 4.801498779526894032e-106
2.300000000000000000e+01 2.263773636449779819e-101
2.400000000000000000e+01 4.357723563009917712e-97
2.500000000000000000e+01 3.813432284244718194e-93
2.600000000000000000e+01 1.661442061715049410e-89
2.700000000000000000e+01 3.894061786991014273e-86
2.800000000000000000e+01 5.246880163041662098e-83
2.900000000000000000e+01 4.303648964609604701e-80
3.000000000000000000e+01 2.258154191645094149e-77
3.100000000000000000e+01 7.914368452849057522e-75
3.200000000000000000e+01 1.924176871825685007e-72
3.300000000000000000e+01 3.354828713307975352e-70
3.400000000000000000e+01 4.319424474350240188e-68
3.500000000000000000e+01 4.214930823902055369e-66
3.600000000000000000e+01 3.189996602096437147e-64
3.700000000000000000e+01 1.911471842273576002e-62
3.800000000000000000e+01 9.236879533832913330e-61
3.900000000000000000e+01 3.659685622979618709e-59
4.000000000000000000e+01 1.206665822730556085e-57
4.100000000000000000e+01 3.355739708338206230e-56
4.200000000000000000e+01 7.967563502206531660e-55
4.300000000000000000e+01 1.632999486858236986e-53
4.400000000000000000e+01 2.918246974735024088e-52
4.500000000000000000e+01 4.588799342903834544e-51
4.600000000000000000e+01 6.402329127541591989e-50
4.700000000000000000e+01 7.986411683320494027e-49
4.800000000000000000e+01 8.969682699757374006e-48
4.900000000000000000e+01 9.128581232230391053e-47
5.000000000000000000e+01 8.468303425778733236e-46
5.100000000000000000e+01 7.199815989435206671e-45
5.200000000000000000e+01 5.638471003313653355e-44
5.300000000000000000e+01 4.086341882083667583e-43
5.400000000000000000e+01 2.752392873814211109e-42
5.500000000000000000e+01 1.729902612250733823e-41
5.600000000000000000e+01 1.018304773971430688e-40
5.700000000000000000e+01 5.633461211803056832e-40
5.800000000000000000e+01 2.938377512023090554e-39
5.900000000000000000e+01 1.449350962249865699e-38
6.000000000000000000e+01 6.779311732181730659e-38
6.100000000000000000e+01 3.014925854740158535e-37
6.200000000000000000e+01 1.277928405909470979e-36
6.300000000000000000e+01 5.174493835732856102e-36
6.400000000000000000e+01 2.005816901125886453e-35
6.500000000000000000e+01 7.458476442602339610e-35
6.600000000000000000e+01 2.665415009228488309e-34
6.700000000000000000e+01 9.170793948175984849e-34
6.800000000000000000e+01 3.043004209361294767e-33
6.900000000000000000e+01 9.752944619321249631e-33
7.000000000000000000e+01 3.023789456692151515e-32
7.100000000000000000e+01 9.081521227962052104e-32
7.200000000000000000e+01 2.645646412994603496e-31
7.300000000000000000e+01 7.485391858351759664e-31
7.400000000000000000e+01 2.059305885228984951e-30
7.500000000000000000e+01 5.514896925345509000e-30
7.600000000000000000e+01 1.439213411216060086e-29
7.700000000000000000e+01 3.663712238458240466e-29
7.800000000000000000e+01 9.106271031530716244e-29
7.900000000000000000e+01 2.211956390616177146e-28
8.000000000000000000e+01 5.255370726993002912e-28
8.100000000000000000e+01 1.222296421340381669e-27
8.200000000000000000e+01 2.785058673228184893e-27
8.300000000000000000e+01 6.221551963905368170e-27
8.400000000000000000e+01 1.363566485484846140e-26
8.500000000000000000e+01 2.933994603185070451e-26
8.600000000000000000e+01 6.201922450879091365e-26
8.700000000000000000e+01 1.288674395360751328e-25
8.800000000000000000e+01 2.633683955163622540e-25
8.900000000000000000e+01 5.297000961612764922e-25
9.000000000000000000e+01 1.048996312660551804e-24
9.100000000000000000e+01 2.046523775729932442e-24
9.200000000000000000e+01 3.935231959575747677e-24
9.300000000000000000e+01 7.461691176940969056e-24
9.400000000000000000e+01 1.395762927814402918e-23
9.500000000000000000e+01 2.576792208474466299e-23
9.600000000000000000e+01 4.696979284267473076e-23
9.700000000000000000e+01 8.456686104441998893e-23
9.800000000000000000e+01 1.504485277012152551e-22
9.900000000000000000e+01 2.645690685132419955e-22
1.000000000000000000e+02 4.600494687856043798e-22
1.010000000000000000e+02 7.912783947767121231e-22
1.020000000000000000e+02 1.346643624731106829e-21
1.030000000000000000e+02 2.268341982260817019e-21
1.040000000000000000e+02 3.782906421726688584e-21
1.050000000000000000e+02 6.247808607525108477e-21
1.060000000000000000e+02 1.022195706701272843e-20
1.070000000000000000e+02 1.657140448149085333e-20
1.080000000000000000e+02 2.662649370995495355e-20
1.090000000000000000e+02 4.241353361179202688e-20
1.100000000000000000e+02 6.699359677573991399e-20
1.110000000000000000e+02 1.049540862551280345e-19
1.120000000000000000e+02 1.631165229217777617e-19
1.130000000000000000e+02 2.515481110133493682e-19
1.140000000000000000e+02 3.849970472307179557e-19
1.150000000000000000e+02 5.849148091310793270e-19
1.160000000000000000e+02 8.822860480110353593e-19
1.170000000000000000e+02 1.321562334344768496e-18
1.180000000000000000e+02 1.966095025767458934e-18
1.190000000000000000e+02 2.905591394429857432e-18
1.200000000000000000e+02 4.266284857781530369e-18
1.210000000000000000e+02 6.224724564628011360e-18
1.220000000000000000e+02 9.026363787694547734e-18
1.230000000000000000e+02 1.301047531000171916e-17
1.240000000000000000e+02 1.864336315038680523e-17
1.250000000000000000e+02 2.656239513426423763e-17
1.260000000000000000e+02 3.763407588629219174e-17
1.270000000000000000e+02 5.303024574799354190e-17
1.280000000000000000e+02 7.432756469113264187e-17
1.290000000000000000e+02 1.036367650267102603e-16
1.300000000000000000e+02 1.437697838488354033e-16
1.310000000000000000e+02 1.984548757806897214e-16
1.320000000000000000e+02 2.726122288240451956e-16
1.330000000000000000e+02 3.727055424363286300e-16
1.340000000000000000e+02 5.071885716592108708e-16
1.350000000000000000e+02 6.870699028595667034e-16
1.360000000000000000e+02 9.266243301327888250e-16
1.370000000000000000e+02 1.244285289238941127e-15
1.380000000000000000e+02 1.663760040466728404e-15
1.390000000000000000e+02 2.215417857264076559e-15
1.400000000000000000e+02 2.938011582060520758e-15
1.410000000000000000e+02 3.880804788942708855e-15
1.420000000000000000e+02 5.106190707901569368e-15
1.430000000000000000e+02 6.692905311559139582e-15
1.440000000000000000e+02 8.739955870619173061e-15
1.450000000000000000e+02 1.137140821312045788e-14
1.460000000000000000e+02 1.474220127829655603e-14
1.470000000000000000e+02 1.904518678363322229e-14
1.480000000000000000e+02 2.451962541329999652e-14
1.490000000000000000e+02 3.146140942459981746e-14
1.500000000000000000e+02 4.023532554365888813e-14
1.510000000000000000e+02 5.128972212239536779e-14
1.520000000000000000e+02 6.517400145162985499e-14
1.530000000000000000e+02 8.255942262407802938e-14
1.540000000000000000e+02 1.042637732308356431e-13
1.550000000000000000e+02 1.312805503341031279e-13
1.560000000000000000e+02 1.648133835313141367e-13
1.570000000000000000e+02 2.063165365234705938e-13
1.580000000000000000e+02 2.575424395053126683e-13
1.590000000000000000e+02 3.205973340608756311e-13
1.600000000000000000e+02 3.980062563025483823e-13
1.610000000000000000e+02 4.927887440377626705e-13
1.620000000000000000e+02 6.085468311642470133e-13
1.630000000000000000e+02 7.495670887395295833e-13
1.640000000000000000e+02 9.209386887789954694e-13
1.650000000000000000e+02 1.128689705424832754e-12
1.660000000000000000e+02 1.379944130391474611e-12
1.670000000000000000e+02 1.683102367308525824e-12
1.680000000000000000e+02 2.048048284607741343e-12
1.690000000000000000e+02 2.486386250876606802e-12
1.700000000000000000e+02 3.011711952149872515e-12
1.710000000000000000e+02 3.639921199537535345e-12
1.720000000000000000e+02 4.389561380082493452e-12
1.730000000000000000e+02 5.282230686077392925e-12
1.740000000000000000e+02 6.343030780608315176e-12
1.750000000000000000e+02 7.601079122280971761e-12
1.760000000000000000e+02 9.090087782462410726e-12
1.770000000000000000e+02 1.084901624656965697e-11
1.780000000000000000e+02 1.292280639968872673e-11
1.790000000000000000e+02 1.536320865894572725e-11
1.800000000000000000e+02 1.822970903352372839e-11
1.810000000000000000e+02 2.159056777108593208e-11
1.820000000000000000e+02 2.552398118982323928e-11
1.830000000000000000e+02 3.011937930172449916e-11
1.840000000000000000e+02 3.547887290846355241e-11
1.850000000000000000e+02 4.171886500017118425e-11
1.860000000000000000e+02 4.897184251317442857e-11
1.870000000000000000e+02 5.738836580961465807e-11
1.880000000000000000e+02 6.713927463402871272e-11
1.890000000000000000e+02 7.841813078409455038e-11
1.900000000000000000e+02 9.144391930972603526e-11
1.910000000000000000e+02 1.064640317318311742e-10
1.920000000000000000e+02 1.237575565550057813e-10
1.930000000000000000e+02 1.436389042433730751e-10
1.940000000000000000e+02 1.664617958423563219e-10
1.950000000000000000e+02 1.926236465686602538e-10
1.960000000000000000e+02 2.225703779640466321e-10
1.970000000000000000e+02 2.568016946243083021e-10
1.980000000000000000e+02 2.958768640826888153e-10
1.990000000000000000e+02 3.404210411573363431e-10
2.000000000000000000e+02 3.911321809767543731e-10
2.010000000000000000e+02 4.487885879883386092e-10
2.020000000000000000e+02 5.142571515470212663e-10
2.030000000000000000e+02 5.885023221893049034e-10
2.040000000000000000e+02 6.725958864397185113e-10
2.050000000000000000e+02 7.677276019909536878e-10
2.060000000000000000e+02 8.752167593665976585e-10
2.070000000000000000e+02 9.965247407397288129e-10
2.080000000000000000e+02 1.133268651467209068e-09
2.090000000000000000e+02 1.287236105136715494e-09
2.100000000000000000e+02 1.460401248542539843e-09
2.110000000000000000e+02 1.654942119041452155e-09
2.120000000000000000e+02 1.873259433229288654e-09
2.130000000000000000e+02 2.117996912864355249e-09
2.140000000000000000e+02 2.392063261490729756e-09
2.150000000000000000e+02 2.698655913333862583e-09
2.160000000000000000e+02 3.041286684807389307e-09
2.170000000000000000e+02 3.423809468444356065e-09
2.180000000000000000e+02 3.850450119314318343e-09
2.190000000000000000e+02 4.325838695081904221e-09
2.200000000000000000e+02 4.855044222881511786e-09
2.210000000000000000e+02 5.443612179212206187e-09
2.220000000000000000e+02 6.097604883190185338e-09
2.230000000000000000e+02 6.823645018834255449e-09
2.240000000000000000e+02 7.628962518712893056e-09
2.250000000000000000e+02 8.521445059368056441e-09
2.260000000000000000e+02 9.509692438580057810e-09
2.270000000000000000e+02 1.060307512588804647e-08
2.280000000000000000e+02 1.181179730098227208e-08
2.290000000000000000e+02 1.314696471979771980e-08
2.300000000000000000e+02 1.462065777553897472e-08
2.310000000000000000e+02 1.624601015163808342e-08
2.320000000000000000e+02 1.803729349599153626e-08
2.330000000000000000e+02 2.001000858095408163e-08
2.340000000000000000e+02 2.218098345171299915e-08
2.350000000000000000e+02 2.456847910707425793e-08
2.360000000000000000e+02 2.719230330162034621e-08
2.370000000000000000e+02 3.007393310692876791e-08
2.380000000000000000e+02 3.323664692236543848e-08
2.390000000000000000e+02 3.670566668320347154e-08
2.400000000000000000e+02 4.050831107580038722e-08
2.410000000000000000e+02 4.467416063664922481e-08
2.420000000000000000e+02 4.923523568467620901e-08
2.430000000000000000e+02 5.422618811458944178e-08
2.440000000000000000e+02 5.968450816380521029e-08
2.450000000000000000e+02 6.565074735693681742e-08
2.460000000000000000e+02 7.216875893049099587e-08
2.470000000000000000e+02 7.928595714676867001e-08
2.480000000000000000e+02 8.705359702053050412e-08
2.490000000000000000e+02 9.552707610530061154e-08
2.500000000000000000e+02 1.047662601188195353e-07
2.510000000000000000e+02 1.148358343297084119e-07
2.520000000000000000e+02 1.258056827805080578e-07
2.530000000000000000e+02 1.377512975865421712e-07
2.540000000000000000e+02 1.507542207262293781e-07
2.550000000000000000e+02 1.649025209272247693e-07
2.560000000000000000e+02 1.802913084548632722e-07
2.570000000000000000e+02 1.970232908255689966e-07
2.580000000000000000e+02 2.152093726989969240e-07
2.590000000000000000e+02 2.349693034495128728e-07
2.600000000000000000e+02 2.564323761810630502e-07
2.610000000000000000e+02 2.797381822304390836e-07
2.620000000000000000e+02 3.050374255033291194e-07
2.630000000000000000e+02 3.324928013063221904e-07
2.640000000000000000e+02 3.622799446772098765e-07
2.650000000000000000e+02 3.945884535765121585e-07
2.660000000000000000e+02 4.296229926862112013e-07
2.670000000000000000e+02 4.676044839683067716e-07
2.680000000000000000e+02 5.087713905671132102e-07
2.690000000000000000e+02 5.533811010963691814e-07
2.700000000000000000e+02 6.017114218364040858e-07
2.710000000000000000e+02 6.540621848790316845e-07
2.720000000000000000e+02 7.107569807997261009e-07
2.730000000000000000e+02 7.721450250093214334e-07
2.740000000000000000e+02 8.386031675421994004e-07
2.750000000000000000e+02 9.105380566760717232e-07
2.760000000000000000e+02 9.883884674513636572e-07
2.770000000000000000e+02 1.072627806867262396e-06
2.780000000000000000e+02 1.163766808278108087e-06
2.790000000000000000e+02 1.262356428299443824e-06
2.800000000000000000e+02 1.368990960359120337e-06
2.810000000000000000e+02 1.484311379896920443e-06
2.820000000000000000e+02 1.609008937127662994e-06
2.830000000000000000e+02 1.743829014239253497e-06
2.840000000000000000e+02 1.889575264900189912e-06
2.850000000000000000e+02 2.047114055002135063e-06
2.860000000000000000e+02 2.217379224664021485e-06
2.870000000000000000e+02 2.401377192676159990e-06
2.880000000000000000e+02 2.600192425767812974e-06
2.890000000000000000e+02 2.814993296341100143e-06
2.900000000000000000e+02 3.047038353629635066e-06
2.910000000000000000e+02 3.297683034613540130e-06
2.920000000000000000e+02 3.568386842455153073e-06
2.930000000000000000e+02 3.860721021713353428e-06
2.940000000000000000e+02 4.176376761150721283e-06
2.950000000000000000e+02 4.517173956568296109e-06
2.960000000000000000e+02 4.885070567789168414e-06
2.970000000000000000e+02 5.282172605666102954e-06
2.980000000000000000e+02 5.710744786811556513e-06
2.990000000000000000e+02 6.173221895642322816e-06
3.000000000000000000e+02 6.672220895297176775e-06
3.010000000000000000e+02 7.210553831026189376e-06
3.020000000000000000e+02 7.791241571765751843e-06
3.030000000000000000e+02 8.417528437806158536e-06
3.040000000000000000e+02 9.092897764729499234e-06
3.050000000000000000e+02 9.821088456146910588e-06
3.060000000000000000e+02 1.060611258019657039e-05
3.070000000000000000e+02 1.145227406727947225e-05
3.080000000000000000e+02 1.236418856910946002e-05
3.090000000000000000e+02 1.334680454183959188e-05
3.100000000000000000e+02 1.440542561879882802e-05
3.110000000000000000e+02 1.554573434123375741e-05
3.120000000000000000e+02 1.677381731839978489e-05
3.130000000000000000e+02 1.809619189138682467e-05
3.140000000000000000e+02 1.951983437819650979e-05
3.150000000000000000e+02 2.105220998081349976e-05
3.160000000000000000e+02 2.270130443833162529e-05
3.170000000000000000e+02 2.447565751361022420e-05
3.180000000000000000e+02 2.638439840444457699e-05
3.190000000000000000e+02 2.843728317384090157e-05
3.200000000000000000e+02 3.064473429768977119e-05
3.210000000000000000e+02 3.301788243193269314e-05
3.220000000000000000e+02 3.556861050521727130e-05
3.230000000000000000e+02 3.830960024703533958e-05
3.240000000000000000e+02 4.125438126543804585e-05
3.250000000000000000e+02 4.441738279262065194e-05
3.260000000000000000e+02 4.781398822097028978e-05
3.270000000000000000e+02 5.146059255657047372e-05
3.280000000000000000e+02 5.537466292165713907e-05
3.290000000000000000e+02 5.957480224212594993e-05
3.300000000000000000e+02 6.408081626089052714e-05
3.310000000000000000e+02 6.891378402270207574e-05
3.320000000000000000e+02 7.409613198094039442e-05
3.330000000000000000e+02 7.965171188189741137e-05
3.340000000000000000e+02 8.560588258717995321e-05
3.350000000000000000e+02 9.198559600006307149e-05
3.360000000000000000e+02 9.881948726693513786e-05
3.370000000000000000e+02 1.061379694303767572e-04
3.380000000000000000e+02 1.139733327159217366e-04
3.390000000000000000e+02 1.223598486401450262e-04
3.400000000000000000e+02 1.313338791334225518e-04
3.410000000000000000e+02 1.409339908764959130e-04
3.420000000000000000e+02 1.512010750558624359e-04
3.430000000000000000e+02 1.621784727489910410e-04
3.440000000000000000e+02 1.739121061564315434e-04
3.450000000000000000e+02 1.864506159040487147e-04
3.460000000000000000e+02 1.998455046448614433e-04
3.470000000000000000e+02 2.141512871963019405e-04
3.480000000000000000e+02 2.294256474551354644e-04
3.490000000000000000e+02 2.457296023387828873e-04
3.500000000000000000e+02 2.631276730083834418e-04
3.510000000000000000e+02 2.816880636355897352e-04
3.520000000000000000e+02 3.014828479818469024e-04
3.530000000000000000e+02 3.225881640657204366e-04
3.540000000000000000e+02 3.450844172007287215e-04
3.550000000000000000e+02 3.690564916931099860e-04
3.560000000000000000e+02 3.945939714959774088e-04
3.570000000000000000e+02 4.217913701234269437e-04
3.580000000000000000e+02 4.507483701353028342e-04
3.590000000000000000e+02 4.815700725105804517e-04
3.600000000000000000e+02 5.143672562345754989e-04
3.610000000000000000e+02 5.492566484325439070e-04
3.620000000000000000e+02 5.863612053896111133e-04
3.630000000000000000e+02 6.258104048044160891e-04
3.640000000000000000e+02 6.677405496313213590e-04
3.650000000000000000e+02 7.122950838735822836e-04
3.660000000000000000e+02 7.596249206974036014e-04
3.670000000000000000e+02 8.098887832444409121e-04
3.680000000000000000e+02 8.632535585279039634e-04
3.690000000000000000e+02 9.198946648050893276e-04
3.700000000000000000e+02 9.799964328268584608e-04
3.710000000000000000e+02 1.043752501372260119e-03
3.720000000000000000e+02 1.111366227484239261e-03
3.730000000000000000e+02 1.183051111830086275e-03
3.740000000000000000e+02 1.259031239618038384e-03
3.750000000000000000e+02 1.339541737509199843e-03
3.760000000000000000e+02 1.424829246971658471e-03
3.770000000000000000e+02 1.515152414531488858e-03
3.780000000000000000e+02 1.610782399383011961e-03
3.790000000000000000e+02 1.712003398828447834e-03
3.800000000000000000e+02 1.819113192024798212e-03
3.810000000000000000e+02 1.932423702523518045e-03
3.820000000000000000e+02 2.052261580096152206e-03
3.830000000000000000e+02 2.178968802346846825e-03
3.840000000000000000e+02 2.312903296620159692e-03
3.850000000000000000e+02 2.454439582720259732e-03
3.860000000000000000e+02 2.603969436965090662e-03
3.870000000000000000e+02 2.761902578106577907e-03
3.880000000000000000e+02 2.928667375655427153e-03
3.890000000000000000e+02 3.104711581156402965e-03
3.900000000000000000e+02 3.290503082967348447e-03
3.910000000000000000e+02 3.486530685102480227e-03
3.920000000000000000e+02 3.693304910707645699e-03
3.930000000000000000e+02 3.911358830742417761e-03
3.940000000000000000e+02 4.141248918450918769e-03
3.950000000000000000e+02 4.383555930210269840e-03
3.960000000000000000e+02 4.638885813352404235e-03
3.970000000000000000e+02 4.907870641561845257e-03
3.980000000000000000e+02 5.191169578458693090e-03
3.990000000000000000e+02 5.489469869982746726e-03
4.000000000000000000e+02 5.803487866201098230e-03
4.010000000000000000e+02 6.133970073168043546e-03
4.020000000000000000e+02 6.481694235472353072e-03
4.030000000000000000e+02 6.847470450113185038e-03
4.040000000000000000e+02 7.232142312351893913e-03
4.050000000000000000e+02 7.636588094193076659e-03
4.060000000000000000e+02 8.061721956153750784e-03
4.070000000000000000e+02 8.508495192985559424e-03
4.080000000000000000e+02 8.977897514020082015e-03
4.090000000000000000e+02 9.470958358812977401e-03
4.100000000000000000e+02 9.988748248767867835e-03
4.110000000000000000e+02 1.053238017542591776e-02
4.120000000000000000e+02 1.110301102611211885e-02
4.130000000000000000e+02 1.170184304763382047e-02
4.140000000000000000e+02 1.233012534873234242e-02
4.150000000000000000e+02 1.298915544199188976e-02
4.160000000000000000e+02 1.368028082591559932e-02
4.170000000000000000e+02 1.440490060788141014e-02
4.180000000000000000e+02 1.516446716869549599e-02
4.190000000000000000e+02 1.596048786946402051e-02
4.200000000000000000e+02 1.679452680150798904e-02
4.210000000000000000e+02 1.766820658004922273e-02
4.220000000000000000e+02 1.858321018239888003e-02
4.230000000000000000e+02 1.954128283138258787e-02
4.240000000000000000e+02 2.054423392473989432e-02
4.250000000000000000e+02 2.159393901123739246e-02
4.260000000000000000e+02 2.269234181423807409e-02
4.270000000000000000e+02 2.384145630347166492e-02
4.280000000000000000e+02 2.504336881575221566e-02
4.290000000000000000e+02 2.630024022539173209e-02
4.300000000000000000e+02 2.761430816505987609e-02
4.310000000000000000e+02 2.898788929784118160e-02
4.320000000000000000e+02 3.042338164124261043e-02
4.330000000000000000e+02 3.192326694390551500e-02
4.340000000000000000e+02 3.349011311577597405e-02
4.350000000000000000e+02 3.512657671248900493e-02
4.360000000000000000e+02 3.683540547472200638e-02
4.370000000000000000e+02 3.861944092327308092e-02
4.380000000000000000e+02 4.048162101061935497e-02
4.390000000000000000e+02 4.242498282971086249e-02
4.400000000000000000e+02 4.445266538075410417e-02
4.410000000000000000e+02 4.656791239673943594e-02
4.420000000000000000e+02 4.877407522846473331e-02
4.430000000000000000e+02 5.107461578980682093e-02
4.440000000000000000e+02 5.347310956399092818e-02
4.450000000000000000e+02 5.597324867160585748e-02
4.460000000000000000e+02 5.857884500111208009e-02
4.470000000000000000e+02 6.129383340258589413e-02
4.480000000000000000e+02 6.412227494544188444e-02
4.490000000000000000e+02 6.706836024087266257e-02
4.500000000000000000e+02 7.013641282974197866e-02
4.510000000000000000e+02 7.333089263666407731e-02
4.520000000000000000e+02 7.665639949099872785e-02
4.530000000000000000e+02 8.011767671548888914e-02
4.540000000000000000e+02 8.371961478326152284e-02
4.550000000000000000e+02 8.746725504391128503e-02
4.560000000000000000e+02 9.136579351937973437e-02
4.570000000000000000e+02 9.542058477033948938e-02
4.580000000000000000e+02 9.963714583378828482e-02
4.590000000000000000e+02 1.040211602325509521e-01
4.600000000000000000e+02 1.085784820573855447e-01
4.610000000000000000e+02 1.133151401223794208e-01
4.620000000000000000e+02 1.182373421943209019e-01
4.630000000000000000e+02 1.233514792967212031e-01
4.640000000000000000e+02 1.286641300891593342e-01
4.650000000000000000e+02 1.341820653226112325e-01
4.660000000000000000e+02 1.399122523714254052e-01
4.670000000000000000e+02 1.458618598425905355e-01
4.680000000000000000e+02 1.520382622629423697e-01
4.690000000000000000e+02 1.584490448449454580e-01
4.700000000000000000e+02 1.651020083316769027e-01
4.710000000000000000e+02 1.720051739216347797e-01
4.720000000000000000e+02 1.791667882739846895e-01
4.730000000000000000e+02 1.865953285948457885e-01
4.740000000000000000e+02 1.942995078052173474e-01
4.750000000000000000e+02 2.022882797911292885e-01
4.760000000000000000e+02 2.105708447365995661e-01
4.770000000000000000e+02 2.191566545399637189e-01
4.780000000000000000e+02 2.280554183141409175e-01
4.790000000000000000e+02 2.372771079713856535e-01
4.800000000000000000e+02 2.468319638930671078e-01
4.810000000000000000e+02 2.567305006850066351e-01
4.820000000000000000e+02 2.669835130188966121e-01
4.830000000000000000e+02 2.776020815603098546e-01
4.840000000000000000e+02 2.885975789838030603e-01
4.850000000000000000e+02 2.999816760756000567e-01
4.860000000000000000e+02 3.117663479243383828e-01
4.870000000000000000e+02 3.239638802003460549e-01
4.880000000000000000e+02 3.365868755239041499e-01
4.890000000000000000e+02 3.496482599229426835e-01
4.900000000000000000e+02 3.631612893806025477e-01
4.910000000000000000e+02 3.771395564730891103e-01
4.920000000000000000e+02 3.915969970982224879e-01
4.930000000000000000e+02 4.065478972950894998e-01
4.940000000000000000e+02 4.220069001551779442e-01
4.950000000000000000e+02 4.379890128253710047e-01
4.960000000000000000e+02 4.545096136031642753e-01
4.970000000000000000e+02 4.715844591244466311e-01
4.980000000000000000e+02 4.892296916441932209e-01
4.990000000000000000e+02 5.074618464103823889e-01
5.000000000000000000e+02 5.262978591314531052e-01
5.010000000000000000e+02 5.457550735375985562e-01
5.020000000000000000e+02 5.658512490361791158e-01
5.030000000000000000e+02 5.866045684615212030e-01
5.040000000000000000e+02 6.080336459193671494e-01
5.050000000000000000e+02 6.301575347262101667e-01
5.060000000000000000e+02 6.529957354437478934e-01
5.070000000000000000e+02 6.765682040086676841e-01
5.080000000000000000e+02 7.008953599579667015e-01
5.090000000000000000e+02 7.259980947499935500e-01
5.100000000000000000e+02 7.518977801813770956e-01
5.110000000000000000e+02 7.786162769000142259e-01
5.120000000000000000e+02 8.061759430142467764e-01
5.130000000000000000e+02 8.345996427983675137e-01
5.140000000000000000e+02 8.639107554945597567e-01
5.150000000000000000e+02 8.941331842113812156e-01
5.160000000000000000e+02 9.252913649188686529e-01
5.170000000000000000e+02 9.574102755403377518e-01
5.180000000000000000e+02 9.905154451409382554e-01
5.190000000000000000e+02 1.024632963212991354e+00
5.200000000000000000e+02 1.059789489058148959e+00
5.210000000000000000e+02 1.096012261266378296e+00
5.220000000000000000e+02 1.133329107291773497e+00
5.230000000000000000e+02 1.171768453125158427e+00
5.240000000000000000e+02 1.211359333063465993e+00
5.250000000000000000e+02 1.252131399575836745e+00
5.260000000000000000e+02 1.294114933266357292e+00
5.270000000000000000e+02 1.337340852933382784e+00
5.280000000000000000e+02 1.381840725725322017e+00
5.290000000000000000e+02 1.427646777392792998e+00
5.300000000000000000e+02 1.474791902637011320e+00
5.310000000000000000e+02 1.523309675554274101e+00
5.320000000000000000e+02 1.573234360176372970e+00
5.330000000000000000e+02 1.624600921106779783e+00
5.340000000000000000e+02 1.677445034252395439e+00
5.350000000000000000e+02 1.731803097650676415e+00
5.360000000000000000e+02 1.787712242391902739e+00
5.370000000000000000e+02 1.845210343636375816e+00
5.380000000000000000e+02 1.904336031726261202e+00
5.390000000000000000e+02 1.965128703391846976e+00
5.400000000000000000e+02 2.027628533051913706e+00
5.410000000000000000e+02 2.091876484207930709e+00
5.420000000000000000e+02 2.157914320931750840e+00
5.430000000000000000e+02 2.225784619446511403e+00
5.440000000000000000e+02 2.295530779800341037e+00
5.450000000000000000e+02 2.367197037632598811e+00
5.460000000000000000e+02 2.440828476032174343e+00
5.470000000000000000e+02 2.516471037487549189e+00
5.480000000000000000e+02 2.594171535928169625e+00
5.490000000000000000e+02 2.673977668856700962e+00
5.500000000000000000e+02 2.755938029571799230e+00
5.510000000000000000e+02 2.840102119480858001e+00
5.520000000000000000e+02 2.926520360502352425e+00
5.530000000000000000e+02 3.015244107557245812e+00
5.540000000000000000e+02 3.106325661149006656e+00
5.550000000000000000e+02 3.199818280031701434e+00
5.560000000000000000e+02 3.295776193965654244e+00
5.570000000000000000e+02 3.394254616560141713e+00
5.580000000000000000e+02 3.495309758202567618e+00
5.590000000000000000e+02 3.598998839073555445e+00
5.600000000000000000e+02 3.705380102247380680e+00
5.610000000000000000e+02 3.814512826877153095e+00
5.620000000000000000e+02 3.926457341464132611e+00
5.630000000000000000e+02 4.041275037210575682e+00
5.640000000000000000e+02 4.159028381455465606e+00
5.650000000000000000e+02 4.279780931192488147e+00
5.660000000000000000e+02 4.403597346669577917e+00
5.670000000000000000e+02 4.530543405069376917e+00
5.680000000000000000e+02 4.660686014269907140e+00
5.690000000000000000e+02 4.794093226684761788e+00
5.700000000000000000e+02 4.930834253182103666e+00
5.710000000000000000e+02 5.070979477081723807e+00
5.720000000000000000e+02 5.214600468229448005e+00
5.730000000000000000e+02 5.361769997148129185e+00
5.740000000000000000e+02 5.512562049264444930e+00
5.750000000000000000e+02 5.667051839210730968e+00
5.760000000000000000e+02 5.825315825201090369e+00
5.770000000000000000e+02 5.987431723480920454e+00
5.780000000000000000e+02 6.153478522849082921e+00
5.790000000000000000e+02 6.323536499251905418e+00
5.800000000000000000e+02 6.497687230448079276e+00
5.810000000000000000e+02 6.676013610743779303e+00
5.820000000000000000e+02 6.858599865796923822e+00
5.830000000000000000e+02 7.045531567489946134e+00
5.840000000000000000e+02 7.236895648869935194e+00
5.850000000000000000e+02 7.432780419155498919e+00
5.860000000000000000e+02 7.633275578809231021e+00
5.870000000000000000e+02 7.838472234675037065e+00
5.880000000000000000e+02 8.048462915179291244e+00
5.890000000000000000e+02 8.263341585594837113e+00
5.900000000000000000e+02 8.483203663367113734e+00
5.910000000000000000e+02 8.708146033501158456e+00
5.920000000000000000e+02 8.938267064008709184e+00
5.930000000000000000e+02 9.173666621414362510e+00
5.940000000000000000e+02 9.414446086319840035e+00
5.950000000000000000e+02 9.660708369025295283e+00
5.960000000000000000e+02 9.912557925206723297e+00
5.970000000000000000e+02 1.017010077164842485e+01
5.980000000000000000e+02 1.043344450202950568e+01
5.990000000000000000e+02 1.070269830276340528e+01
6.000000000000000000e+02 1.097797296888935215e+01
6.010000000000000000e+02 1.125938092001475432e+01
6.020000000000000000e+02 1.154703621630743271e+01
6.030000000000000000e+02 1.184105457453669707e+01
6.040000000000000000e+02 1.214155338416204444e+01
6.050000000000000000e+02 1.244865172346856319e+01
6.060000000000000000e+02 1.276247037574787768e+01
6.070000000000000000e+02 1.308313184552349107e+01
6.080000000000000000e+02 1.341076037481954586e+01
6.090000000000000000e+02 1.374548195947174989e+01
6.100000000000000000e+02 1.408742436547945154e+01
6.110000000000000000e+02 1.443671714539772566e+01
6.120000000000000000e+02 1.479349165476824979e+01
6.130000000000000000e+02 1.515788106858802919e+01
6.140000000000000000e+02 1.553002039781452304e+01
6.150000000000000000e+02 1.591004650590639713e+01
6.160000000000000000e+02 1.629809812539842184e+01
6.170000000000000000e+02 1.669431587450953103e+01
6.180000000000000000e+02 1.709884227378280741e+01
6.190000000000000000e+02 1.751182176275630553e+01
6.200000000000000000e+02 1.793340071666342439e+01
6.210000000000000000e+02 1.836372746316169824e+01
6.220000000000000000e+02 1.880295229908888643e+01
6.230000000000000000e+02 1.925122750724506204e+01
6.240000000000000000e+02 1.970870737319955168e+01
6.250000000000000000e+02 2.017554820212156130e+01
6.260000000000000000e+02 2.065190833563321959e+01
6.270000000000000000e+02 2.113794816868392346e+01
6.280000000000000000e+02 2.163383016644467460e+01
6.290000000000000000e+02 2.213971888122127041e+01
6.300000000000000000e+02 2.265578096938503094e+01
6.310000000000000000e+02 2.318218520832009233e+01
6.320000000000000000e+02 2.371910251338566766e+01
6.330000000000000000e+02 2.426670595489236959e+01
6.340000000000000000e+02 2.482517077509120185e+01
6.350000000000000000e+02 2.539467440517416108e+01
6.360000000000000000e+02 2.597539648228485376e+01
6.370000000000000000e+02 2.656751886653841055e+01
6.380000000000000000e+02 2.717122565804898215e+01
6.390000000000000000e+02 2.778670321396393206e+01
6.400000000000000000e+02 2.841414016550322685e+01
6.410000000000000000e+02 2.905372743500302946e+01
6.420000000000000000e+02 2.970565825296204210e+01
6.430000000000000000e+02 3.037012817508939833e+01
6.440000000000000000e+02 3.104733509935308433e+01
6.450000000000000000e+02 3.173747928302728383e+01
6.460000000000000000e+02 3.244076335973771563e+01
6.470000000000000000e+02 3.315739235650357131e+01
6.480000000000000000e+02 3.388757371077475256e+01
6.490000000000000000e+02 3.463151728746336744e+01
6.500000000000000000e+02 3.538943539596812826e+01
6.510000000000000000e+02 3.616154280719018033e+01
6.520000000000000000e+02 3.694805677053980730e+01
6.530000000000000000e+02 3.774919703093171819e+01
6.540000000000000000e+02 3.856518584576881636e+01
6.550000000000000000e+02 3.939624800191226939e+01
6.560000000000000000e+02 4.024261083263723293e+01
6.570000000000000000e+02 4.110450423457290725e+01
6.580000000000000000e+02 4.198216068462527772e+01
6.590000000000000000e+02 4.287581525688170814e+01
6.600000000000000000e+02 4.378570563949641326e+01
6.610000000000000000e+02 4.471207215155474302e+01
6.620000000000000000e+02 4.565515775991575254e+01
6.630000000000000000e+02 4.661520809603169369e+01
6.640000000000000000e+02 4.759247147274295031e+01
6.650000000000000000e+02 4.858719890104767103e+01
6.660000000000000000e+02 4.959964410684426639e+01
6.670000000000000000e+02 5.063006354764608119e+01
6.680000000000000000e+02 5.167871642926682796e+01
6.690000000000000000e+02 5.274586472247550972e+01
6.700000000000000000e+02 5.383177317961983732e+01
6.710000000000000000e+02 5.493670935121659227e+01
6.720000000000000000e+02 5.606094360250824593e+01
6.730000000000000000e+02 5.720474912998408712e+01
6.740000000000000000e+02 5.836840197786516882e+01
6.750000000000000000e+02 5.955218105455141853e+01
6.760000000000000000e+02 6.075636814903014482e+01
6.770000000000000000e+02 6.198124794724456166e+01
6.780000000000000000e+02 6.322710804842127885e+01
6.790000000000000000e+02 6.449423898135516708e+01
6.800000000000000000e+02 6.578293422065115692e+01
6.810000000000000000e+02 6.709349020292142995e+01
6.820000000000000000e+02 6.842620634293629678e+01
6.830000000000000000e+02 6.978138504972908152e+01
6.840000000000000000e+02 7.115933174265205707e+01
6.850000000000000000e+02 7.256035486738382190e+01
6.860000000000000000e+02 7.398476591188604345e+01
6.870000000000000000e+02 7.543287942230900001e+01
6.880000000000000000e+02 7.690501301884427221e+01
6.890000000000000000e+02 7.840148741152394507e+01
6.900000000000000000e+02 7.992262641596519757e+01
6.910000000000000000e+02 8.146875696905848940e+01
6.920000000000000000e+02 8.304020914459951541e+01
6.930000000000000000e+02 8.463731616886241227e+01
6.940000000000000000e+02 8.626041443611407544e+01
6.950000000000000000e+02 8.790984352406852054e+01
6.960000000000000000e+02 8.958594620927949848e+01
6.970000000000000000e+02 9.128906848247083872e+01
6.980000000000000000e+02 9.301955956380398050e+01
6.990000000000000000e+02 9.477777191808011992e+01
7.000000000000000000e+02 9.656406126987738503e+01
7.010000000000000000e+02 9.837878661862140461e+01
7.020000000000000000e+02 1.002223102535883612e+02
7.030000000000000000e+02 1.020949977688392494e+02
7.040000000000000000e+02 1.039972180780847140e+02
7.050000000000000000e+02 1.059293434294792178e+02
7.060000000000000000e+02 1.078917494203433876e+02
7.070000000000000000e+02 1.098848150118143678e+02
7.080000000000000000e+02 1.119089225434215962e+02
7.090000000000000000e+02 1.139644577475891936e+02
7.100000000000000000e+02 1.160518097640617867e+02
7.110000000000000000e+02 1.181713711542542455e+02
7.120000000000000000e+02 1.203235379155244544e+02
7.130000000000000000e+02 1.225087094953667304e+02
7.140000000000000000e+02 1.247272888055264559e+02
7.150000000000000000e+02 1.269796822360346056e+02
7.160000000000000000e+02 1.292662996691608726e+02
7.170000000000000000e+02 1.315875544932844718e+02
7.180000000000000000e+02 1.339438636166824494e+02
7.190000000000000000e+02 1.363356474812333943e+02
7.200000000000000000e+02 1.387633300760376471e+02
7.210000000000000000e+02 1.412273389509500703e+02
7.220000000000000000e+02 1.437281052300278077e+02
7.230000000000000000e+02 1.462660636248898811e+02
7.240000000000000000e+02 1.488416524479886789e+02
7.250000000000000000e+02 1.514553136257926553e+02
7.260000000000000000e+02 1.541074927118786206e+02
7.270000000000000000e+02 1.567986388999333656e+02
7.280000000000000000e+02 1.595292050366645640e+02
7.290000000000000000e+02 1.622996476346175427e+02
7.300000000000000000e+02 1.651104268849011021e+02
7.310000000000000000e+02 1.679620066698172707e+02
7.320000000000000000e+02 1.708548545753976100e+02
7.330000000000000000e+02 1.737894419038436808e+02
7.340000000000000000e+02 1.767662436858710748e+02
7.350000000000000000e+02 1.797857386929565564e+02
7.360000000000000000e+02 1.828484094494871783e+02
7.370000000000000000e+02 1.859547422448112570e+02
7.380000000000000000e+02 1.891052271451897013e+02
7.390000000000000000e+02 1.923003580056478086e+02
7.400000000000000000e+02 1.955406324817261350e+02
7.410000000000000000e+02 1.988265520411294176e+02
7.420000000000000000e+02 2.021586219752750253e+02
7.430000000000000000e+02 2.055373514107367328e+02
7.440000000000000000e+02 2.089632533205865172e+02
7.450000000000000000e+02 2.124368445356315078e+02
7.460000000000000000e+02 2.159586457555468826e+02
7.470000000000000000e+02 2.195291815599020140e+02
7.480000000000000000e+02 2.231489804190829318e+02
7.490000000000000000e+02 2.268185747051058172e+02
7.500000000000000000e+02 2.305385007023244839e+02
7.510000000000000000e+02 2.343092986180297714e+02
7.520000000000000000e+02 2.381315125929408509e+02
7.530000000000000000e+02 2.420056907115864817e+02
7.540000000000000000e+02 2.459323850125781235e+02
7.550000000000000000e+02 2.499121514987716068e+02
7.560000000000000000e+02 2.539455501473186416e+02
7.570000000000000000e+02 2.580331449196073095e+02
7.580000000000000000e+02 2.621755037710897795e+02
7.590000000000000000e+02 2.663731986609994351e+02
7.600000000000000000e+02 2.706268055619532902e+02
7.610000000000000000e+02 2.749369044694418562e+02
7.620000000000000000e+02 2.793040794112056346e+02
7.630000000000000000e+02 2.837289184564961602e+02
7.640000000000000000e+02 2.882120137252235850e+02
7.650000000000000000e+02 2.927539613969876768e+02
7.660000000000000000e+02 2.973553617199934251e+02
7.670000000000000000e+02 3.020168190198516527e+02
7.680000000000000000e+02 3.067389417082607110e+02
7.690000000000000000e+02 3.115223422915731817e+02
7.700000000000000000e+02 3.163676373792444565e+02
7.710000000000000000e+02 3.212754476921620039e+02
7.720000000000000000e+02 3.262463980708590157e+02
7.730000000000000000e+02 3.312811174836069767e+02
7.740000000000000000e+02 3.363802390343903994e+02
7.750000000000000000e+02 3.415443999707617309e+02
7.760000000000000000e+02 3.467742416915763783e+02
7.770000000000000000e+02 3.520704097546073967e+02
7.780000000000000000e+02 3.574335538840408617e+02
7.790000000000000000e+02 3.628643279778480633e+02
7.800000000000000000e+02 3.683633901150390102e+02
7.810000000000000000e+02 3.739314025627929254e+02
7.820000000000000000e+02 3.795690317834666985e+02
7.830000000000000000e+02 3.852769484414831709e+02
7.840000000000000000e+02 3.910558274100943095e+02
7.850000000000000000e+02 3.969063477780240987e+02
7.860000000000000000e+02 4.028291928559872304e+02
7.870000000000000000e+02 4.088250501830842154e+02
7.880000000000000000e+02 4.148946115330746238e+02
7.890000000000000000e+02 4.210385729205250982e+02
7.900000000000000000e+02 4.272576346068340172e+02
7.910000000000000000e+02 4.335525011061324676e+02
7.920000000000000000e+02 4.399238811910593654e+02
7.930000000000000000e+02 4.463724878984148745e+02
7.940000000000000000e+02 4.528990385346842231e+02
7.950000000000000000e+02 4.595042546814426601e+02
7.960000000000000000e+02 4.661888622006301830e+02
7.970000000000000000e+02 4.729535912397033144e+02
7.980000000000000000e+02 4.797991762366615376e+02
7.990000000000000000e+02 4.867263559249466311e+02
8.000000000000000000e+02 4.937358733382177434e+02
8.010000000000000000e+02 5.008284758150001039e+02
8.020000000000000000e+02 5.080049150032074294e+02
8.030000000000000000e+02 5.152659468645380230e+02
8.040000000000000000e+02 5.226123316787458180e+02
8.050000000000000000e+02 5.300448340477831835e+02
8.060000000000000000e+02 5.375642228998187875e+02
8.070000000000000000e+02 5.451712714931287564e+02
8.080000000000000000e+02 5.528667574198601642e+02
8.090000000000000000e+02 5.606514626096699203e+02
8.100000000000000000e+02 5.685261733332341691e+02
8.110000000000000000e+02 5.764916802056329743e+02
8.120000000000000000e+02 5.845487781896090382e+02
8.130000000000000000e+02 5.926982665986951133e+02
8.140000000000000000e+02 6.009409491002211325e+02
8.150000000000000000e+02 6.092776337181886674e+02
8.160000000000000000e+02 6.177091328360204443e+02
8.170000000000000000e+02 6.262362631991860553e+02
8.180000000000000000e+02 6.348598459176949973e+02
8.190000000000000000e+02 6.435807064684678380e+02
8.200000000000000000e+02 6.523996746975777796e+02
8.210000000000000000e+02 6.613175848223668254e+02
8.220000000000000000e+02 6.703352754334337078e+02
8.230000000000000000e+02 6.794535894964988074e+02
8.240000000000000000e+02 6.886733743541349213e+02
8.250000000000000000e+02 6.979954817273803656e+02
8.260000000000000000e+02 7.074207677172202011e+02
8.270000000000000000e+02 7.169500928059416083e+02
8.280000000000000000e+02 7.265843218583640919e+02
8.290000000000000000e+02 7.363243241229421301e+02
8.300000000000000000e+02 7.461709732327454958e+02
8.310000000000000000e+02 7.561251472063050869e+02
8.320000000000000000e+02 7.661877284483426820e+02
8.330000000000000000e+02 7.763596037503695015e+02
8.340000000000000000e+02 7.866416642911589179e+02
8.350000000000000000e+02 7.970348056370964969e+02
8.360000000000000000e+02 8.075399277424003230e+02
8.370000000000000000e+02 8.181579349492227493e+02
8.380000000000000000e+02 8.288897359876187920e+02
8.390000000000000000e+02 8.397362439753967465e+02
8.400000000000000000e+02 8.506983764178421552e+02
8.410000000000000000e+02 8.617770552073118324e+02
8.420000000000000000e+02 8.729732066227126097e+02
8.430000000000000000e+02 8.842877613288504790e+02
8.440000000000000000e+02 8.957216543756537703e+02
8.450000000000000000e+02 9.072758251972803691e+02
8.460000000000000000e+02 9.189512176110918062e+02
8.470000000000000000e+02 9.307487798165120694e+02
8.480000000000000000e+02 9.426694643937586306e+02
8.490000000000000000e+02 9.547142283024536482e+02
8.500000000000000000e+02 9.668840328801077248e+02
8.510000000000000000e+02 9.791798438404874787e+02
8.520000000000000000e+02 9.916026312718576037e+02
8.530000000000000000e+02 1.004153369635100489e+03
8.540000000000000000e+02 1.016833037761717833e+03
8.550000000000000000e+02 1.029642618851703901e+03
8.560000000000000000e+02 1.042583100471308853e+03
8.570000000000000000e+02 1.055655474550668032e+03
8.580000000000000000e+02 1.068860737381324498e+03
8.590000000000000000e+02 1.082199889613617415e+03
8.600000000000000000e+02 1.095673936253962665e+03
8.610000000000000000e+02 1.109283886662008399e+03
8.620000000000000000e+02 1.123030754547670313e+03
8.630000000000000000e+02 1.136915557968049598e+03
8.640000000000000000e+02 1.150939319324233793e+03
8.650000000000000000e+02 1.165103065357978494e+03
8.660000000000000000e+02 1.179407827148267415e+03
8.670000000000000000e+02 1.193854640107761497e+03
8.680000000000000000e+02 1.208444543979124774e+03
8.690000000000000000e+02 1.223178582831235872e+03
8.700000000000000000e+02 1.238057805055286281e+03
8.710000000000000000e+02 1.253083263360756064e+03
8.720000000000000000e+02 1.268256014771276568e+03
8.730000000000000000e+02 1.283577120620380811e+03
8.740000000000000000e+02 1.299047646547133354e+03
8.750000000000000000e+02 1.314668662491649002e+03
8.760000000000000000e+02 1.330441242690497347e+03
8.770000000000000000e+02 1.346366465671992273e+03
8.780000000000000000e+02 1.362445414251365946e+03
8.790000000000000000e+02 1.378679175525835490e+03
8.800000000000000000e+02 1.395068840869550286e+03
8.810000000000000000e+02 1.411615505928431730e+03
8.820000000000000000e+02 1.428320270614900437e+03
8.830000000000000000e+02 1.445184239102487254e+03
8.840000000000000000e+02 1.462208519820343781e+03
8.850000000000000000e+02 1.479394225447626923e+03
8.860000000000000000e+02 1.496742472907790216e+03
8.870000000000000000e+02 1.514254383362752151e+03
8.880000000000000000e+02 1.531931082206961946e+03
8.890000000000000000e+02 1.549773699061353227e+03
8.900000000000000000e+02 1.567783367767195841e+03
8.910000000000000000e+02 1.585961226379826030e+03
8.920000000000000000e+02 1.604308417162286560e+03
8.930000000000000000e+02 1.622826086578846343e+03
8.940000000000000000e+02 1.641515385288418429e+03
8.950000000000000000e+02 1.660377468137874303e+03
8.960000000000000000e+02 1.679413494155247236e+03
8.970000000000000000e+02 1.698624626542833767e+03
8.980000000000000000e+02 1.718012032670192866e+03
8.990000000000000000e+02 1.737576884067032324e+03
9.000000000000000000e+02 1.757320356416004415e+03
9.010000000000000000e+02 1.777243629545385375e+03
9.020000000000000000e+02 1.797347887421658925e+03
9.030000000000000000e+02 1.817634318141997483e+03
9.040000000000000000e+02 1.838104113926644004e+03
9.050000000000000000e+02 1.858758471111181734e+03
9.060000000000000000e+02 1.879598590138717555e+03
9.070000000000000000e+02 1.900625675551954600e+03
9.080000000000000000e+02 1.921840935985170972e+03
9.090000000000000000e+02 1.943245584156094992e+03
9.100000000000000000e+02 1.964840836857688601e+03
9.110000000000000000e+02 1.986627914949821616e+03
9.120000000000000000e+02 2.008608043350859361e+03
9.130000000000000000e+02 2.030782451029148433e+03
9.140000000000000000e+02 2.053152370994403100e+03
9.150000000000000000e+02 2.075719040289004170e+03
9.160000000000000000e+02 2.098483699979189623e+03
9.170000000000000000e+02 2.121447595146161802e+03
9.180000000000000000e+02 2.144611974877098419e+03
9.190000000000000000e+02 2.167978092256063064e+03
9.200000000000000000e+02 2.191547204354824316e+03
9.210000000000000000e+02 2.215320572223590716e+03
9.220000000000000000e+02 2.239299460881642972e+03
9.230000000000000000e+02 2.263485139307878399e+03
9.240000000000000000e+02 2.287878880431262132e+03
9.250000000000000000e+02 2.312481961121198765e+03
9.260000000000000000e+02 2.337295662177796203e+03
9.270000000000000000e+02 2.362321268322052219e+03
9.280000000000000000e+02 2.387560068185944147e+03
9.290000000000000000e+02 2.413013354302443076e+03
9.300000000000000000e+02 2.438682423095428476e+03
9.310000000000000000e+02 2.464568574869514578e+03
9.320000000000000000e+02 2.490673113799802195e+03
9.330000000000000000e+02 2.516997347921530491e+03
9.340000000000000000e+02 2.543542589119656441e+03
9.350000000000000000e+02 2.570310153118330618e+03
9.360000000000000000e+02 2.597301359470318857e+03
9.370000000000000000e+02 2.624517531546302962e+03
9.380000000000000000e+02 2.651959996524129110e+03
9.390000000000000000e+02 2.679630085377958039e+03
9.400000000000000000e+02 2.707529132867338376e+03
9.410000000000000000e+02 2.735658477526187198e+03
9.420000000000000000e+02 2.764019461651717847e+03
9.430000000000000000e+02 2.792613431293250869e+03
9.440000000000000000e+02 2.821441736240972659e+03
9.450000000000000000e+02 2.850505730014605888e+03
9.460000000000000000e+02 2.879806769851994432e+03
9.470000000000000000e+02 2.909346216697626460e+03
9.480000000000000000e+02 2.939125435191059296e+03
9.490000000000000000e+02 2.969145793655291982e+03
9.500000000000000000e+02 2.999408664085034616e+03
9.510000000000000000e+02 3.029915422134930850e+03
9.520000000000000000e+02 3.060667447107676253e+03
9.530000000000000000e+02 3.091666121942087102e+03
9.540000000000000000e+02 3.122912833201080502e+03
9.550000000000000000e+02 3.154408971059584928e+03
9.560000000000000000e+02 3.186155929292380279e+03
9.570000000000000000e+02 3.218155105261864719e+03
9.580000000000000000e+02 3.250407899905752402e+03
9.590000000000000000e+02 3.282915717724689330e+03
9.600000000000000000e+02 3.315679966769817383e+03
9.610000000000000000e+02 3.348702058630252395e+03
9.620000000000000000e+02 3.381983408420504475e+03
9.630000000000000000e+02 3.415525434767820570e+03
9.640000000000000000e+02 3.449329559799463823e+03
9.650000000000000000e+02 3.483397209129933344e+03
9.660000000000000000e+02 3.517729811848095324e+03
9.670000000000000000e+02 3.552328800504278661e+03
9.680000000000000000e+02 3.587195611097278743e+03
9.690000000000000000e+02 3.622331683061306194e+03
9.700000000000000000e+02 3.657738459252877874e+03
9.710000000000000000e+02 3.693417385937632844e+03
9.720000000000000000e+02 3.729369912777092850e+03
9.730000000000000000e+02 3.765597492815359601e+03
9.740000000000000000e+02 3.802101582465747470e+03
9.750000000000000000e+02 3.838883641497352983e+03
9.760000000000000000e+02 3.875945133021574748e+03
9.770000000000000000e+02 3.913287523478560161e+03
9.780000000000000000e+02 3.950912282623597548e+03
9.790000000000000000e+02 3.988820883513453282e+03
9.800000000000000000e+02 4.027014802492646595e+03
9.810000000000000000e+02 4.065495519179667099e+03
9.820000000000000000e+02 4.104264516453141368e+03
9.830000000000000000e+02 4.143323280437925860e+03
9.840000000000000000e+02 4.182673300491169357e+03
9.850000000000000000e+02 4.222316069188299480e+03
9.860000000000000000e+02 4.262253082308962803e+03
9.870000000000000000e+02 4.302485838822910409e+03
9.880000000000000000e+02 4.343015840875834328e+03
9.890000000000000000e+02 4.383844593775133035e+03
9.900000000000000000e+02 4.424973605975656938e+03
9.910000000000000000e+02 4.466404389065375653e+03
9.920000000000000000e+02 4.508138457750988891e+03
9.930000000000000000e+02 4.550177329843529151e+03
9.940000000000000000e+02 4.592522526243859829e+03
9.950000000000000000e+02 4.635175570928160596e+03
9.960000000000000000e+02 4.678137990933349101e+03
9.970000000000000000e+02 4.721411316342469945e+03
9.980000000000000000e+02 4.764997080270015431e+03
9.990000000000000000e+02 4.808896818847208124e+03
