# BB temperature (K); Intensity through filter (ph/s/m^2/mas^2)
1.000000000000000000e+01 0.000000000000000000e+00
1.100000000000000000e+01 0.000000000000000000e+00
1.200000000000000000e+01 0.000000000000000000e+00
1.300000000000000000e+01 0.000000000000000000e+00
1.400000000000000000e+01 0.000000000000000000e+00
1.500000000000000000e+01 0.000000000000000000e+00
1.600000000000000000e+01 0.000000000000000000e+00
1.700000000000000000e+01 0.000000000000000000e+00
1.800000000000000000e+01 0.000000000000000000e+00
1.900000000000000000e+01 0.000000000000000000e+00
2.000000000000000000e+01 0.000000000000000000e+00
2.100000000000000000e+01 2.723236495842386022e-111
2.200000000000000000e+01 3.557047299754355254e-106
2.300000000000000000e+01 1.670776043101524999e-101
2.400000000000000000e+01 3.206766590363561813e-97
2.500000000000000000e+01 2.799979826563948830e-93
2.600000000000000000e+01 1.217945246806367009e-89
2.700000000000000000e+01 2.851606713403044176e-86
2.800000000000000000e+01 3.840116286793781560e-83
2.900000000000000000e+01 3.149369407418197536e-80
3.000000000000000000e+01 1.652907904272139769e-77
3.100000000000000000e+01 5.796482394170190782e-75
3.200000000000000000e+01 1.410501760600834051e-72
3.300000000000000000e+01 2.462015577684770039e-70
3.400000000000000000e+01 3.174208726365682708e-68
3.500000000000000000e+01 3.102230057529652535e-66
3.600000000000000000e+01 2.351913447602012765e-64
3.700000000000000000e+01 1.411920403266192880e-62
3.800000000000000000e+01 6.836495173955943875e-61
3.900000000000000000e+01 2.714342994063654732e-59
4.000000000000000000e+01 8.969337969146191126e-58
4.100000000000000000e+01 2.500043053235771890e-56
4.200000000000000000e+01 5.949745616739353807e-55
4.300000000000000000e+01 1.222349384204539070e-53
4.400000000000000000e+01 2.189707754817743715e-52
4.500000000000000000e+01 3.451694801117408360e-51
4.600000000000000000e+01 4.827823925828897961e-50
4.700000000000000000e+01 6.037442516570576708e-49
4.800000000000000000e+01 6.797845808750123597e-48
4.900000000000000000e+01 6.935743302212597971e-47
5.000000000000000000e+01 6.450331886165817397e-46
5.100000000000000000e+01 5.497958961738535511e-45
5.200000000000000000e+01 4.316509920189879521e-44
5.300000000000000000e+01 3.136120661345117974e-43
5.400000000000000000e+01 2.117625958401851962e-42
5.500000000000000000e+01 1.334240777500699016e-41
5.600000000000000000e+01 7.873286411456208842e-41
5.700000000000000000e+01 4.366268466809752041e-40
5.800000000000000000e+01 2.282916290927218437e-39
5.900000000000000000e+01 1.128737660121596462e-38
6.000000000000000000e+01 5.292140569802439258e-38
6.100000000000000000e+01 2.359052085697162448e-37
6.200000000000000000e+01 1.002238277947688269e-36
6.300000000000000000e+01 4.067467028101661531e-36
6.400000000000000000e+01 1.580254561530864089e-35
6.500000000000000000e+01 5.889157789657354016e-35
6.600000000000000000e+01 2.109224315122999598e-34
6.700000000000000000e+01 7.272892816876582153e-34
6.800000000000000000e+01 2.418424434595041646e-33
6.900000000000000000e+01 7.767527704271261391e-33
7.000000000000000000e+01 2.413254091174325506e-32
7.100000000000000000e+01 7.262764249240249955e-32
7.200000000000000000e+01 2.120090638789247515e-31
7.300000000000000000e+01 6.010408098488231266e-31
7.400000000000000000e+01 1.656779343374856375e-30
7.500000000000000000e+01 4.445527485584483219e-30
7.600000000000000000e+01 1.162360925391729847e-29
7.700000000000000000e+01 2.964524253553566377e-29
7.800000000000000000e+01 7.382103895658058217e-29
7.900000000000000000e+01 1.796429991014684687e-28
8.000000000000000000e+01 4.275822123372707477e-28
8.100000000000000000e+01 9.962398017066837619e-28
8.200000000000000000e+01 2.273952969659473705e-27
8.300000000000000000e+01 5.088555512136069682e-27
8.400000000000000000e+01 1.117145659482049917e-26
8.500000000000000000e+01 2.407796147432759545e-26
8.600000000000000000e+01 5.098037821232173766e-26
8.700000000000000000e+01 1.061025477438614995e-25
8.800000000000000000e+01 2.171910446435652408e-25
8.900000000000000000e+01 4.375159420205152230e-25
9.000000000000000000e+01 8.677876704493460841e-25
9.100000000000000000e+01 1.695595588862120698e-24
9.200000000000000000e+01 3.265368908603300721e-24
9.300000000000000000e+01 6.200779083038827786e-24
9.400000000000000000e+01 1.161605157480469561e-23
9.500000000000000000e+01 2.147608628730301615e-23
9.600000000000000000e+01 3.920255840406317176e-23
9.700000000000000000e+01 7.068175494417242064e-23
9.800000000000000000e+01 1.259209212038674855e-22
9.900000000000000000e+01 2.217397269403739263e-22
1.000000000000000000e+02 3.860959783477683323e-22
1.010000000000000000e+02 6.649642993761500761e-22
1.020000000000000000e+02 1.133162274652667238e-21
1.030000000000000000e+02 1.911219852204725572e-21
1.040000000000000000e+02 3.191411735365949595e-21
1.050000000000000000e+02 5.277553690211793454e-21
1.060000000000000000e+02 8.645287212314517075e-21
1.070000000000000000e+02 1.403259498264952918e-20
1.080000000000000000e+02 2.257454268415894681e-20
1.090000000000000000e+02 3.600218761850631011e-20
1.100000000000000000e+02 5.693383819681916246e-20
1.110000000000000000e+02 8.929819168772247226e-20
1.120000000000000000e+02 1.389443694135192563e-19
1.130000000000000000e+02 2.145148724269154440e-19
1.140000000000000000e+02 3.286857567905499224e-19
1.150000000000000000e+02 4.999161326760469172e-19
1.160000000000000000e+02 7.548992997275142503e-19
1.170000000000000000e+02 1.131974079215418771e-18
1.180000000000000000e+02 1.685841764126999814e-18
1.190000000000000000e+02 2.494047295822358892e-18
1.200000000000000000e+02 3.665829888636276600e-18
1.210000000000000000e+02 5.354137128350961388e-18
1.220000000000000000e+02 7.771838332219715727e-18
1.230000000000000000e+02 1.121348082440615352e-17
1.240000000000000000e+02 1.608432272106244427e-17
1.250000000000000000e+02 2.293886713044607591e-17
1.260000000000000000e+02 3.253173855301451399e-17
1.270000000000000000e+02 4.588451046245455793e-17
1.280000000000000000e+02 6.437304659111907737e-17
1.290000000000000000e+02 8.984109646317475391e-17
1.300000000000000000e+02 1.247473343596417335e-16
1.310000000000000000e+02 1.723548043287855975e-16
1.320000000000000000e+02 2.369738953781600700e-16
1.330000000000000000e+02 3.242725942659508443e-16
1.340000000000000000e+02 4.416709337075250819e-16
1.350000000000000000e+02 5.988403698278459150e-16
1.360000000000000000e+02 8.083333975269229766e-16
1.370000000000000000e+02 1.086374175676071129e-15
1.380000000000000000e+02 1.453847433505433019e-15
1.390000000000000000e+02 1.937530633055801057e-15
1.400000000000000000e+02 2.571623460154319271e-15
1.410000000000000000e+02 3.399639422300022443e-15
1.420000000000000000e+02 4.476736886875864706e-15
1.430000000000000000e+02 5.872581566835304794e-15
1.440000000000000000e+02 7.674849554290409108e-15
1.450000000000000000e+02 9.993499849845165151e-15
1.460000000000000000e+02 1.296596830796491463e-14
1.470000000000000000e+02 1.676346142594978871e-14
1.480000000000000000e+02 2.159855889753270328e-14
1.490000000000000000e+02 2.773436882730065335e-14
1.500000000000000000e+02 3.549551950144702557e-14
1.510000000000000000e+02 4.528131722569463231e-14
1.520000000000000000e+02 5.758145161655706372e-14
1.530000000000000000e+02 7.299468856599374143e-14
1.540000000000000000e+02 9.225105764756569699e-14
1.550000000000000000e+02 1.162381158093665781e-13
1.560000000000000000e+02 1.460319536817764632e-13
1.570000000000000000e+02 1.829337056565118479e-13
1.580000000000000000e+02 2.285124310729565328e-13
1.590000000000000000e+02 2.846553524508086876e-13
1.600000000000000000e+02 3.536265688754903440e-13
1.610000000000000000e+02 4.381355095849100776e-13
1.620000000000000000e+02 5.414165558037125936e-13
1.630000000000000000e+02 6.673214392756818727e-13
1.640000000000000000e+02 8.204262251791059190e-13
1.650000000000000000e+02 1.006154906667202066e-12
1.660000000000000000e+02 1.230921879720100220e-12
1.670000000000000000e+02 1.502295831959737714e-12
1.680000000000000000e+02 1.829187869266001552e-12
1.690000000000000000e+02 2.222067021209490020e-12
1.700000000000000000e+02 2.693206612315756076e-12
1.710000000000000000e+02 3.256965362891834965e-12
1.720000000000000000e+02 3.930107492531030288e-12
1.730000000000000000e+02 4.732166543474315246e-12
1.740000000000000000e+02 5.685858121805744621e-12
1.750000000000000000e+02 6.817547274101177597e-12
1.760000000000000000e+02 8.157776777783336096e-12
1.770000000000000000e+02 9.741863227247275742e-12
1.780000000000000000e+02 1.161056844702613806e-11
1.790000000000000000e+02 1.381085446011020778e-11
1.800000000000000000e+02 1.639673098627483072e-11
1.810000000000000000e+02 1.943020524418908684e-11
1.820000000000000000e+02 2.298234468444593233e-11
1.830000000000000000e+02 2.713446419075529324e-11
1.840000000000000000e+02 3.197945025563969152e-11
1.850000000000000000e+02 3.762323566731902325e-11
1.860000000000000000e+02 4.418643933829152915e-11
1.870000000000000000e+02 5.180618706560013614e-11
1.880000000000000000e+02 6.063813024006575630e-11
1.890000000000000000e+02 7.085868081896814567e-11
1.900000000000000000e+02 8.266748224579195406e-11
1.910000000000000000e+02 9.629013744370444270e-11
1.920000000000000000e+02 1.119812165282715067e-10
1.930000000000000000e+02 1.300275684813604714e-10
1.940000000000000000e+02 1.507519627039201334e-10
1.950000000000000000e+02 1.745170881219799899e-10
1.960000000000000000e+02 2.017299393592529230e-10
1.970000000000000000e+02 2.328466214125380908e-10
1.980000000000000000e+02 2.683776062739263230e-10
1.990000000000000000e+02 3.088934770377256556e-10
2.000000000000000000e+02 3.550311972110034865e-10
2.010000000000000000e+02 4.075009452154734776e-10
2.020000000000000000e+02 4.670935564258122590e-10
2.030000000000000000e+02 5.346886175358248150e-10
2.040000000000000000e+02 6.112632605795163902e-10
2.050000000000000000e+02 6.979017065591929426e-10
2.060000000000000000e+02 7.958056113471380239e-10
2.070000000000000000e+02 9.063052693309992416e-10
2.080000000000000000e+02 1.030871733165259172e-09
2.090000000000000000e+02 1.171129910971517301e-09
2.100000000000000000e+02 1.328872705397861608e-09
2.110000000000000000e+02 1.506076262101418557e-09
2.120000000000000000e+02 1.704916398456869785e-09
2.130000000000000000e+02 1.927786286616062260e-09
2.140000000000000000e+02 2.177315468447968428e-09
2.150000000000000000e+02 2.456390283372471647e-09
2.160000000000000000e+02 2.768175793663608897e-09
2.170000000000000000e+02 3.116139295435801571e-09
2.180000000000000000e+02 3.504075507237695916e-09
2.190000000000000000e+02 3.936133531959912998e-09
2.200000000000000000e+02 4.416845691612465080e-09
2.210000000000000000e+02 4.951158338441422299e-09
2.220000000000000000e+02 5.544464749830049090e-09
2.230000000000000000e+02 6.202640218462700697e-09
2.240000000000000000e+02 6.932079453317599073e-09
2.250000000000000000e+02 7.739736411192592949e-09
2.260000000000000000e+02 8.633166682652780606e-09
2.270000000000000000e+02 9.620572560515919817e-09
2.280000000000000000e+02 1.071085092325674330e-08
2.290000000000000000e+02 1.191364407001019206e-08
2.300000000000000000e+02 1.323939364818167425e-08
2.310000000000000000e+02 1.469939781902471987e-08
2.320000000000000000e+02 1.630587181091861474e-08
2.330000000000000000e+02 1.807201201446521689e-08
2.340000000000000000e+02 2.001206377792042653e-08
2.350000000000000000e+02 2.214139306587682850e-08
2.360000000000000000e+02 2.447656214851412219e-08
2.370000000000000000e+02 2.703540949312821035e-08
2.380000000000000000e+02 2.983713403403301699e-08
2.390000000000000000e+02 3.290238400129551280e-08
2.400000000000000000e+02 3.625335049310888537e-08
2.410000000000000000e+02 3.991386598092637932e-08
2.420000000000000000e+02 4.390950794076218449e-08
2.430000000000000000e+02 4.826770780831269068e-08
2.440000000000000000e+02 5.301786545975456010e-08
2.450000000000000000e+02 5.819146942422924063e-08
2.460000000000000000e+02 6.382222303812573609e-08
2.470000000000000000e+02 6.994617675531227537e-08
2.480000000000000000e+02 7.660186683144685638e-08
2.490000000000000000e+02 8.383046060440295815e-08
2.500000000000000000e+02 9.167590859668137831e-08
2.510000000000000000e+02 1.001851036694336399e-07
2.520000000000000000e+02 1.094080474613964565e-07
2.530000000000000000e+02 1.193980243496180925e-07
2.540000000000000000e+02 1.302117831723541667e-07
2.550000000000000000e+02 1.419097269579042034e-07
2.560000000000000000e+02 1.545561109064617579e-07
2.570000000000000000e+02 1.682192488752426967e-07
2.580000000000000000e+02 1.829717286202474177e-07
2.590000000000000000e+02 1.988906360509972668e-07
2.600000000000000000e+02 2.160577887574432651e-07
2.610000000000000000e+02 2.345599790710172612e-07
2.620000000000000000e+02 2.544892269244224790e-07
2.630000000000000000e+02 2.759430427772895695e-07
2.640000000000000000e+02 2.990247008772325202e-07
2.650000000000000000e+02 3.238435231281217153e-07
2.660000000000000000e+02 3.505151738395620683e-07
2.670000000000000000e+02 3.791619656336160043e-07
2.680000000000000000e+02 4.099131767867427062e-07
2.690000000000000000e+02 4.429053802867430029e-07
2.700000000000000000e+02 4.782827848862009743e-07
2.710000000000000000e+02 5.161975884355105284e-07
2.720000000000000000e+02 5.568103437800482528e-07
2.730000000000000000e+02 6.002903375074487455e-07
2.740000000000000000e+02 6.468159818321989092e-07
2.750000000000000000e+02 6.965752199059715404e-07
2.760000000000000000e+02 7.497659448432016325e-07
2.770000000000000000e+02 8.065964327524322948e-07
2.780000000000000000e+02 8.672857900648845838e-07
2.790000000000000000e+02 9.320644154526101734e-07
2.800000000000000000e+02 1.001174476629364745e-06
2.810000000000000000e+02 1.074870402328152070e-06
2.820000000000000000e+02 1.153419389750107147e-06
2.830000000000000000e+02 1.237101927780110021e-06
2.840000000000000000e+02 1.326212336265242827e-06
2.850000000000000000e+02 1.421059321652895927e-06
2.860000000000000000e+02 1.521966549286107921e-06
2.870000000000000000e+02 1.629273232654453338e-06
2.880000000000000000e+02 1.743334739899683899e-06
2.890000000000000000e+02 1.864523217876189031e-06
2.900000000000000000e+02 1.993228234067408114e-06
2.910000000000000000e+02 2.129857436660414124e-06
2.920000000000000000e+02 2.274837233082197429e-06
2.930000000000000000e+02 2.428613487302624791e-06
2.940000000000000000e+02 2.591652236210670283e-06
2.950000000000000000e+02 2.764440425372429538e-06
2.960000000000000000e+02 2.947486664481505256e-06
2.970000000000000000e+02 3.141322002814839214e-06
2.980000000000000000e+02 3.346500725009710431e-06
2.990000000000000000e+02 3.563601167480827317e-06
3.000000000000000000e+02 3.793226555799831437e-06
3.010000000000000000e+02 4.036005863363554768e-06
3.020000000000000000e+02 4.292594691681673166e-06
3.030000000000000000e+02 4.563676172619474572e-06
3.040000000000000000e+02 4.849961892936784116e-06
3.050000000000000000e+02 5.152192841470349940e-06
3.060000000000000000e+02 5.471140379313697864e-06
3.070000000000000000e+02 5.807607233355982084e-06
3.080000000000000000e+02 6.162428513549646514e-06
3.090000000000000000e+02 6.536472754285794068e-06
3.100000000000000000e+02 6.930642980266270555e-06
3.110000000000000000e+02 7.345877797272203435e-06
3.120000000000000000e+02 7.783152508241105772e-06
3.130000000000000000e+02 8.243480255077319696e-06
3.140000000000000000e+02 8.727913186635153674e-06
3.150000000000000000e+02 9.237543653329429670e-06
3.160000000000000000e+02 9.773505428844930079e-06
3.170000000000000000e+02 1.033697495943461069e-05
3.180000000000000000e+02 1.092917264131589890e-05
3.190000000000000000e+02 1.155136412669600586e-05
3.200000000000000000e+02 1.220486165897974465e-05
3.210000000000000000e+02 1.289102543773835921e-05
3.220000000000000000e+02 1.361126501404421507e-05
3.230000000000000000e+02 1.436704071680483603e-05
3.240000000000000000e+02 1.515986511076019446e-05
3.250000000000000000e+02 1.599130448684006871e-05
3.260000000000000000e+02 1.686298038561315831e-05
3.270000000000000000e+02 1.777657115459712895e-05
3.280000000000000000e+02 1.873381354023856819e-05
3.290000000000000000e+02 1.973650431541466364e-05
3.300000000000000000e+02 2.078650194335332699e-05
3.310000000000000000e+02 2.188572827891710018e-05
3.320000000000000000e+02 2.303617030824714734e-05
3.330000000000000000e+02 2.423988192781819907e-05
3.340000000000000000e+02 2.549898576401299832e-05
3.350000000000000000e+02 2.681567503438584430e-05
3.360000000000000000e+02 2.819221545184998176e-05
3.370000000000000000e+02 2.963094717309143662e-05
3.380000000000000000e+02 3.113428679258523513e-05
3.390000000000000000e+02 3.270472938366577383e-05
3.400000000000000000e+02 3.434485058818404282e-05
3.410000000000000000e+02 3.605730875636995554e-05
3.420000000000000000e+02 3.784484713860738982e-05
3.430000000000000000e+02 3.971029613092426380e-05
3.440000000000000000e+02 4.165657557609958117e-05
3.450000000000000000e+02 4.368669712239378904e-05
3.460000000000000000e+02 4.580376664201920396e-05
3.470000000000000000e+02 4.801098671158190962e-05
3.480000000000000000e+02 5.031165915684912538e-05
3.490000000000000000e+02 5.270918766432132474e-05
3.500000000000000000e+02 5.520708046222373190e-05
3.510000000000000000e+02 5.780895307366970098e-05
3.520000000000000000e+02 6.051853114489560894e-05
3.530000000000000000e+02 6.333965335161945392e-05
3.540000000000000000e+02 6.627627438673563650e-05
3.550000000000000000e+02 6.933246803272498219e-05
3.560000000000000000e+02 7.251243032233425717e-05
3.570000000000000000e+02 7.582048279126108706e-05
3.580000000000000000e+02 7.926107582677123888e-05
3.590000000000000000e+02 8.283879211637225934e-05
3.600000000000000000e+02 8.655835020087565687e-05
3.610000000000000000e+02 9.042460813639406657e-05
3.620000000000000000e+02 9.444256727004405022e-05
3.630000000000000000e+02 9.861737613436029272e-05
3.640000000000000000e+02 1.029543344656664840e-04
3.650000000000000000e+02 1.074588973519037755e-04
3.660000000000000000e+02 1.121366795156783567e-04
3.670000000000000000e+02 1.169934597385618996e-04
3.680000000000000000e+02 1.220351854329625299e-04
3.690000000000000000e+02 1.272679773681767879e-04
3.700000000000000000e+02 1.326981345575373899e-04
3.710000000000000000e+02 1.383321393138879434e-04
3.720000000000000000e+02 1.441766624809426181e-04
3.730000000000000000e+02 1.502385688484272322e-04
3.740000000000000000e+02 1.565249227592499591e-04
3.750000000000000000e+02 1.630429939173123194e-04
3.760000000000000000e+02 1.698002634049480071e-04
3.770000000000000000e+02 1.768044299193641299e-04
3.780000000000000000e+02 1.840634162378624716e-04
3.790000000000000000e+02 1.915853759220336578e-04
3.800000000000000000e+02 1.993787002715442303e-04
3.810000000000000000e+02 2.074520255385815088e-04
3.820000000000000000e+02 2.158142404144761594e-04
3.830000000000000000e+02 2.244744938004955624e-04
3.840000000000000000e+02 2.334422028752849228e-04
3.850000000000000000e+02 2.427270614719370873e-04
3.860000000000000000e+02 2.523390487781854543e-04
3.870000000000000000e+02 2.622884383737484953e-04
3.880000000000000000e+02 2.725858076194017407e-04
3.890000000000000000e+02 2.832420474129156715e-04
3.900000000000000000e+02 2.942683723275797193e-04
3.910000000000000000e+02 3.056763311496290452e-04
3.920000000000000000e+02 3.174778178315030772e-04
3.930000000000000000e+02 3.296850828784969514e-04
3.940000000000000000e+02 3.423107451870156847e-04
3.950000000000000000e+02 3.553678043533022675e-04
3.960000000000000000e+02 3.688696534722005270e-04
3.970000000000000000e+02 3.828300924462110788e-04
3.980000000000000000e+02 3.972633418258177270e-04
3.990000000000000000e+02 4.121840572028043518e-04
4.000000000000000000e+02 4.276073441790340015e-04
4.010000000000000000e+02 4.435487739339420959e-04
4.020000000000000000e+02 4.600243994147879857e-04
4.030000000000000000e+02 4.770507721745269238e-04
4.040000000000000000e+02 4.946449598829927817e-04
4.050000000000000000e+02 5.128245645379437851e-04
4.060000000000000000e+02 5.316077414033881397e-04
4.070000000000000000e+02 5.510132187035103168e-04
4.080000000000000000e+02 5.710603181014209341e-04
4.090000000000000000e+02 5.917689759929023853e-04
4.100000000000000000e+02 6.131597656462633517e-04
4.110000000000000000e+02 6.352539202203989158e-04
4.120000000000000000e+02 6.580733566941542609e-04
4.130000000000000000e+02 6.816407007410941240e-04
4.140000000000000000e+02 7.059793125848338015e-04
4.150000000000000000e+02 7.311133138711378796e-04
4.160000000000000000e+02 7.570676155940825932e-04
4.170000000000000000e+02 7.838679471146740635e-04
4.180000000000000000e+02 8.115408863114401735e-04
4.190000000000000000e+02 8.401138909036706855e-04
4.200000000000000000e+02 8.696153309891321674e-04
4.210000000000000000e+02 9.000745228392854859e-04
4.220000000000000000e+02 9.315217639962451073e-04
4.230000000000000000e+02 9.639883697169467688e-04
4.240000000000000000e+02 9.975067108112542578e-04
4.250000000000000000e+02 1.032110252922003365e-03
4.260000000000000000e+02 1.067833597296294693e-03
4.270000000000000000e+02 1.104712523098647613e-03
4.280000000000000000e+02 1.142784031318001348e-03
4.290000000000000000e+02 1.182086390321876110e-03
4.300000000000000000e+02 1.222659183112436094e-03
4.310000000000000000e+02 1.264543356340562877e-03
4.320000000000000000e+02 1.307781271135519899e-03
4.330000000000000000e+02 1.352416755809202498e-03
4.340000000000000000e+02 1.398495160495473282e-03
4.350000000000000000e+02 1.446063413786559306e-03
4.360000000000000000e+02 1.495170081430007144e-03
4.370000000000000000e+02 1.545865427151239726e-03
4.380000000000000000e+02 1.598201475668304490e-03
4.390000000000000000e+02 1.652232077966991376e-03
4.400000000000000000e+02 1.708012978906100782e-03
4.410000000000000000e+02 1.765601887224250988e-03
4.420000000000000000e+02 1.825058548021282496e-03
4.430000000000000000e+02 1.886444817788940223e-03
4.440000000000000000e+02 1.949824742067241597e-03
4.450000000000000000e+02 2.015264635804601794e-03
4.460000000000000000e+02 2.082833166501534862e-03
4.470000000000000000e+02 2.152601440219480307e-03
4.480000000000000000e+02 2.224643090538061096e-03
4.490000000000000000e+02 2.299034370545874947e-03
4.500000000000000000e+02 2.375854247951698830e-03
4.510000000000000000e+02 2.455184503404806134e-03
4.520000000000000000e+02 2.537109832114951228e-03
4.530000000000000000e+02 2.621717948864397615e-03
4.540000000000000000e+02 2.709099696506246310e-03
4.550000000000000000e+02 2.799349158045230570e-03
4.560000000000000000e+02 2.892563772398988858e-03
4.570000000000000000e+02 2.988844453939815474e-03
4.580000000000000000e+02 3.088295715918764391e-03
4.590000000000000000e+02 3.191025797875968097e-03
4.600000000000000000e+02 3.297146797142986533e-03
4.610000000000000000e+02 3.406774804544961035e-03
4.620000000000000000e+02 3.520030044412392548e-03
4.630000000000000000e+02 3.637037019014307138e-03
4.640000000000000000e+02 3.757924657526641801e-03
4.650000000000000000e+02 3.882826469651686711e-03
4.660000000000000000e+02 4.011880704006496115e-03
4.670000000000000000e+02 4.145230511400191040e-03
4.680000000000000000e+02 4.283024113122201569e-03
4.690000000000000000e+02 4.425414974365524806e-03
4.700000000000000000e+02 4.572561982911208314e-03
4.710000000000000000e+02 4.724629633202312787e-03
4.720000000000000000e+02 4.881788215937817726e-03
4.730000000000000000e+02 5.044214013318887649e-03
4.740000000000000000e+02 5.212089500082234782e-03
4.750000000000000000e+02 5.385603550457297890e-03
4.760000000000000000e+02 5.564951651186143475e-03
4.770000000000000000e+02 5.750336120747188279e-03
4.780000000000000000e+02 5.941966334925924582e-03
4.790000000000000000e+02 6.140058958878028515e-03
4.800000000000000000e+02 6.344838185832362733e-03
4.810000000000000000e+02 6.556535982583603511e-03
4.820000000000000000e+02 6.775392341926329137e-03
4.830000000000000000e+02 7.001655542184612169e-03
4.840000000000000000e+02 7.235582413993321346e-03
4.850000000000000000e+02 7.477438614489542029e-03
4.860000000000000000e+02 7.727498909074625652e-03
4.870000000000000000e+02 7.986047460909674600e-03
4.880000000000000000e+02 8.253378128309266440e-03
4.890000000000000000e+02 8.529794770200648316e-03
4.900000000000000000e+02 8.815611559817495418e-03
4.910000000000000000e+02 9.111153306799773394e-03
4.920000000000000000e+02 9.416755787873255096e-03
4.930000000000000000e+02 9.732766086284389689e-03
4.940000000000000000e+02 1.005954294016855183e-02
4.950000000000000000e+02 1.039745710003158255e-02
4.960000000000000000e+02 1.074689169552692225e-02
4.970000000000000000e+02 1.110824261171263622e-02
4.980000000000000000e+02 1.148191887497479469e-02
4.990000000000000000e+02 1.186834304880579963e-02
5.000000000000000000e+02 1.226795163962835118e-02
5.010000000000000000e+02 1.268119551285791166e-02
5.020000000000000000e+02 1.310854031939839848e-02
5.030000000000000000e+02 1.355046693276834233e-02
5.040000000000000000e+02 1.400747189705621801e-02
5.050000000000000000e+02 1.448006788590635793e-02
5.060000000000000000e+02 1.496878417273841098e-02
5.070000000000000000e+02 1.547416711240545695e-02
5.080000000000000000e+02 1.599678063449814711e-02
5.090000000000000000e+02 1.653720674850387568e-02
5.100000000000000000e+02 1.709604606103220376e-02
5.110000000000000000e+02 1.767391830531955810e-02
5.120000000000000000e+02 1.827146288322842316e-02
5.130000000000000000e+02 1.888933941995787208e-02
5.140000000000000000e+02 1.952822833168436217e-02
5.150000000000000000e+02 2.018883140635355927e-02
5.160000000000000000e+02 2.087187239784583925e-02
5.170000000000000000e+02 2.157809763374000933e-02
5.180000000000000000e+02 2.230827663690134952e-02
5.190000000000000000e+02 2.306320276112232975e-02
5.200000000000000000e+02 2.384369384104572526e-02
5.210000000000000000e+02 2.465059285660172600e-02
5.220000000000000000e+02 2.548476861219246825e-02
5.230000000000000000e+02 2.634711643085902930e-02
5.240000000000000000e+02 2.723855886366750509e-02
5.250000000000000000e+02 2.816004641455258778e-02
5.260000000000000000e+02 2.911255828085873576e-02
5.270000000000000000e+02 3.009710310982017384e-02
5.280000000000000000e+02 3.111471977122322319e-02
5.290000000000000000e+02 3.216647814649531423e-02
5.300000000000000000e+02 3.325347993446702705e-02
5.310000000000000000e+02 3.437685947405449971e-02
5.320000000000000000e+02 3.553778458411172014e-02
5.330000000000000000e+02 3.673745742070249481e-02
5.340000000000000000e+02 3.797711535204437855e-02
5.350000000000000000e+02 3.925803185137782814e-02
5.360000000000000000e+02 4.058151740801429347e-02
5.370000000000000000e+02 4.194892045681979098e-02
5.380000000000000000e+02 4.336162832639031683e-02
5.390000000000000000e+02 4.482106820617758058e-02
5.400000000000000000e+02 4.632870813282401190e-02
5.410000000000000000e+02 4.788605799596780399e-02
5.420000000000000000e+02 4.949467056377903490e-02
5.430000000000000000e+02 5.115614252848969812e-02
5.440000000000000000e+02 5.287211557218131353e-02
5.450000000000000000e+02 5.464427745309381745e-02
5.460000000000000000e+02 5.647436311272210213e-02
5.470000000000000000e+02 5.836415580396595026e-02
5.480000000000000000e+02 6.031548824060035952e-02
5.490000000000000000e+02 6.233024376833450064e-02
5.500000000000000000e+02 6.441035755772800409e-02
5.510000000000000000e+02 6.655781781923326978e-02
5.520000000000000000e+02 6.877466704063514569e-02
5.530000000000000000e+02 7.106300324715714156e-02
5.540000000000000000e+02 7.342498128450644646e-02
5.550000000000000000e+02 7.586281412512943523e-02
5.560000000000000000e+02 7.837877419794930800e-02
5.570000000000000000e+02 8.097519474185939370e-02
5.580000000000000000e+02 8.365447118324484399e-02
5.590000000000000000e+02 8.641906253780592961e-02
5.600000000000000000e+02 8.927149283695759441e-02
5.610000000000000000e+02 9.221435257907818761e-02
5.620000000000000000e+02 9.525030020588244606e-02
5.630000000000000000e+02 9.838206360419302077e-02
5.640000000000000000e+02 1.016124416333849534e-01
5.650000000000000000e+02 1.049443056787775358e-01
5.660000000000000000e+02 1.083806012312486522e-01
5.670000000000000000e+02 1.119243494933461064e-01
5.680000000000000000e+02 1.155786490121698401e-01
5.690000000000000000e+02 1.193466773393007385e-01
5.700000000000000000e+02 1.232316927180487492e-01
5.710000000000000000e+02 1.272370357982955946e-01
5.720000000000000000e+02 1.313661313792052199e-01
5.730000000000000000e+02 1.356224901800751614e-01
5.740000000000000000e+02 1.400097106396026025e-01
5.750000000000000000e+02 1.445314807438376203e-01
5.760000000000000000e+02 1.491915798830943107e-01
5.770000000000000000e+02 1.539938807380945573e-01
5.780000000000000000e+02 1.589423511956113144e-01
5.790000000000000000e+02 1.640410562938861005e-01
5.800000000000000000e+02 1.692941601980870459e-01
5.810000000000000000e+02 1.747059282060784702e-01
5.820000000000000000e+02 1.802807287847698614e-01
5.830000000000000000e+02 1.860230356373108462e-01
5.840000000000000000e+02 1.919374298013996616e-01
5.850000000000000000e+02 1.980286017789705533e-01
5.860000000000000000e+02 2.043013536975239186e-01
5.870000000000000000e+02 2.107606015033640368e-01
5.880000000000000000e+02 2.174113771870054834e-01
5.890000000000000000e+02 2.242588310410113528e-01
5.900000000000000000e+02 2.313082339505208029e-01
5.910000000000000000e+02 2.385649797167280206e-01
5.920000000000000000e+02 2.460345874135681510e-01
5.930000000000000000e+02 2.537227037778660432e-01
5.940000000000000000e+02 2.616351056332049674e-01
5.950000000000000000e+02 2.697777023477667124e-01
5.960000000000000000e+02 2.781565383263964741e-01
5.970000000000000000e+02 2.867777955371407783e-01
5.980000000000000000e+02 2.956477960725094056e-01
5.990000000000000000e+02 3.047730047457093971e-01
6.000000000000000000e+02 3.141600317220920036e-01
6.010000000000000000e+02 3.238156351860612681e-01
6.020000000000000000e+02 3.337467240436849947e-01
6.030000000000000000e+02 3.439603606612435249e-01
6.040000000000000000e+02 3.544637636399640690e-01
6.050000000000000000e+02 3.652643106271653561e-01
6.060000000000000000e+02 3.763695411640583521e-01
6.070000000000000000e+02 3.877871595704244223e-01
6.080000000000000000e+02 3.995250378664095270e-01
6.090000000000000000e+02 4.115912187316588255e-01
6.100000000000000000e+02 4.239939185020166756e-01
6.110000000000000000e+02 4.367415302040173475e-01
6.120000000000000000e+02 4.498426266273883867e-01
6.130000000000000000e+02 4.633059634357823975e-01
6.140000000000000000e+02 4.771404823159555164e-01
6.150000000000000000e+02 4.913553141656143985e-01
6.160000000000000000e+02 5.059597823201228417e-01
6.170000000000000000e+02 5.209634058183025829e-01
6.180000000000000000e+02 5.363759027075188923e-01
6.190000000000000000e+02 5.522071933882580774e-01
6.200000000000000000e+02 5.684674039983981242e-01
6.210000000000000000e+02 5.851668698373797550e-01
6.220000000000000000e+02 6.023161388304562047e-01
6.230000000000000000e+02 6.199259750332354324e-01
6.240000000000000000e+02 6.380073621766870762e-01
6.250000000000000000e+02 6.565715072528176544e-01
6.260000000000000000e+02 6.756298441411814348e-01
6.270000000000000000e+02 6.951940372764294773e-01
6.280000000000000000e+02 7.152759853570538340e-01
6.290000000000000000e+02 7.358878250955208644e-01
6.300000000000000000e+02 7.570419350099553135e-01
6.310000000000000000e+02 7.787509392575469036e-01
6.320000000000000000e+02 8.010277115098519696e-01
6.330000000000000000e+02 8.238853788701414604e-01
6.340000000000000000e+02 8.473373258329701674e-01
6.350000000000000000e+02 8.713971982861120624e-01
6.360000000000000000e+02 8.960789075550196214e-01
6.370000000000000000e+02 9.213966344899563454e-01
6.380000000000000000e+02 9.473648335959563571e-01
6.390000000000000000e+02 9.739982372057416349e-01
6.400000000000000000e+02 1.001311859695746431e+00
6.410000000000000000e+02 1.029321001745382880e+00
6.420000000000000000e+02 1.058041254639685791e+00
6.430000000000000000e+02 1.087488504615447660e+00
6.440000000000000000e+02 1.117678937250998761e+00
6.450000000000000000e+02 1.148629041899738912e+00
6.460000000000000000e+02 1.180355616167521937e+00
6.470000000000000000e+02 1.212875770434047595e+00
6.480000000000000000e+02 1.246206932418347346e+00
6.490000000000000000e+02 1.280366851788464322e+00
6.500000000000000000e+02 1.315373604815453845e+00
6.510000000000000000e+02 1.351245599071793979e+00
6.520000000000000000e+02 1.388001578174295592e+00
6.530000000000000000e+02 1.425660626571617851e+00
6.540000000000000000e+02 1.464242174376470196e+00
6.550000000000000000e+02 1.503766002242589606e+00
6.560000000000000000e+02 1.544252246286560881e+00
6.570000000000000000e+02 1.585721403054591638e+00
6.580000000000000000e+02 1.628194334534269094e+00
6.590000000000000000e+02 1.671692273211397906e+00
6.600000000000000000e+02 1.716236827171984780e+00
6.610000000000000000e+02 1.761849985249415607e+00
6.620000000000000000e+02 1.808554122216892823e+00
6.630000000000000000e+02 1.856372004025186540e+00
6.640000000000000000e+02 1.905326793085743819e+00
6.650000000000000000e+02 1.955442053599202090e+00
6.660000000000000000e+02 2.006741756929351972e+00
6.670000000000000000e+02 2.059250287022584835e+00
6.680000000000000000e+02 2.112992445872852176e+00
6.690000000000000000e+02 2.167993459032167891e+00
6.700000000000000000e+02 2.224278981166698976e+00
6.710000000000000000e+02 2.281875101658411342e+00
6.720000000000000000e+02 2.340808350252360892e+00
6.730000000000000000e+02 2.401105702749572579e+00
6.740000000000000000e+02 2.462794586745554071e+00
6.750000000000000000e+02 2.525902887414444020e+00
6.760000000000000000e+02 2.590458953338787396e+00
6.770000000000000000e+02 2.656491602384927209e+00
6.780000000000000000e+02 2.724030127624007314e+00
6.790000000000000000e+02 2.793104303298592939e+00
6.800000000000000000e+02 2.863744390834864095e+00
6.810000000000000000e+02 2.935981144900356998e+00
6.820000000000000000e+02 3.009845819507261044e+00
6.830000000000000000e+02 3.085370174161202961e+00
6.840000000000000000e+02 3.162586480055512350e+00
6.850000000000000000e+02 3.241527526310906460e+00
6.860000000000000000e+02 3.322226626260564419e+00
6.870000000000000000e+02 3.404717623780546543e+00
6.880000000000000000e+02 3.489034899665476530e+00
6.890000000000000000e+02 3.575213378049481250e+00
6.900000000000000000e+02 3.663288532872281955e+00
6.910000000000000000e+02 3.753296394390394308e+00
6.920000000000000000e+02 3.845273555733357718e+00
6.930000000000000000e+02 3.939257179504932260e+00
6.940000000000000000e+02 4.035285004429152167e+00
6.950000000000000000e+02 4.133395352041239867e+00
6.960000000000000000e+02 4.233627133423150113e+00
6.970000000000000000e+02 4.336019855983801463e+00
6.980000000000000000e+02 4.440613630283801072e+00
6.990000000000000000e+02 4.547449176904610368e+00
7.000000000000000000e+02 4.656567833362016628e+00
7.010000000000000000e+02 4.768011561063847381e+00
7.020000000000000000e+02 4.881822952311752672e+00
7.030000000000000000e+02 4.998045237347009007e+00
7.040000000000000000e+02 5.116722291440144232e+00
7.050000000000000000e+02 5.237898642024351403e+00
7.060000000000000000e+02 5.361619475872457130e+00
7.070000000000000000e+02 5.487930646317422223e+00
7.080000000000000000e+02 5.616878680516130373e+00
7.090000000000000000e+02 5.748510786756393820e+00
7.100000000000000000e+02 5.882874861807021460e+00
7.110000000000000000e+02 6.020019498310753114e+00
7.120000000000000000e+02 6.159993992219965797e+00
7.130000000000000000e+02 6.302848350274930844e+00
7.140000000000000000e+02 6.448633297524542840e+00
7.150000000000000000e+02 6.597400284889251232e+00
7.160000000000000000e+02 6.749201496766092490e+00
7.170000000000000000e+02 6.904089858675632740e+00
7.180000000000000000e+02 7.062119044950631697e+00
7.190000000000000000e+02 7.223343486466271557e+00
7.200000000000000000e+02 7.387818378411695086e+00
7.210000000000000000e+02 7.555599688102736522e+00
7.220000000000000000e+02 7.726744162835629481e+00
7.230000000000000000e+02 7.901309337781444064e+00
7.240000000000000000e+02 8.079353543921129699e+00
7.250000000000000000e+02 8.260935916020901715e+00
7.260000000000000000e+02 8.446116400647721179e+00
7.270000000000000000e+02 8.634955764224798713e+00
7.280000000000000000e+02 8.827515601126698641e+00
7.290000000000000000e+02 9.023858341814015915e+00
7.300000000000000000e+02 9.224047261007271459e+00
7.310000000000000000e+02 9.428146485899796758e+00
7.320000000000000000e+02 9.636221004409494029e+00
7.330000000000000000e+02 9.848336673469065161e+00
7.340000000000000000e+02 1.006456022735460287e+01
7.350000000000000000e+02 1.028495928605218168e+01
7.360000000000000000e+02 1.050960236366238298e+01
7.370000000000000000e+02 1.073855887684218402e+01
7.380000000000000000e+02 1.097189915328438303e+01
7.390000000000000000e+02 1.120969444023379857e+01
7.400000000000000000e+02 1.145201691304053249e+01
7.410000000000000000e+02 1.169893968374942794e+01
7.420000000000000000e+02 1.195053680972605470e+01
7.430000000000000000e+02 1.220688330231842933e+01
7.440000000000000000e+02 1.246805513555453437e+01
7.450000000000000000e+02 1.273412925487522074e+01
7.460000000000000000e+02 1.300518358590208834e+01
7.470000000000000000e+02 1.328129704324044802e+01
7.480000000000000000e+02 1.356254953931655827e+01
7.490000000000000000e+02 1.384902199324917582e+01
7.500000000000000000e+02 1.414079633975513062e+01
7.510000000000000000e+02 1.443795553808835663e+01
7.520000000000000000e+02 1.474058358101242305e+01
7.530000000000000000e+02 1.504876550380591915e+01
7.540000000000000000e+02 1.536258739330065204e+01
7.550000000000000000e+02 1.568213639695216344e+01
7.560000000000000000e+02 1.600750073194233281e+01
7.570000000000000000e+02 1.633876969431375414e+01
7.580000000000000000e+02 1.667603366813544241e+01
7.590000000000000000e+02 1.701938413469968481e+01
7.600000000000000000e+02 1.736891368174974914e+01
7.610000000000000000e+02 1.772471601273775477e+01
7.620000000000000000e+02 1.808688595611291561e+01
7.630000000000000000e+02 1.845551947463931697e+01
7.640000000000000000e+02 1.883071367474326152e+01
7.650000000000000000e+02 1.921256681588946691e+01
7.660000000000000000e+02 1.960117831998619309e+01
7.670000000000000000e+02 1.999664878081859598e+01
7.680000000000000000e+02 2.039907997351008362e+01
7.690000000000000000e+02 2.080857486401138701e+01
7.700000000000000000e+02 2.122523761861677016e+01
7.710000000000000000e+02 2.164917361350744685e+01
7.720000000000000000e+02 2.208048944432118432e+01
7.730000000000000000e+02 2.251929293574840329e+01
7.740000000000000000e+02 2.296569315115391419e+01
7.750000000000000000e+02 2.341980040222424364e+01
7.760000000000000000e+02 2.388172625863984067e+01
7.770000000000000000e+02 2.435158355777222994e+01
7.780000000000000000e+02 2.482948641440522408e+01
7.790000000000000000e+02 2.531555023048029796e+01
7.800000000000000000e+02 2.580989170486533268e+01
7.810000000000000000e+02 2.631262884314659800e+01
7.820000000000000000e+02 2.682388096744355366e+01
7.830000000000000000e+02 2.734376872624596189e+01
7.840000000000000000e+02 2.787241410427302313e+01
7.850000000000000000e+02 2.840994043235403410e+01
7.860000000000000000e+02 2.895647239733040834e+01
7.870000000000000000e+02 2.951213605197832734e+01
7.880000000000000000e+02 3.007705882495185890e+01
7.890000000000000000e+02 3.065136953074608073e+01
7.900000000000000000e+02 3.123519837967972634e+01
7.910000000000000000e+02 3.182867698789713273e+01
7.920000000000000000e+02 3.243193838738886114e+01
7.930000000000000000e+02 3.304511703603058947e+01
7.940000000000000000e+02 3.366834882764025849e+01
7.950000000000000000e+02 3.430177110205239899e+01
7.960000000000000000e+02 3.494552265520981393e+01
7.970000000000000000e+02 3.559974374927184471e+01
7.980000000000000000e+02 3.626457612273897979e+01
7.990000000000000000e+02 3.694016300059328728e+01
8.000000000000000000e+02 3.762664910445427324e+01
8.010000000000000000e+02 3.832418066274988178e+01
8.020000000000000000e+02 3.903290542090180537e+01
8.030000000000000000e+02 3.975297265152531878e+01
8.040000000000000000e+02 4.048453316464244978e+01
8.050000000000000000e+02 4.122773931790889179e+01
8.060000000000000000e+02 4.198274502685340082e+01
8.070000000000000000e+02 4.274970577512982572e+01
8.080000000000000000e+02 4.352877862478117521e+01
8.090000000000000000e+02 4.432012222651519551e+01
8.100000000000000000e+02 4.512389682999095442e+01
8.110000000000000000e+02 4.594026429411648849e+01
8.120000000000000000e+02 4.676938809735631963e+01
8.130000000000000000e+02 4.761143334804899041e+01
8.140000000000000000e+02 4.846656679473418450e+01
8.150000000000000000e+02 4.933495683648820318e+01
8.160000000000000000e+02 5.021677353326863624e+01
8.170000000000000000e+02 5.111218861626662857e+01
8.180000000000000000e+02 5.202137549826699825e+01
8.190000000000000000e+02 5.294450928401532508e+01
8.200000000000000000e+02 5.388176678059209479e+01
8.210000000000000000e+02 5.483332650779269812e+01
8.220000000000000000e+02 5.579936870851368980e+01
8.230000000000000000e+02 5.678007535914427706e+01
8.240000000000000000e+02 5.777563017996240546e+01
8.250000000000000000e+02 5.878621864553606713e+01
8.260000000000000000e+02 5.981202799512811197e+01
8.270000000000000000e+02 6.085324724310471822e+01
8.280000000000000000e+02 6.191006718934720254e+01
8.290000000000000000e+02 6.298268042966643065e+01
8.300000000000000000e+02 6.407128136621942360e+01
8.310000000000000000e+02 6.517606621792802457e+01
8.320000000000000000e+02 6.629723303089845388e+01
8.330000000000000000e+02 6.743498168884219979e+01
8.340000000000000000e+02 6.858951392349713672e+01
8.350000000000000000e+02 6.976103332504884236e+01
8.360000000000000000e+02 7.094974535255109060e+01
8.370000000000000000e+02 7.215585734434579024e+01
8.380000000000000000e+02 7.337957852848151674e+01
8.390000000000000000e+02 7.462112003313019670e+01
8.400000000000000000e+02 7.588069489700120585e+01
8.410000000000000000e+02 7.715851807975352017e+01
8.420000000000000000e+02 7.845480647240391647e+01
8.430000000000000000e+02 7.976977890773203228e+01
8.440000000000000000e+02 8.110365617068116251e+01
8.450000000000000000e+02 8.245666100875473603e+01
8.460000000000000000e+02 8.382901814240747740e+01
8.470000000000000000e+02 8.522095427543168000e+01
8.480000000000000000e+02 8.663269810533711279e+01
8.490000000000000000e+02 8.806448033372468842e+01
8.500000000000000000e+02 8.951653367665386440e+01
8.510000000000000000e+02 9.098909287500221410e+01
8.520000000000000000e+02 9.248239470481748015e+01
8.530000000000000000e+02 9.399667798766191140e+01
8.540000000000000000e+02 9.553218360094771811e+01
8.550000000000000000e+02 9.708915448826310524e+01
8.560000000000000000e+02 9.866783566969007779e+01
8.570000000000000000e+02 1.002684742521106926e+02
8.580000000000000000e+02 1.018913194395049118e+02
8.590000000000000000e+02 1.035366225432355805e+02
8.600000000000000000e+02 1.052046369923238558e+02
8.610000000000000000e+02 1.068956183437121865e+02
8.620000000000000000e+02 1.086098242925150430e+02
8.630000000000000000e+02 1.103475146822579660e+02
8.640000000000000000e+02 1.121089515151022198e+02
8.650000000000000000e+02 1.138943989620575934e+02
8.660000000000000000e+02 1.157041233731798116e+02
8.670000000000000000e+02 1.175383932877548858e+02
8.680000000000000000e+02 1.193974794444680754e+02
8.690000000000000000e+02 1.212816547915574148e+02
8.700000000000000000e+02 1.231911944969523773e+02
8.710000000000000000e+02 1.251263759583960962e+02
8.720000000000000000e+02 1.270874788135504616e+02
8.730000000000000000e+02 1.290747849500858422e+02
8.740000000000000000e+02 1.310885785157517205e+02
8.750000000000000000e+02 1.331291459284307734e+02
8.760000000000000000e+02 1.351967758861740663e+02
8.770000000000000000e+02 1.372917593772181135e+02
8.780000000000000000e+02 1.394143896899824711e+02
8.790000000000000000e+02 1.415649624230479731e+02
8.800000000000000000e+02 1.437437754951149600e+02
8.810000000000000000e+02 1.459511291549416967e+02
8.820000000000000000e+02 1.481873259912608205e+02
8.830000000000000000e+02 1.504526709426764910e+02
8.840000000000000000e+02 1.527474713075380919e+02
8.850000000000000000e+02 1.550720367537927871e+02
8.860000000000000000e+02 1.574266793288156805e+02
8.870000000000000000e+02 1.598117134692172101e+02
8.880000000000000000e+02 1.622274560106268382e+02
8.890000000000000000e+02 1.646742261974532084e+02
8.900000000000000000e+02 1.671523456926208553e+02
8.910000000000000000e+02 1.696621385872815324e+02
8.920000000000000000e+02 1.722039314105012693e+02
8.930000000000000000e+02 1.747780531389219902e+02
8.940000000000000000e+02 1.773848352063970424e+02
8.950000000000000000e+02 1.800246115136012577e+02
8.960000000000000000e+02 1.826977184376147250e+02
8.970000000000000000e+02 1.854044948414781118e+02
8.980000000000000000e+02 1.881452820837226056e+02
8.990000000000000000e+02 1.909204240278715190e+02
9.000000000000000000e+02 1.937302670519127616e+02
9.010000000000000000e+02 1.965751600577445402e+02
9.020000000000000000e+02 1.994554544805914702e+02
9.030000000000000000e+02 2.023715042983908461e+02
9.040000000000000000e+02 2.053236660411502044e+02
9.050000000000000000e+02 2.083122988002746467e+02
9.060000000000000000e+02 2.113377642378634675e+02
9.070000000000000000e+02 2.144004265959760573e+02
9.080000000000000000e+02 2.175006527058673953e+02
9.090000000000000000e+02 2.206388119971909703e+02
9.100000000000000000e+02 2.238152765071706654e+02
9.110000000000000000e+02 2.270304208897392471e+02
9.120000000000000000e+02 2.302846224246463294e+02
9.130000000000000000e+02 2.335782610265307824e+02
9.140000000000000000e+02 2.369117192539612518e+02
9.150000000000000000e+02 2.402853823184437374e+02
9.160000000000000000e+02 2.436996380933922808e+02
9.170000000000000000e+02 2.471548771230690136e+02
9.180000000000000000e+02 2.506514926314854392e+02
9.190000000000000000e+02 2.541898805312721663e+02
9.200000000000000000e+02 2.577704394325102157e+02
9.210000000000000000e+02 2.613935706515283641e+02
9.220000000000000000e+02 2.650596782196640788e+02
9.230000000000000000e+02 2.687691688919857711e+02
9.240000000000000000e+02 2.725224521559828190e+02
9.250000000000000000e+02 2.763199402402118494e+02
9.260000000000000000e+02 2.801620481229117559e+02
9.270000000000000000e+02 2.840491935405770505e+02
9.280000000000000000e+02 2.879817969964935287e+02
9.290000000000000000e+02 2.919602817692369854e+02
9.300000000000000000e+02 2.959850739211304358e+02
9.310000000000000000e+02 3.000566023066647858e+02
9.320000000000000000e+02 3.041752985808779499e+02
9.330000000000000000e+02 3.083415972076948606e+02
9.340000000000000000e+02 3.125559354682278013e+02
9.350000000000000000e+02 3.168187534690346183e+02
9.360000000000000000e+02 3.211304941503382224e+02
9.370000000000000000e+02 3.254916032942033439e+02
9.380000000000000000e+02 3.299025295326722471e+02
9.390000000000000000e+02 3.343637243558592331e+02
9.400000000000000000e+02 3.388756421200022828e+02
9.410000000000000000e+02 3.434387400554718965e+02
9.420000000000000000e+02 3.480534782747405984e+02
9.430000000000000000e+02 3.527203197803040098e+02
9.440000000000000000e+02 3.574397304725628715e+02
9.450000000000000000e+02 3.622121791576602163e+02
9.460000000000000000e+02 3.670381375552745453e+02
9.470000000000000000e+02 3.719180803063686653e+02
9.480000000000000000e+02 3.768524849808956105e+02
9.490000000000000000e+02 3.818418320854569288e+02
9.500000000000000000e+02 3.868866050709185060e+02
9.510000000000000000e+02 3.919872903399812571e+02
9.520000000000000000e+02 3.971443772547038407e+02
9.530000000000000000e+02 4.023583581439820023e+02
9.540000000000000000e+02 4.076297283109803971e+02
9.550000000000000000e+02 4.129589860405190507e+02
9.560000000000000000e+02 4.183466326064130385e+02
9.570000000000000000e+02 4.237931722787635636e+02
9.580000000000000000e+02 4.292991123312048103e+02
9.590000000000000000e+02 4.348649630481010604e+02
9.600000000000000000e+02 4.404912377316974812e+02
9.610000000000000000e+02 4.461784527092218582e+02
9.620000000000000000e+02 4.519271273399396023e+02
9.630000000000000000e+02 4.577377840221589054e+02
9.640000000000000000e+02 4.636109482001889432e+02
9.650000000000000000e+02 4.695471483712471468e+02
9.660000000000000000e+02 4.755469160923182130e+02
9.670000000000000000e+02 4.816107859869659364e+02
9.680000000000000000e+02 4.877392957520901291e+02
9.690000000000000000e+02 4.939329861646410791e+02
9.700000000000000000e+02 5.001924010882760854e+02
9.710000000000000000e+02 5.065180874799722801e+02
9.720000000000000000e+02 5.129105953965840854e+02
9.730000000000000000e+02 5.193704780013546269e+02
9.740000000000000000e+02 5.258982915703711569e+02
9.750000000000000000e+02 5.324945954989726715e+02
9.760000000000000000e+02 5.391599523081067673e+02
9.770000000000000000e+02 5.458949276506310753e+02
9.780000000000000000e+02 5.527000903175664916e+02
9.790000000000000000e+02 5.595760122442981128e+02
9.800000000000000000e+02 5.665232685167213731e+02
9.810000000000000000e+02 5.735424373773387288e+02
9.820000000000000000e+02 5.806341002313017725e+02
9.830000000000000000e+02 5.877988416524030981e+02
9.840000000000000000e+02 5.950372493890109808e+02
9.850000000000000000e+02 6.023499143699544902e+02
9.860000000000000000e+02 6.097374307103544879e+02
9.870000000000000000e+02 6.172003957174015341e+02
9.880000000000000000e+02 6.247394098960771771e+02
9.890000000000000000e+02 6.323550769548253356e+02
9.900000000000000000e+02 6.400480038111669501e+02
9.910000000000000000e+02 6.478188005972621113e+02
9.920000000000000000e+02 6.556680806654151183e+02
9.930000000000000000e+02 6.635964605935300824e+02
9.940000000000000000e+02 6.716045601905045714e+02
9.950000000000000000e+02 6.796930025015758474e+02
9.960000000000000000e+02 6.878624138136066222e+02
9.970000000000000000e+02 6.961134236603173804e+02
9.980000000000000000e+02 7.044466648274657246e+02
9.990000000000000000e+02 7.128627733579642154e+02
