# BB temperature (K); Intensity through filter (ph/s/m^2/mas^2)
1.000000000000000000e+01 0.000000000000000000e+00
1.100000000000000000e+01 0.000000000000000000e+00
1.200000000000000000e+01 0.000000000000000000e+00
1.300000000000000000e+01 0.000000000000000000e+00
1.400000000000000000e+01 0.000000000000000000e+00
1.500000000000000000e+01 0.000000000000000000e+00
1.600000000000000000e+01 0.000000000000000000e+00
1.700000000000000000e+01 0.000000000000000000e+00
1.800000000000000000e+01 0.000000000000000000e+00
1.900000000000000000e+01 0.000000000000000000e+00
2.000000000000000000e+01 0.000000000000000000e+00
2.100000000000000000e+01 1.292430515407944363e-111
2.200000000000000000e+01 1.716078464536336805e-106
2.300000000000000000e+01 8.189579229075122529e-102
2.400000000000000000e+01 1.596190753474746887e-97
2.500000000000000000e+01 1.414595518250900926e-93
2.600000000000000000e+01 6.242495459416534718e-90
2.700000000000000000e+01 1.482086207900567819e-86
2.800000000000000000e+01 2.022967001239279560e-83
2.900000000000000000e+01 1.680902880740611232e-80
3.000000000000000000e+01 8.934348940792110040e-78
3.100000000000000000e+01 3.171765881994179097e-75
3.200000000000000000e+01 7.810268954901210338e-73
3.300000000000000000e+01 1.379044967854231756e-70
3.400000000000000000e+01 1.797892954801664520e-68
3.500000000000000000e+01 1.776209719930620678e-66
3.600000000000000000e+01 1.360787072702805797e-64
3.700000000000000000e+01 8.252579100607966192e-63
3.800000000000000000e+01 4.035439290135030389e-61
3.900000000000000000e+01 1.617603156326327589e-59
4.000000000000000000e+01 5.395037712335456097e-58
4.100000000000000000e+01 1.517364330618400927e-56
4.200000000000000000e+01 3.642796446887650085e-55
4.300000000000000000e+01 7.547724413189568471e-54
4.400000000000000000e+01 1.363280077334829758e-52
4.500000000000000000e+01 2.166244806757335761e-51
4.600000000000000000e+01 3.053545938659348108e-50
4.700000000000000000e+01 3.847593398636680897e-49
4.800000000000000000e+01 4.364145809877591847e-48
4.900000000000000000e+01 4.484609829218269267e-47
5.000000000000000000e+01 4.199837590058693268e-46
5.100000000000000000e+01 3.604033317004787658e-45
5.200000000000000000e+01 2.848248594352434481e-44
5.300000000000000000e+01 2.082665442166723674e-43
5.400000000000000000e+01 1.415089858571924671e-42
5.500000000000000000e+01 8.970279612636037263e-42
5.600000000000000000e+01 5.324713926418971120e-41
5.700000000000000000e+01 2.969976127570972498e-40
5.800000000000000000e+01 1.561604094983242439e-39
5.900000000000000000e+01 7.763378513644882152e-39
6.000000000000000000e+01 3.659371018709183980e-38
6.100000000000000000e+01 1.639730898591237195e-37
6.200000000000000000e+01 7.001816812590172415e-37
6.300000000000000000e+01 2.855717832067301418e-36
6.400000000000000000e+01 1.114855628728733210e-35
6.500000000000000000e+01 4.174418469762179436e-35
6.600000000000000000e+01 1.501999369694001599e-34
6.700000000000000000e+01 5.202516532100740026e-34
6.800000000000000000e+01 1.737622501637287351e-33
6.900000000000000000e+01 5.605082363543677570e-33
7.000000000000000000e+01 1.748801943479493163e-32
7.100000000000000000e+01 5.284971583348907792e-32
7.200000000000000000e+01 1.549051524995114001e-31
7.300000000000000000e+01 4.409169741540654426e-31
7.400000000000000000e+01 1.220205712855526881e-30
7.500000000000000000e+01 3.286889262042680569e-30
7.600000000000000000e+01 8.627365556951923967e-30
7.700000000000000000e+01 2.208789382256762837e-29
7.800000000000000000e+01 5.521198952470848237e-29
7.900000000000000000e+01 1.348699204221386396e-28
8.000000000000000000e+01 3.222404445496138242e-28
8.100000000000000000e+01 7.536872232299598923e-28
8.200000000000000000e+01 1.727009866187107520e-27
8.300000000000000000e+01 3.879913593544244398e-27
8.400000000000000000e+01 8.552429855408961245e-27
8.500000000000000000e+01 1.850974829817136137e-26
8.600000000000000000e+01 3.935916430742381924e-26
8.700000000000000000e+01 8.228199705266147170e-26
8.800000000000000000e+01 1.692177077250298154e-25
8.900000000000000000e+01 3.425525319239962121e-25
9.000000000000000000e+01 6.829641794209041323e-25
9.100000000000000000e+01 1.341832387278094196e-24
9.200000000000000000e+01 2.599323141003472071e-24
9.300000000000000000e+01 4.967162308816214636e-24
9.400000000000000000e+01 9.368277582493098799e-24
9.500000000000000000e+01 1.744716890386664079e-23
9.600000000000000000e+01 3.210022713145626873e-23
9.700000000000000000e+01 5.837235312181319089e-23
9.800000000000000000e+01 1.049577365967725854e-22
9.900000000000000000e+01 1.866880169805857542e-22
1.000000000000000000e+02 3.286201817839472608e-22
1.010000000000000000e+02 5.726951113256424582e-22
1.020000000000000000e+02 9.884948931764888220e-22
1.030000000000000000e+02 1.690487325552114305e-21
1.040000000000000000e+02 2.865465990880351388e-21
1.050000000000000000e+02 4.815907421301765332e-21
1.060000000000000000e+02 8.028019522446583777e-21
1.070000000000000000e+02 1.327785840154194780e-20
1.080000000000000000e+02 2.179579339935014820e-20
1.090000000000000000e+02 3.551989556943569351e-20
1.100000000000000000e+02 5.748409876379532801e-20
1.110000000000000000e+02 9.240952202582158477e-20
1.120000000000000000e+02 1.476004271674398626e-19
1.130000000000000000e+02 2.342945927512380743e-19
1.140000000000000000e+02 3.696880437372815116e-19
1.150000000000000000e+02 5.799554244583113387e-19
1.160000000000000000e+02 9.047329226542443264e-19
1.170000000000000000e+02 1.403738756279906200e-18
1.180000000000000000e+02 2.166502026411991188e-18
1.190000000000000000e+02 3.326588888806185887e-18
1.200000000000000000e+02 5.082302909862442227e-18
1.210000000000000000e+02 7.726658585339060657e-18
1.220000000000000000e+02 1.169057037489893533e-17
1.230000000000000000e+02 1.760478118720132327e-17
1.240000000000000000e+02 2.638823020686735886e-17
1.250000000000000000e+02 3.937353763164443327e-17
1.260000000000000000e+02 5.848433701180651269e-17
1.270000000000000000e+02 8.648467378214249379e-17
1.280000000000000000e+02 1.273280803348175561e-16
1.290000000000000000e+02 1.866438426226293004e-16
1.300000000000000000e+02 2.724111772653137900e-16
1.310000000000000000e+02 3.958895516734795570e-16
1.320000000000000000e+02 5.728964936955770195e-16
1.330000000000000000e+02 8.255545928483552916e-16
1.340000000000000000e+02 1.184669068197512735e-15
1.350000000000000000e+02 1.692948881312951526e-15
1.360000000000000000e+02 2.409351179358012549e-15
1.370000000000000000e+02 3.414914943501266442e-15
1.380000000000000000e+02 4.820560154409885848e-15
1.390000000000000000e+02 6.777469823272276382e-15
1.400000000000000000e+02 9.490851563455133953e-15
1.410000000000000000e+02 1.323810240884035539e-14
1.420000000000000000e+02 1.839268679596944781e-14
1.430000000000000000e+02 2.545539694812347660e-14
1.440000000000000000e+02 3.509511416882034773e-14
1.450000000000000000e+02 4.820174904176193635e-14
1.460000000000000000e+02 6.595473255225334084e-14
1.470000000000000000e+02 8.991128772619594754e-14
1.480000000000000000e+02 1.221197670743435255e-13
1.490000000000000000e+02 1.652646358843796162e-13
1.500000000000000000e+02 2.228512635887586607e-13
1.510000000000000000e+02 2.994406119703037417e-13
1.520000000000000000e+02 4.009462465942139625e-13
1.530000000000000000e+02 5.350089245690440957e-13
1.540000000000000000e+02 7.114674183720118027e-13
1.550000000000000000e+02 9.429483274543866232e-13
1.560000000000000000e+02 1.245602528641321664e-12
1.570000000000000000e+02 1.640021763612508972e-12
1.580000000000000000e+02 2.152375818685244817e-12
1.590000000000000000e+02 2.815819004015951211e-12
1.600000000000000000e+02 3.672224397892111148e-12
1.610000000000000000e+02 4.774315828155340435e-12
1.620000000000000000e+02 6.188281090869492138e-12
1.630000000000000000e+02 7.996965766307264347e-12
1.640000000000000000e+02 1.030376553446317004e-11
1.650000000000000000e+02 1.323735651109179898e-11
1.660000000000000000e+02 1.695742826375630335e-11
1.670000000000000000e+02 2.166161332179012495e-11
1.680000000000000000e+02 2.759384071878522555e-11
1.690000000000000000e+02 3.505438001890033334e-11
1.700000000000000000e+02 4.441188706542041126e-11
1.710000000000000000e+02 5.611781411261993666e-11
1.720000000000000000e+02 7.072360590168741598e-11
1.730000000000000000e+02 8.890117054668038531e-11
1.740000000000000000e+02 1.114671908289613746e-10
1.750000000000000000e+02 1.394119287801629312e-10
1.760000000000000000e+02 1.739332754932832365e-10
1.770000000000000000e+02 2.164769102820546027e-10
1.780000000000000000e+02 2.687835600746864103e-10
1.790000000000000000e+02 3.329444928728104004e-10
1.800000000000000000e+02 4.114665399597284224e-10
1.810000000000000000e+02 5.073481221776895621e-10
1.820000000000000000e+02 6.241679580374616129e-10
1.830000000000000000e+02 7.661883578598894222e-10
1.840000000000000000e+02 9.384752609304429744e-10
1.850000000000000000e+02 1.147037454300615418e-09
1.860000000000000000e+02 1.398987725103171801e-09
1.870000000000000000e+02 1.702729045959823530e-09
1.880000000000000000e+02 2.068169278344588257e-09
1.890000000000000000e+02 2.506968304921816828e-09
1.900000000000000000e+02 3.032821972412477803e-09
1.910000000000000000e+02 3.661787745179955016e-09
1.920000000000000000e+02 4.412657540412545311e-09
1.930000000000000000e+02 5.307383842687815942e-09
1.940000000000000000e+02 6.371565883237980311e-09
1.950000000000000000e+02 7.635003422037467584e-09
1.960000000000000000e+02 9.132326493784230862e-09
1.970000000000000000e+02 1.090371037706958882e-08
1.980000000000000000e+02 1.299568602489619276e-08
1.990000000000000000e+02 1.546205725982561094e-08
2.000000000000000000e+02 1.836493719427990297e-08
2.010000000000000000e+02 2.177591759199531311e-08
2.020000000000000000e+02 2.577738624668645808e-08
2.030000000000000000e+02 3.046400892523072777e-08
2.040000000000000000e+02 3.594439401196205139e-08
2.050000000000000000e+02 4.234295970505661408e-08
2.060000000000000000e+02 4.980202546280936216e-08
2.070000000000000000e+02 5.848415138438008519e-08
2.080000000000000000e+02 6.857475134409269588e-08
2.090000000000000000e+02 8.028500798857013393e-08
2.100000000000000000e+02 9.385512016005219668e-08
2.110000000000000000e+02 1.095579159355521685e-07
2.120000000000000000e+02 1.277028672785865516e-07
2.130000000000000000e+02 1.486405452968022551e-07
2.140000000000000000e+02 1.727675582937791506e-07
2.150000000000000000e+02 2.005320182056192574e-07
2.160000000000000000e+02 2.324395846317996604e-07
2.170000000000000000e+02 2.690601395143762981e-07
2.180000000000000000e+02 3.110351495993545744e-07
2.190000000000000000e+02 3.590857781382781341e-07
2.200000000000000000e+02 4.140218118662659975e-07
2.210000000000000000e+02 4.767514741344198712e-07
2.220000000000000000e+02 5.482922001891113101e-07
2.230000000000000000e+02 6.297824559877670251e-07
2.240000000000000000e+02 7.224946876297325357e-07
2.250000000000000000e+02 8.278494944711219576e-07
2.260000000000000000e+02 9.474311252934394888e-07
2.270000000000000000e+02 1.083004403516567100e-06
2.280000000000000000e+02 1.236533194396326783e-06
2.290000000000000000e+02 1.410200534434343348e-06
2.300000000000000000e+02 1.606430550861979111e-06
2.310000000000000000e+02 1.827912307049221050e-06
2.320000000000000000e+02 2.077625718041925730e-06
2.330000000000000000e+02 2.358869689154657664e-06
2.340000000000000000e+02 2.675292639649402916e-06
2.350000000000000000e+02 3.030925583019875007e-06
2.360000000000000000e+02 3.430217945284301080e-06
2.370000000000000000e+02 3.878076312972867974e-06
2.380000000000000000e+02 4.379906313186065731e-06
2.390000000000000000e+02 4.941657839202379573e-06
2.400000000000000000e+02 5.569873846634300643e-06
2.410000000000000000e+02 6.271742957074380818e-06
2.420000000000000000e+02 7.055156118543728316e-06
2.430000000000000000e+02 7.928767584856636974e-06
2.440000000000000000e+02 8.902060489251161364e-06
2.450000000000000000e+02 9.985417301309113780e-06
2.460000000000000000e+02 1.119019547030186042e-05
2.470000000000000000e+02 1.252880857265263420e-05
2.480000000000000000e+02 1.401481329620269584e-05
2.490000000000000000e+02 1.566300260940761284e-05
2.500000000000000000e+02 1.748950547947131717e-05
2.510000000000000000e+02 1.951189351974786932e-05
2.520000000000000000e+02 2.174929496350297485e-05
2.530000000000000000e+02 2.422251637832652154e-05
2.540000000000000000e+02 2.695417255311971123e-05
2.550000000000000000e+02 2.996882500764452503e-05
2.560000000000000000e+02 3.329312959311059018e-05
2.570000000000000000e+02 3.695599367118411395e-05
2.580000000000000000e+02 4.098874337812571310e-05
2.590000000000000000e+02 4.542530150049412619e-05
2.600000000000000000e+02 5.030237650898080617e-05
2.610000000000000000e+02 5.565966331746325659e-05
2.620000000000000000e+02 6.154005635526367361e-05
2.630000000000000000e+02 6.798987556187701786e-05
2.640000000000000000e+02 7.505910593506559785e-05
2.650000000000000000e+02 8.280165128520359261e-05
2.660000000000000000e+02 9.127560287107703066e-05
2.670000000000000000e+02 1.005435236149930013e-04
2.680000000000000000e+02 1.106727486180086889e-04
2.690000000000000000e+02 1.217357027193468363e-04
2.700000000000000000e+02 1.338102358675995077e-04
2.710000000000000000e+02 1.469799770951231985e-04
2.720000000000000000e+02 1.613347079110801895e-04
2.730000000000000000e+02 1.769707559528604576e-04
2.740000000000000000e+02 1.939914097601172960e-04
2.750000000000000000e+02 2.125073555603407358e-04
2.760000000000000000e+02 2.326371369797557197e-04
2.770000000000000000e+02 2.545076386183652288e-04
2.780000000000000000e+02 2.782545944531081804e-04
2.790000000000000000e+02 3.040231220583879731e-04
2.800000000000000000e+02 3.319682836585865051e-04
2.810000000000000000e+02 3.622556750526323031e-04
2.820000000000000000e+02 3.950620434761716710e-04
2.830000000000000000e+02 4.305759354924183833e-04
2.840000000000000000e+02 4.689983760282784319e-04
2.850000000000000000e+02 5.105435796978451948e-04
2.860000000000000000e+02 5.554396955808262471e-04
2.870000000000000000e+02 6.039295866488462658e-04
2.880000000000000000e+02 6.562716450578805292e-04
2.890000000000000000e+02 7.127406445502388211e-04
2.900000000000000000e+02 7.736286312345780087e-04
2.910000000000000000e+02 8.392458540372675201e-04
2.920000000000000000e+02 9.099217361431453065e-04
2.930000000000000000e+02 9.860058887681132263e-04
2.940000000000000000e+02 1.067869168630285453e-03
2.950000000000000000e+02 1.155904780510311680e-03
2.960000000000000000e+02 1.250529426315156794e-03
2.970000000000000000e+02 1.352184502082949416e-03
2.980000000000000000e+02 1.461337344389488768e-03
2.990000000000000000e+02 1.578482527639584561e-03
3.000000000000000000e+02 1.704143213748660459e-03
3.010000000000000000e+02 1.838872555741757593e-03
3.020000000000000000e+02 1.983255156818488057e-03
3.030000000000000000e+02 2.137908586453273526e-03
3.040000000000000000e+02 2.303484955120629462e-03
3.050000000000000000e+02 2.480672549255000161e-03
3.060000000000000000e+02 2.670197528074034175e-03
3.070000000000000000e+02 2.872825683912815561e-03
3.080000000000000000e+02 3.089364267734736984e-03
3.090000000000000000e+02 3.320663881502131445e-03
3.100000000000000000e+02 3.567620439106712008e-03
3.110000000000000000e+02 3.831177197575982765e-03
3.120000000000000000e+02 4.112326860287318295e-03
3.130000000000000000e+02 4.412113753936164860e-03
3.140000000000000000e+02 4.731636081018922475e-03
3.150000000000000000e+02 5.072048249604336340e-03
3.160000000000000000e+02 5.434563282179760355e-03
3.170000000000000000e+02 5.820455305370421210e-03
3.180000000000000000e+02 6.231062122340755467e-03
3.190000000000000000e+02 6.667787869696970363e-03
3.200000000000000000e+02 7.132105760719241634e-03
3.210000000000000000e+02 7.625560916760486946e-03
3.220000000000000000e+02 8.149773288655910719e-03
3.230000000000000000e+02 8.706440669994529660e-03
3.240000000000000000e+02 9.297341804109220814e-03
3.250000000000000000e+02 9.924339586646964417e-03
3.260000000000000000e+02 1.058938436558461323e-02
3.270000000000000000e+02 1.129451734055852800e-02
3.280000000000000000e+02 1.204187406337845975e-02
3.290000000000000000e+02 1.283368804159681735e-02
3.300000000000000000e+02 1.367229444700474028e-02
3.310000000000000000e+02 1.456013393092537266e-02
3.320000000000000000e+02 1.549975654817242407e-02
3.330000000000000000e+02 1.649382579153976791e-02
3.340000000000000000e+02 1.754512273868319427e-02
3.350000000000000000e+02 1.865655031325082897e-02
3.360000000000000000e+02 1.983113766211249893e-02
3.370000000000000000e+02 2.107204465053136300e-02
3.380000000000000000e+02 2.238256647711311595e-02
3.390000000000000000e+02 2.376613841035857613e-02
3.400000000000000000e+02 2.522634064863587752e-02
3.410000000000000000e+02 2.676690330537652429e-02
3.420000000000000000e+02 2.839171152128847769e-02
3.430000000000000000e+02 3.010481070536446743e-02
3.440000000000000000e+02 3.191041190645147602e-02
3.450000000000000000e+02 3.381289731712995572e-02
3.460000000000000000e+02 3.581682591163656837e-02
3.470000000000000000e+02 3.792693921954584657e-02
3.480000000000000000e+02 4.014816723690816519e-02
3.490000000000000000e+02 4.248563447652177472e-02
3.500000000000000000e+02 4.494466615899667117e-02
3.510000000000000000e+02 4.753079454624518918e-02
3.520000000000000000e+02 5.024976541901460259e-02
3.530000000000000000e+02 5.310754470004926120e-02
3.540000000000000000e+02 5.611032522445046078e-02
3.550000000000000000e+02 5.926453365877206586e-02
3.560000000000000000e+02 6.257683757036677785e-02
3.570000000000000000e+02 6.605415264846957457e-02
3.580000000000000000e+02 6.970365007847598160e-02
3.590000000000000000e+02 7.353276407084452515e-02
3.600000000000000000e+02 7.754919954602275400e-02
3.610000000000000000e+02 8.176093997676416036e-02
3.620000000000000000e+02 8.617625538917263184e-02
3.630000000000000000e+02 9.080371052377740615e-02
3.640000000000000000e+02 9.565217315790879027e-02
3.650000000000000000e+02 1.007308225906101695e-01
3.660000000000000000e+02 1.060491582912854031e-01
3.670000000000000000e+02 1.116170087132473399e-01
3.680000000000000000e+02 1.174445402732933047e-01
3.690000000000000000e+02 1.235422664983978902e-01
3.700000000000000000e+02 1.299210573405747415e-01
3.710000000000000000e+02 1.365921486609188162e-01
3.720000000000000000e+02 1.435671518838017857e-01
3.730000000000000000e+02 1.508580638221534431e-01
3.740000000000000000e+02 1.584772766747186146e-01
3.750000000000000000e+02 1.664375881961398795e-01
3.760000000000000000e+02 1.747522120406715118e-01
3.770000000000000000e+02 1.834347882802902230e-01
3.780000000000000000e+02 1.924993940979191631e-01
3.790000000000000000e+02 2.019605546564455789e-01
3.800000000000000000e+02 2.118332541441597938e-01
3.810000000000000000e+02 2.221329469972017356e-01
3.820000000000000000e+02 2.328755692995565785e-01
3.830000000000000000e+02 2.440775503610929653e-01
3.840000000000000000e+02 2.557558244740897324e-01
3.850000000000000000e+02 2.679278428486513985e-01
3.860000000000000000e+02 2.806115857273687730e-01
3.870000000000000000e+02 2.938255746795223611e-01
3.880000000000000000e+02 3.075888850750932435e-01
3.890000000000000000e+02 3.219211587387809659e-01
3.900000000000000000e+02 3.368426167841950813e-01
3.910000000000000000e+02 3.523740726283263180e-01
3.920000000000000000e+02 3.685369451863559909e-01
3.930000000000000000e+02 3.853532722468199223e-01
3.940000000000000000e+02 4.028457240270821860e-01
3.950000000000000000e+02 4.210376169090340182e-01
3.960000000000000000e+02 4.399529273548733466e-01
3.970000000000000000e+02 4.596163060027816383e-01
3.980000000000000000e+02 4.800530919422513199e-01
3.990000000000000000e+02 5.012893271687755004e-01
4.000000000000000000e+02 5.233517712175619341e-01
4.010000000000000000e+02 5.462679159758712100e-01
4.020000000000000000e+02 5.700660006735407404e-01
4.030000000000000000e+02 5.947750270512032200e-01
4.040000000000000000e+02 6.204247747056479412e-01
4.050000000000000000e+02 6.470458166117359911e-01
4.060000000000000000e+02 6.746695348202181863e-01
4.070000000000000000e+02 7.033281363307649636e-01
4.080000000000000000e+02 7.330546691394540515e-01
4.090000000000000000e+02 7.638830384599269996e-01
4.100000000000000000e+02 7.958480231173575836e-01
4.110000000000000000e+02 8.289852921143462394e-01
4.120000000000000000e+02 8.633314213677788507e-01
4.130000000000000000e+02 8.989239106156674541e-01
4.140000000000000000e+02 9.358012004929180394e-01
4.150000000000000000e+02 9.740026897749300971e-01
4.160000000000000000e+02 1.013568752787891825e+00
4.170000000000000000e+02 1.054540756984567285e+00
4.180000000000000000e+02 1.096961080684341505e+00
4.190000000000000000e+02 1.140873130976236993e+00
4.200000000000000000e+02 1.186321361783560180e+00
4.210000000000000000e+02 1.233351292088797013e+00
4.220000000000000000e+02 1.282009524317324844e+00
4.230000000000000000e+02 1.332343762878474003e+00
4.240000000000000000e+02 1.384402832862406285e+00
4.250000000000000000e+02 1.438236698891238730e+00
4.260000000000000000e+02 1.493896484122829049e+00
4.270000000000000000e+02 1.551434489405517869e+00
4.280000000000000000e+02 1.610904212582176420e+00
4.290000000000000000e+02 1.672360367941773118e+00
4.300000000000000000e+02 1.735858905816711095e+00
4.310000000000000000e+02 1.801457032324063290e+00
4.320000000000000000e+02 1.869213229248872565e+00
4.330000000000000000e+02 1.939187274067578404e+00
4.340000000000000000e+02 2.011440260109626621e+00
4.350000000000000000e+02 2.086034616855263479e+00
4.360000000000000000e+02 2.163034130367493368e+00
4.370000000000000000e+02 2.242503963856094185e+00
4.380000000000000000e+02 2.324510678371625616e+00
4.390000000000000000e+02 2.409122253627241861e+00
4.400000000000000000e+02 2.496408108946147841e+00
4.410000000000000000e+02 2.586439124332464257e+00
4.420000000000000000e+02 2.679287661663242393e+00
4.430000000000000000e+02 2.775027585999359392e+00
4.440000000000000000e+02 2.873734287012915445e+00
4.450000000000000000e+02 2.975484700528848947e+00
4.460000000000000000e+02 3.080357330178288944e+00
4.470000000000000000e+02 3.188432269161297850e+00
4.480000000000000000e+02 3.299791222116488676e+00
4.490000000000000000e+02 3.414517527095069838e+00
4.500000000000000000e+02 3.532696177636760027e+00
4.510000000000000000e+02 3.654413844945081813e+00
4.520000000000000000e+02 3.779758900159389867e+00
4.530000000000000000e+02 3.908821436721091391e+00
4.540000000000000000e+02 4.041693292831388007e+00
4.550000000000000000e+02 4.178468073997910537e+00
4.560000000000000000e+02 4.319241175667533739e+00
4.570000000000000000e+02 4.464109805942714893e+00
4.580000000000000000e+02 4.613173008378548268e+00
4.590000000000000000e+02 4.766531684857880258e+00
4.600000000000000000e+02 4.924288618541605267e+00
4.610000000000000000e+02 5.086548496891453830e+00
4.620000000000000000e+02 5.253417934762339314e+00
4.630000000000000000e+02 5.425005497561541823e+00
4.640000000000000000e+02 5.601421724471768115e+00
4.650000000000000000e+02 5.782779151735304879e+00
4.660000000000000000e+02 5.969192335996278409e+00
4.670000000000000000e+02 6.160777877698224714e+00
4.680000000000000000e+02 6.357654444533917371e+00
4.690000000000000000e+02 6.559942794944623401e+00
4.700000000000000000e+02 6.767765801665768244e+00
4.710000000000000000e+02 6.981248475316064628e+00
4.720000000000000000e+02 7.200517988027125504e+00
4.730000000000000000e+02 7.425703697110544788e+00
4.740000000000000000e+02 7.656937168759495371e+00
4.750000000000000000e+02 7.894352201781764222e+00
4.760000000000000000e+02 8.138084851361243821e+00
4.770000000000000000e+02 8.388273452844853040e+00
4.780000000000000000e+02 8.645058645551792154e+00
4.790000000000000000e+02 8.908583396602198334e+00
4.800000000000000000e+02 9.178993024761956221e+00
4.810000000000000000e+02 9.456435224300854259e+00
4.820000000000000000e+02 9.741060088860786337e+00
4.830000000000000000e+02 1.003302013533108017e+01
4.840000000000000000e+02 1.033247032772784557e+01
4.850000000000000000e+02 1.063956810107421980e+01
4.860000000000000000e+02 1.095447338527850079e+01
4.870000000000000000e+02 1.127734862900703128e+01
4.880000000000000000e+02 1.160835882354885840e+01
4.890000000000000000e+02 1.194767152666889842e+01
4.900000000000000000e+02 1.229545688644679302e+01
4.910000000000000000e+02 1.265188766509812979e+01
4.920000000000000000e+02 1.301713926277510325e+01
4.930000000000000000e+02 1.339138974134359827e+01
4.940000000000000000e+02 1.377481984813336346e+01
4.950000000000000000e+02 1.416761303965859220e+01
4.960000000000000000e+02 1.456995550530551498e+01
4.970000000000000000e+02 1.498203619098422301e+01
4.980000000000000000e+02 1.540404682274147419e+01
4.990000000000000000e+02 1.583618193033154853e+01
5.000000000000000000e+02 1.627863887074216720e+01
5.010000000000000000e+02 1.673161785167234328e+01
5.020000000000000000e+02 1.719532195495925109e+01
5.030000000000000000e+02 1.766995715995109961e+01
5.040000000000000000e+02 1.815573236682293867e+01
5.050000000000000000e+02 1.865285941983259477e+01
5.060000000000000000e+02 1.916155313051350717e+01
5.070000000000000000e+02 1.968203130080190633e+01
5.080000000000000000e+02 2.021451474609492038e+01
5.090000000000000000e+02 2.075922731823709100e+01
5.100000000000000000e+02 2.131639592843214004e+01
5.110000000000000000e+02 2.188625057007725161e+01
5.120000000000000000e+02 2.246902434151680694e+01
5.130000000000000000e+02 2.306495346871288277e+01
5.140000000000000000e+02 2.367427732782965677e+01
5.150000000000000000e+02 2.429723846772862927e+01
5.160000000000000000e+02 2.493408263237228439e+01
5.170000000000000000e+02 2.558505878313299320e+01
5.180000000000000000e+02 2.625041912100457964e+01
5.190000000000000000e+02 2.693041910871376743e+01
5.200000000000000000e+02 2.762531749272881143e+01
5.210000000000000000e+02 2.833537632516244287e+01
5.220000000000000000e+02 2.906086098556654918e+01
5.230000000000000000e+02 2.980204020261596654e+01
5.240000000000000000e+02 3.055918607567855716e+01
5.250000000000000000e+02 3.133257409626907375e+01
5.260000000000000000e+02 3.212248316938418213e+01
5.270000000000000000e+02 3.292919563471593136e+01
5.280000000000000000e+02 3.375299728774133712e+01
5.290000000000000000e+02 3.459417740068528246e+01
5.300000000000000000e+02 3.545302874335438759e+01
5.310000000000000000e+02 3.632984760383921952e+01
5.320000000000000000e+02 3.722493380908264982e+01
5.330000000000000000e+02 3.813859074531138305e+01
5.340000000000000000e+02 3.907112537832894361e+01
5.350000000000000000e+02 4.002284827366702302e+01
5.360000000000000000e+02 4.099407361659331173e+01
5.370000000000000000e+02 4.198511923197332862e+01
5.380000000000000000e+02 4.299630660398370452e+01
5.390000000000000000e+02 4.402796089567514315e+01
5.400000000000000000e+02 4.508041096838219630e+01
5.410000000000000000e+02 4.615398940097805536e+01
5.420000000000000000e+02 4.724903250897196472e+01
5.430000000000000000e+02 4.836588036344715391e+01
5.440000000000000000e+02 4.950487680983701466e+01
5.450000000000000000e+02 5.066636948653760442e+01
5.460000000000000000e+02 5.185070984335414579e+01
5.470000000000000000e+02 5.305825315977958212e+01
5.480000000000000000e+02 5.428935856310336305e+01
5.490000000000000000e+02 5.554438904634778851e+01
5.500000000000000000e+02 5.682371148603090916e+01
5.510000000000000000e+02 5.812769665975299915e+01
5.520000000000000000e+02 5.945671926360567028e+01
5.530000000000000000e+02 6.081115792940079956e+01
5.540000000000000000e+02 6.219139524171823297e+01
5.550000000000000000e+02 6.359781775476984933e+01
5.560000000000000000e+02 6.503081600907860604e+01
5.570000000000000000e+02 6.649078454797039228e+01
5.580000000000000000e+02 6.797812193387733259e+01
5.590000000000000000e+02 6.949323076445058689e+01
5.600000000000000000e+02 7.103651768848118309e+01
5.610000000000000000e+02 7.260839342162688581e+01
5.620000000000000000e+02 7.420927276194413480e+01
5.630000000000000000e+02 7.583957460522240979e+01
5.640000000000000000e+02 7.749972196012086556e+01
5.650000000000000000e+02 7.919014196310442344e+01
5.660000000000000000e+02 8.091126589317859441e+01
5.670000000000000000e+02 8.266352918642151337e+01
5.680000000000000000e+02 8.444737145031128023e+01
5.690000000000000000e+02 8.626323647784793991e+01
5.700000000000000000e+02 8.811157226146794130e+01
5.710000000000000000e+02 8.999283100675069136e+01
5.720000000000000000e+02 9.190746914591484540e+01
5.730000000000000000e+02 9.385594735110386466e+01
5.740000000000000000e+02 9.583873054745959053e+01
5.750000000000000000e+02 9.785628792598183168e+01
5.760000000000000000e+02 9.990909295617397845e+01
5.770000000000000000e+02 1.019976233984720864e+02
5.780000000000000000e+02 1.041223613164582815e+02
5.790000000000000000e+02 1.062837930888551625e+02
5.800000000000000000e+02 1.084824094213015968e+02
5.810000000000000000e+02 1.107187053579089593e+02
5.820000000000000000e+02 1.129931802925959659e+02
5.830000000000000000e+02 1.153063379802016044e+02
5.840000000000000000e+02 1.176586865473756518e+02
5.850000000000000000e+02 1.200507385032450145e+02
5.860000000000000000e+02 1.224830107498558505e+02
5.870000000000000000e+02 1.249560245923902499e+02
5.880000000000000000e+02 1.274703057491567222e+02
5.890000000000000000e+02 1.300263843613536494e+02
5.900000000000000000e+02 1.326247950026052536e+02
5.910000000000000000e+02 1.352660766882690950e+02
5.920000000000000000e+02 1.379507728845146062e+02
5.930000000000000000e+02 1.406794315171720768e+02
5.940000000000000000e+02 1.434526049803510546e+02
5.950000000000000000e+02 1.462708501448278753e+02
5.960000000000000000e+02 1.491347283662024950e+02
5.970000000000000000e+02 1.520448054928223769e+02
5.980000000000000000e+02 1.550016518734751116e+02
5.990000000000000000e+02 1.580058423648466999e+02
6.000000000000000000e+02 1.610579563387481983e+02
6.010000000000000000e+02 1.641585776891073749e+02
6.020000000000000000e+02 1.673082948387269653e+02
6.030000000000000000e+02 1.705077007458084211e+02
6.040000000000000000e+02 1.737573929102409807e+02
6.050000000000000000e+02 1.770579733796550101e+02
6.060000000000000000e+02 1.804100487552415757e+02
6.070000000000000000e+02 1.838142301973352915e+02
6.080000000000000000e+02 1.872711334307618074e+02
6.090000000000000000e+02 1.907813787499496243e+02
6.100000000000000000e+02 1.943455910238059232e+02
6.110000000000000000e+02 1.979643997003560685e+02
6.120000000000000000e+02 2.016384388111472674e+02
6.130000000000000000e+02 2.053683469754153066e+02
6.140000000000000000e+02 2.091547674040159563e+02
6.150000000000000000e+02 2.129983479031195941e+02
6.160000000000000000e+02 2.168997408776691884e+02
6.170000000000000000e+02 2.208596033346027525e+02
6.180000000000000000e+02 2.248785968858392721e+02
6.190000000000000000e+02 2.289573877510288185e+02
6.200000000000000000e+02 2.330966467600661645e+02
6.210000000000000000e+02 2.372970493553696656e+02
6.220000000000000000e+02 2.415592755939236724e+02
6.230000000000000000e+02 2.458840101490859240e+02
6.240000000000000000e+02 2.502719423121593252e+02
6.250000000000000000e+02 2.547237659937299838e+02
6.260000000000000000e+02 2.592401797247690070e+02
6.270000000000000000e+02 2.638218866575014090e+02
6.280000000000000000e+02 2.684695945660399730e+02
6.290000000000000000e+02 2.731840158467864512e+02
6.300000000000000000e+02 2.779658675185982588e+02
6.310000000000000000e+02 2.828158712227230467e+02
6.320000000000000000e+02 2.877347532225012969e+02
6.330000000000000000e+02 2.927232444028357463e+02
6.340000000000000000e+02 2.977820802694295708e+02
6.350000000000000000e+02 3.029120009477945814e+02
6.360000000000000000e+02 3.081137511820267605e+02
6.370000000000000000e+02 3.133880803333544804e+02
6.380000000000000000e+02 3.187357423784537787e+02
6.390000000000000000e+02 3.241574959075387028e+02
6.400000000000000000e+02 3.296541041222197350e+02
6.410000000000000000e+02 3.352263348331367752e+02
6.420000000000000000e+02 3.408749604573642955e+02
6.430000000000000000e+02 3.466007580155895766e+02
6.440000000000000000e+02 3.524045091290666960e+02
6.450000000000000000e+02 3.582870000163433701e+02
6.460000000000000000e+02 3.642490214897659371e+02
6.470000000000000000e+02 3.702913689517578177e+02
6.480000000000000000e+02 3.764148423908781638e+02
6.490000000000000000e+02 3.826202463776560876e+02
6.500000000000000000e+02 3.889083900602051926e+02
6.510000000000000000e+02 3.952800871596160732e+02
6.520000000000000000e+02 4.017361559651308198e+02
6.530000000000000000e+02 4.082774193290975973e+02
6.540000000000000000e+02 4.149047046617082515e+02
6.550000000000000000e+02 4.216188439255172398e+02
6.560000000000000000e+02 4.284206736297455222e+02
6.570000000000000000e+02 4.353110348243706653e+02
6.580000000000000000e+02 4.422907730939990074e+02
6.590000000000000000e+02 4.493607385515273904e+02
6.600000000000000000e+02 4.565217858315918988e+02
6.610000000000000000e+02 4.637747740838046866e+02
6.620000000000000000e+02 4.711205669657798580e+02
6.630000000000000000e+02 4.785600326359515861e+02
6.640000000000000000e+02 4.860940437461817965e+02
6.650000000000000000e+02 4.937234774341624188e+02
6.660000000000000000e+02 5.014492153156105019e+02
6.670000000000000000e+02 5.092721434762565877e+02
6.680000000000000000e+02 5.171931524636316908e+02
6.690000000000000000e+02 5.252131372786495831e+02
6.700000000000000000e+02 5.333329973669868878e+02
6.710000000000000000e+02 5.415536366102629700e+02
6.720000000000000000e+02 5.498759633170199095e+02
6.730000000000000000e+02 5.583008902135037488e+02
6.740000000000000000e+02 5.668293344342495175e+02
6.750000000000000000e+02 5.754622175124661680e+02
6.760000000000000000e+02 5.842004653702337009e+02
6.770000000000000000e+02 5.930450083084970174e+02
6.780000000000000000e+02 6.019967809968759411e+02
6.790000000000000000e+02 6.110567224632778789e+02
6.800000000000000000e+02 6.202257760833226712e+02
6.810000000000000000e+02 6.295048895695788360e+02
6.820000000000000000e+02 6.388950149606093873e+02
6.830000000000000000e+02 6.483971086098359820e+02
6.840000000000000000e+02 6.580121311742126409e+02
6.850000000000000000e+02 6.677410476027179129e+02
6.860000000000000000e+02 6.775848271246662762e+02
6.870000000000000000e+02 6.875444432378344572e+02
6.880000000000000000e+02 6.976208736964096033e+02
6.890000000000000000e+02 7.078151004987603301e+02
6.900000000000000000e+02 7.181281098750267802e+02
6.910000000000000000e+02 7.285608922745370819e+02
6.920000000000000000e+02 7.391144423530494123e+02
6.930000000000000000e+02 7.497897589598177319e+02
6.940000000000000000e+02 7.605878451244900589e+02
6.950000000000000000e+02 7.715097080438316652e+02
6.960000000000000000e+02 7.825563590682811537e+02
6.970000000000000000e+02 7.937288136883397556e+02
6.980000000000000000e+02 8.050280915207896442e+02
6.990000000000000000e+02 8.164552162947535408e+02
7.000000000000000000e+02 8.280112158375841318e+02
7.010000000000000000e+02 8.396971220605962571e+02
7.020000000000000000e+02 8.515139709446337974e+02
7.030000000000000000e+02 8.634628025254830845e+02
7.040000000000000000e+02 8.755446608791183962e+02
7.050000000000000000e+02 8.877605941068021593e+02
7.060000000000000000e+02 9.001116543200217848e+02
7.070000000000000000e+02 9.125988976252759812e+02
7.080000000000000000e+02 9.252233841087061137e+02
7.090000000000000000e+02 9.379861778205827250e+02
7.100000000000000000e+02 9.508883467596336914e+02
7.110000000000000000e+02 9.639309628572314068e+02
7.120000000000000000e+02 9.771151019614299003e+02
7.130000000000000000e+02 9.904418438208597308e+02
7.140000000000000000e+02 1.003912272068474181e+03
7.150000000000000000e+02 1.017527474205158796e+03
7.160000000000000000e+02 1.031288541583196547e+03
7.170000000000000000e+02 1.045196569389594288e+03
7.180000000000000000e+02 1.059252656629274952e+03
7.190000000000000000e+02 1.073457906108125599e+03
7.200000000000000000e+02 1.087813424415919599e+03
7.210000000000000000e+02 1.102320321909099903e+03
7.220000000000000000e+02 1.116979712693430429e+03
7.230000000000000000e+02 1.131792714606521486e+03
7.240000000000000000e+02 1.146760449200218773e+03
7.250000000000000000e+02 1.161884041722874372e+03
7.260000000000000000e+02 1.177164621101482226e+03
7.270000000000000000e+02 1.192603319923696517e+03
7.280000000000000000e+02 1.208201274419723632e+03
7.290000000000000000e+02 1.223959624444092242e+03
7.300000000000000000e+02 1.239879513457306530e+03
7.310000000000000000e+02 1.255962088507374347e+03
7.320000000000000000e+02 1.272208500211228966e+03
7.330000000000000000e+02 1.288619902736024642e+03
7.340000000000000000e+02 1.305197453780323258e+03
7.350000000000000000e+02 1.321942314555168650e+03
7.360000000000000000e+02 1.338855649765049293e+03
7.370000000000000000e+02 1.355938627588749569e+03
7.380000000000000000e+02 1.373192419660095538e+03
7.390000000000000000e+02 1.390618201048593164e+03
7.400000000000000000e+02 1.408217150239961484e+03
7.410000000000000000e+02 1.425990449116562331e+03
7.420000000000000000e+02 1.443939282937723874e+03
7.430000000000000000e+02 1.462064840319974110e+03
7.440000000000000000e+02 1.480368313217163177e+03
7.450000000000000000e+02 1.498850896900493581e+03
7.460000000000000000e+02 1.517513789938456284e+03
7.470000000000000000e+02 1.536358194176667212e+03
7.480000000000000000e+02 1.555385314717613028e+03
7.490000000000000000e+02 1.574596359900307561e+03
7.500000000000000000e+02 1.593992541279850684e+03
7.510000000000000000e+02 1.613575073606907381e+03
7.520000000000000000e+02 1.633345174807091553e+03
7.530000000000000000e+02 1.653304065960270009e+03
7.540000000000000000e+02 1.673452971279776648e+03
7.550000000000000000e+02 1.693793118091547967e+03
7.560000000000000000e+02 1.714325736813175354e+03
7.570000000000000000e+02 1.735052060932875747e+03
7.580000000000000000e+02 1.755973326988386134e+03
7.590000000000000000e+02 1.777090774545780278e+03
7.600000000000000000e+02 1.798405646178206553e+03
7.610000000000000000e+02 1.819919187444557338e+03
7.620000000000000000e+02 1.841632646868058600e+03
7.630000000000000000e+02 1.863547275914794682e+03
7.640000000000000000e+02 1.885664328972156909e+03
7.650000000000000000e+02 1.907985063327229227e+03
7.660000000000000000e+02 1.930510739145100388e+03
7.670000000000000000e+02 1.953242619447118159e+03
7.680000000000000000e+02 1.976181970089069864e+03
7.690000000000000000e+02 1.999330059739305398e+03
7.700000000000000000e+02 2.022688159856801121e+03
7.710000000000000000e+02 2.046257544669159415e+03
7.720000000000000000e+02 2.070039491150545018e+03
7.730000000000000000e+02 2.094035278999576803e+03
7.740000000000000000e+02 2.118246190617147022e+03
7.750000000000000000e+02 2.142673511084203255e+03
7.760000000000000000e+02 2.167318528139462614e+03
7.770000000000000000e+02 2.192182532157080459e+03
7.780000000000000000e+02 2.217266816124267734e+03
7.790000000000000000e+02 2.242572675618859648e+03
7.800000000000000000e+02 2.268101408786833417e+03
7.810000000000000000e+02 2.293854316319785539e+03
7.820000000000000000e+02 2.319832701432354497e+03
7.830000000000000000e+02 2.346037869839608447e+03
7.840000000000000000e+02 2.372471129734386068e+03
7.850000000000000000e+02 2.399133791764595117e+03
7.860000000000000000e+02 2.426027169010473244e+03
7.870000000000000000e+02 2.453152576961811064e+03
7.880000000000000000e+02 2.480511333495131112e+03
7.890000000000000000e+02 2.508104758850843155e+03
7.900000000000000000e+02 2.535934175610353577e+03
7.910000000000000000e+02 2.564000908673137928e+03
7.920000000000000000e+02 2.592306285233801191e+03
7.930000000000000000e+02 2.620851634759084845e+03
7.940000000000000000e+02 2.649638288964856656e+03
7.950000000000000000e+02 2.678667581793067711e+03
7.960000000000000000e+02 2.707940849388682636e+03
7.970000000000000000e+02 2.737459430076586614e+03
7.980000000000000000e+02 2.767224664338461480e+03
7.990000000000000000e+02 2.797237894789646361e+03
8.000000000000000000e+02 2.827500466155970571e+03
8.010000000000000000e+02 2.858013725250563311e+03
8.020000000000000000e+02 2.888779020950653376e+03
8.030000000000000000e+02 2.919797704174337014e+03
8.040000000000000000e+02 2.951071127857338979e+03
8.050000000000000000e+02 2.982600646929751747e+03
8.060000000000000000e+02 3.014387618292758816e+03
8.070000000000000000e+02 3.046433400795354828e+03
8.080000000000000000e+02 3.078739355211033399e+03
8.090000000000000000e+02 3.111306844214482226e+03
8.100000000000000000e+02 3.144137232358253641e+03
8.110000000000000000e+02 3.177231886049438344e+03
8.120000000000000000e+02 3.210592173526320494e+03
8.130000000000000000e+02 3.244219464835032340e+03
8.140000000000000000e+02 3.278115131806196132e+03
8.150000000000000000e+02 3.312280548031569651e+03
8.160000000000000000e+02 3.346717088840684482e+03
8.170000000000000000e+02 3.381426131277477907e+03
8.180000000000000000e+02 3.416409054076927077e+03
8.190000000000000000e+02 3.451667237641683187e+03
8.200000000000000000e+02 3.487202064018706551e+03
8.210000000000000000e+02 3.523014916875900326e+03
8.220000000000000000e+02 3.559107181478746952e+03
8.230000000000000000e+02 3.595480244666952785e+03
8.240000000000000000e+02 3.632135494831096821e+03
8.250000000000000000e+02 3.669074321889281237e+03
8.260000000000000000e+02 3.706298117263786025e+03
8.270000000000000000e+02 3.743808273857751374e+03
8.280000000000000000e+02 3.781606186031838206e+03
8.290000000000000000e+02 3.819693249580925112e+03
8.300000000000000000e+02 3.858070861710805275e+03
8.310000000000000000e+02 3.896740421014894309e+03
8.320000000000000000e+02 3.935703327450949928e+03
8.330000000000000000e+02 3.974960982317818434e+03
8.340000000000000000e+02 4.014514788232179399e+03
8.350000000000000000e+02 4.054366149105311251e+03
8.360000000000000000e+02 4.094516470119886890e+03
8.370000000000000000e+02 4.134967157706760190e+03
8.380000000000000000e+02 4.175719619521807545e+03
8.390000000000000000e+02 4.216775264422748478e+03
8.400000000000000000e+02 4.258135502446025384e+03
8.410000000000000000e+02 4.299801744783670983e+03
8.420000000000000000e+02 4.341775403760221707e+03
8.430000000000000000e+02 4.384057892809654732e+03
8.440000000000000000e+02 4.426650626452324104e+03
8.450000000000000000e+02 4.469555020271953254e+03
8.460000000000000000e+02 4.512772490892631140e+03
8.470000000000000000e+02 4.556304455955856611e+03
8.480000000000000000e+02 4.600152334097574567e+03
8.490000000000000000e+02 4.644317544925284892e+03
8.500000000000000000e+02 4.688801508995156837e+03
8.510000000000000000e+02 4.733605647789167961e+03
8.520000000000000000e+02 4.778731383692287636e+03
8.530000000000000000e+02 4.824180139969690572e+03
8.540000000000000000e+02 4.869953340743991248e+03
8.550000000000000000e+02 4.916052410972538382e+03
8.560000000000000000e+02 4.962478776424712123e+03
8.570000000000000000e+02 5.009233863659269446e+03
8.580000000000000000e+02 5.056319100001740480e+03
8.590000000000000000e+02 5.103735913521835755e+03
8.600000000000000000e+02 5.151485733010915283e+03
8.610000000000000000e+02 5.199569987959468563e+03
8.620000000000000000e+02 5.247990108534660976e+03
8.630000000000000000e+02 5.296747525557908375e+03
8.640000000000000000e+02 5.345843670482486232e+03
8.650000000000000000e+02 5.395279975371189721e+03
8.660000000000000000e+02 5.445057872874032000e+03
8.670000000000000000e+02 5.495178796205984327e+03
8.680000000000000000e+02 5.545644179124756192e+03
8.690000000000000000e+02 5.596455455908640943e+03
8.700000000000000000e+02 5.647614061334368671e+03
8.710000000000000000e+02 5.699121430655036420e+03
8.720000000000000000e+02 5.750978999578074763e+03
8.730000000000000000e+02 5.803188204243252585e+03
8.740000000000000000e+02 5.855750481200740978e+03
8.750000000000000000e+02 5.908667267389234439e+03
8.760000000000000000e+02 5.961940000114081158e+03
8.770000000000000000e+02 6.015570117025510626e+03
8.780000000000000000e+02 6.069559056096888526e+03
8.790000000000000000e+02 6.123908255603013458e+03
8.800000000000000000e+02 6.178619154098486433e+03
8.810000000000000000e+02 6.233693190396114915e+03
8.820000000000000000e+02 6.289131803545389630e+03
8.830000000000000000e+02 6.344936432810977749e+03
8.840000000000000000e+02 6.401108517651318834e+03
8.850000000000000000e+02 6.457649497697241713e+03
8.860000000000000000e+02 6.514560812730633188e+03
8.870000000000000000e+02 6.571843902663188601e+03
8.880000000000000000e+02 6.629500207515197872e+03
8.890000000000000000e+02 6.687531167394400654e+03
8.900000000000000000e+02 6.745938222474879694e+03
8.910000000000000000e+02 6.804722812976035129e+03
8.920000000000000000e+02 6.863886379141603356e+03
8.930000000000000000e+02 6.923430361218739563e+03
8.940000000000000000e+02 6.983356199437155738e+03
8.950000000000000000e+02 7.043665333988327802e+03
8.960000000000000000e+02 7.104359205004740943e+03
8.970000000000000000e+02 7.165439252539233166e+03
8.980000000000000000e+02 7.226906916544355227e+03
8.990000000000000000e+02 7.288763636851838783e+03
9.000000000000000000e+02 7.351010853152090931e+03
9.010000000000000000e+02 7.413650004973756950e+03
9.020000000000000000e+02 7.476682531663372174e+03
9.030000000000000000e+02 7.540109872365042065e+03
9.040000000000000000e+02 7.603933466000229600e+03
9.050000000000000000e+02 7.668154751247542663e+03
9.060000000000000000e+02 7.732775166522664222e+03
9.070000000000000000e+02 7.797796149958280694e+03
9.080000000000000000e+02 7.863219139384125810e+03
9.090000000000000000e+02 7.929045572307061775e+03
9.100000000000000000e+02 7.995276885891224083e+03
9.110000000000000000e+02 8.061914516938270026e+03
9.120000000000000000e+02 8.128959901867648114e+03
9.130000000000000000e+02 8.196414476696971178e+03
9.140000000000000000e+02 8.264279677022428586e+03
9.150000000000000000e+02 8.332556937999308502e+03
9.160000000000000000e+02 8.401247694322528332e+03
9.170000000000000000e+02 8.470353380207312512e+03
9.180000000000000000e+02 8.539875429369849371e+03
9.190000000000000000e+02 8.609815275008109893e+03
9.200000000000000000e+02 8.680174349782677382e+03
9.210000000000000000e+02 8.750954085797651715e+03
9.220000000000000000e+02 8.822155914581651814e+03
9.230000000000000000e+02 8.893781267068885427e+03
9.240000000000000000e+02 8.965831573580255281e+03
9.250000000000000000e+02 9.038308263804583476e+03
9.260000000000000000e+02 9.111212766779877711e+03
9.270000000000000000e+02 9.184546510874697560e+03
9.280000000000000000e+02 9.258310923769548026e+03
9.290000000000000000e+02 9.332507432438413161e+03
9.300000000000000000e+02 9.407137463130289689e+03
9.310000000000000000e+02 9.482202441350864319e+03
9.320000000000000000e+02 9.557703791844209263e+03
9.330000000000000000e+02 9.633642938574595973e+03
9.340000000000000000e+02 9.710021304708328898e+03
9.350000000000000000e+02 9.786840312595735668e+03
9.360000000000000000e+02 9.864101383753153641e+03
9.370000000000000000e+02 9.941805938845032870e+03
9.380000000000000000e+02 1.001995539766611910e+04
9.390000000000000000e+02 1.009855117912367314e+04
9.400000000000000000e+02 1.017759470121982304e+04
9.410000000000000000e+02 1.025708738103395626e+04
9.420000000000000000e+02 1.033703063470517554e+04
9.430000000000000000e+02 1.041742587741489115e+04
9.440000000000000000e+02 1.049827452336941496e+04
9.450000000000000000e+02 1.057957798578270013e+04
9.460000000000000000e+02 1.066133767685909515e+04
9.470000000000000000e+02 1.074355500777624366e+04
9.480000000000000000e+02 1.082623138866799309e+04
9.490000000000000000e+02 1.090936822860745997e+04
9.500000000000000000e+02 1.099296693559007326e+04
9.510000000000000000e+02 1.107702891651678692e+04
9.520000000000000000e+02 1.116155557717733427e+04
9.530000000000000000e+02 1.124654832223356789e+04
9.540000000000000000e+02 1.133200855520285040e+04
9.550000000000000000e+02 1.141793767844158174e+04
9.560000000000000000e+02 1.150433709312874089e+04
9.570000000000000000e+02 1.159120819924956049e+04
9.580000000000000000e+02 1.167855239557925779e+04
9.590000000000000000e+02 1.176637107966683106e+04
9.600000000000000000e+02 1.185466564781898160e+04
9.610000000000000000e+02 1.194343749508405745e+04
9.620000000000000000e+02 1.203268801523612638e+04
9.630000000000000000e+02 1.212241860075909608e+04
9.640000000000000000e+02 1.221263064283093809e+04
9.650000000000000000e+02 1.230332553130797896e+04
9.660000000000000000e+02 1.239450465470927884e+04
9.670000000000000000e+02 1.248616940020108268e+04
9.680000000000000000e+02 1.257832115358135525e+04
9.690000000000000000e+02 1.267096129926441245e+04
9.700000000000000000e+02 1.276409122026560181e+04
9.710000000000000000e+02 1.285771229818610118e+04
9.720000000000000000e+02 1.295182591319777566e+04
9.730000000000000000e+02 1.304643344402809635e+04
9.740000000000000000e+02 1.314153626794521188e+04
9.750000000000000000e+02 1.323713576074301454e+04
9.760000000000000000e+02 1.333323329672633736e+04
9.770000000000000000e+02 1.342983024869623114e+04
9.780000000000000000e+02 1.352692798793532347e+04
9.790000000000000000e+02 1.362452788419319950e+04
9.800000000000000000e+02 1.372263130567200096e+04
9.810000000000000000e+02 1.382123961901193798e+04
9.820000000000000000e+02 1.392035418927702449e+04
9.830000000000000000e+02 1.401997637994079196e+04
9.840000000000000000e+02 1.412010755287218672e+04
9.850000000000000000e+02 1.422074906832144188e+04
9.860000000000000000e+02 1.432190228490609479e+04
9.870000000000000000e+02 1.442356855959708446e+04
9.880000000000000000e+02 1.452574924770492544e+04
9.890000000000000000e+02 1.462844570286593262e+04
9.900000000000000000e+02 1.473165927702857698e+04
9.910000000000000000e+02 1.483539132043987956e+04
9.920000000000000000e+02 1.493964318163193821e+04
9.930000000000000000e+02 1.504441620740847611e+04
9.940000000000000000e+02 1.514971174283150685e+04
9.950000000000000000e+02 1.525553113120809940e+04
9.960000000000000000e+02 1.536187571407716860e+04
9.970000000000000000e+02 1.546874683119639667e+04
9.980000000000000000e+02 1.557614582052923470e+04
9.990000000000000000e+02 1.568407401823194050e+04
