# BB temperature (K); Intensity through filter (ph/s/m^2/mas^2)
1.000000000000000000e+01 0.000000000000000000e+00
1.100000000000000000e+01 0.000000000000000000e+00
1.200000000000000000e+01 0.000000000000000000e+00
1.300000000000000000e+01 0.000000000000000000e+00
1.400000000000000000e+01 0.000000000000000000e+00
1.500000000000000000e+01 0.000000000000000000e+00
1.600000000000000000e+01 0.000000000000000000e+00
1.700000000000000000e+01 0.000000000000000000e+00
1.800000000000000000e+01 0.000000000000000000e+00
1.900000000000000000e+01 0.000000000000000000e+00
2.000000000000000000e+01 0.000000000000000000e+00
2.100000000000000000e+01 9.477696196824265626e-112
2.200000000000000000e+01 1.220864659091214700e-106
2.300000000000000000e+01 5.664747915180965078e-102
2.400000000000000000e+01 1.075645768980704528e-97
2.500000000000000000e+01 9.304432976048756435e-94
2.600000000000000000e+01 4.014524264619463000e-90
2.700000000000000000e+01 9.333739945049137094e-87
2.800000000000000000e+01 1.249434943376315161e-83
2.900000000000000000e+01 1.019527217355346685e-80
3.000000000000000000e+01 5.328385606445642002e-78
3.100000000000000000e+01 1.862153957777324700e-75
3.200000000000000000e+01 4.518878136210192911e-73
3.300000000000000000e+01 7.870964542520568393e-71
3.400000000000000000e+01 1.013215918158005133e-68
3.500000000000000000e+01 9.892282647715234382e-67
3.600000000000000000e+01 7.495597779413994574e-65
3.700000000000000000e+01 4.499312654535776847e-63
3.800000000000000000e+01 2.179182956298089688e-61
3.900000000000000000e+01 8.657839861513723822e-60
4.000000000000000000e+01 2.863784762453982657e-58
4.100000000000000000e+01 7.992939935033407514e-57
4.200000000000000000e+01 1.905362728224021177e-55
4.300000000000000000e+01 3.922271723492613272e-54
4.400000000000000000e+01 7.042736052681598900e-53
4.500000000000000000e+01 1.113175931512250547e-51
4.600000000000000000e+01 1.561863194253581587e-50
4.700000000000000000e+01 1.960280101292013962e-49
4.800000000000000000e+01 2.216474890278286767e-48
4.900000000000000000e+01 2.272555766390311708e-47
5.000000000000000000e+01 2.125694633714817406e-46
5.100000000000000000e+01 1.824158149388264330e-45
5.200000000000000000e+01 1.443688832817566071e-44
5.300000000000000000e+01 1.058911757677139264e-43
5.400000000000000000e+01 7.231249165926130246e-43
5.500000000000000000e+01 4.617494140573252289e-42
5.600000000000000000e+01 2.768224814507283354e-41
5.700000000000000000e+01 1.564082058189409166e-40
5.800000000000000000e+01 8.358852864058759307e-40
5.900000000000000000e+01 4.239716698646042747e-39
6.000000000000000000e+01 2.047452596133165392e-38
6.100000000000000000e+01 9.442157262514973993e-38
6.200000000000000000e+01 4.169756712921629749e-37
6.300000000000000000e+01 1.767829582131639450e-36
6.400000000000000000e+01 7.212286041737904105e-36
6.500000000000000000e+01 2.837428069915482536e-35
6.600000000000000000e+01 1.078493108680386511e-34
6.700000000000000000e+01 3.967157000776287821e-34
6.800000000000000000e+01 1.414336312460571494e-33
6.900000000000000000e+01 4.893270725269944694e-33
7.000000000000000000e+01 1.644788647643298286e-32
7.100000000000000000e+01 5.376694523184163695e-32
7.200000000000000000e+01 1.710781232831894787e-31
7.300000000000000000e+01 5.302567543874900200e-31
7.400000000000000000e+01 1.602130142606922075e-30
7.500000000000000000e+01 4.721857565095423531e-30
7.600000000000000000e+01 1.358307677231830671e-29
7.700000000000000000e+01 3.816001080174444963e-29
7.800000000000000000e+01 1.047588810894163427e-28
7.900000000000000000e+01 2.811816879538028113e-28
8.000000000000000000e+01 7.383043634152815371e-28
8.100000000000000000e+01 1.897457659779983333e-27
8.200000000000000000e+01 4.775635360488966265e-27
8.300000000000000000e+01 1.177727907364845895e-26
8.400000000000000000e+01 2.847369603102395332e-26
8.500000000000000000e+01 6.752362824984576501e-26
8.600000000000000000e+01 1.571469431784752227e-25
8.700000000000000000e+01 3.591007446738559730e-25
8.800000000000000000e+01 8.061301430675912940e-25
8.900000000000000000e+01 1.778634511127318646e-24
9.000000000000000000e+01 3.858964271521003892e-24
9.100000000000000000e+01 8.236872934453342775e-24
9.200000000000000000e+01 1.730460434162666327e-23
9.300000000000000000e+01 3.579840642934896188e-23
9.400000000000000000e+01 7.295552758245188799e-23
9.500000000000000000e+01 1.465310489970934106e-22
9.600000000000000000e+01 2.901731190418249226e-22
9.700000000000000000e+01 5.667800211551761404e-22
9.800000000000000000e+01 1.092371068916529710e-21
9.900000000000000000e+01 2.078200116967253794e-21
1.000000000000000000e+02 3.904128561687512098e-21
1.010000000000000000e+02 7.244916884845933251e-21
1.020000000000000000e+02 1.328505262893505739e-20
1.030000000000000000e+02 2.408002372750421583e-20
1.040000000000000000e+02 4.315715195677453242e-20
1.050000000000000000e+02 7.650411178402571360e-20
1.060000000000000000e+02 1.341783267960374289e-19
1.070000000000000000e+02 2.329006602779847342e-19
1.080000000000000000e+02 4.001942262116642582e-19
1.090000000000000000e+02 6.809255702251964139e-19
1.100000000000000000e+02 1.147546473906700972e-18
1.110000000000000000e+02 1.915984875294574760e-18
1.120000000000000000e+02 3.170083817575869347e-18
1.130000000000000000e+02 5.198864784003684459e-18
1.140000000000000000e+02 8.452871725959847780e-18
1.150000000000000000e+02 1.362867536116127201e-17
1.160000000000000000e+02 2.179461184644343912e-17
1.170000000000000000e+02 3.457643892544100089e-17
1.180000000000000000e+02 5.442941073947733659e-17
1.190000000000000000e+02 8.503409175181146978e-17
1.200000000000000000e+02 1.318680984676788188e-16
1.210000000000000000e+02 2.030262515474514696e-16
1.220000000000000000e+02 3.103891374979058783e-16
1.230000000000000000e+02 4.712771489411645239e-16
1.240000000000000000e+02 7.107766991958394209e-16
1.250000000000000000e+02 1.064991338289095721e-15
1.260000000000000000e+02 1.585557833289903452e-15
1.270000000000000000e+02 2.345882119354776251e-15
1.280000000000000000e+02 3.449700188651927819e-15
1.290000000000000000e+02 5.042764240002448573e-15
1.300000000000000000e+02 7.328706938719673703e-15
1.310000000000000000e+02 1.059046151730325794e-14
1.320000000000000000e+02 1.521903127329959344e-14
1.330000000000000000e+02 2.175193158804960426e-14
1.340000000000000000e+02 3.092429871998476379e-14
1.350000000000000000e+02 4.373650610849596836e-14
1.360000000000000000e+02 6.154319160837004314e-14
1.370000000000000000e+02 8.616992711962230689e-14
1.380000000000000000e+02 1.200654143808394193e-13
1.390000000000000000e+02 1.664991375150866094e-13
1.400000000000000000e+02 2.298169277133784563e-13
1.410000000000000000e+02 3.157699969355253211e-13
1.420000000000000000e+02 4.319367920113274845e-13
1.430000000000000000e+02 5.882616445207005944e-13
1.440000000000000000e+02 7.977398048554009329e-13
1.450000000000000000e+02 1.077285236690552904e-12
1.460000000000000000e+02 1.448825726240370812e-12
1.470000000000000000e+02 1.940679678256723143e-12
1.480000000000000000e+02 2.589280714676589322e-12
1.490000000000000000e+02 3.441330191449025621e-12
1.500000000000000000e+02 4.556474381043516833e-12
1.510000000000000000e+02 6.010622761845112939e-12
1.520000000000000000e+02 7.900047098943675403e-12
1.530000000000000000e+02 1.034642834624256744e-11
1.540000000000000000e+02 1.350305047109836937e-11
1.550000000000000000e+02 1.756237780183424522e-11
1.560000000000000000e+02 2.276529621304163142e-11
1.570000000000000000e+02 2.941234927460123913e-11
1.580000000000000000e+02 3.787735938040216241e-11
1.590000000000000000e+02 4.862389193451414681e-11
1.600000000000000000e+02 6.222509911777214931e-11
1.610000000000000000e+02 7.938756992624483121e-11
1.620000000000000000e+02 1.009799165424395193e-10
1.630000000000000000e+02 1.280669452952839794e-10
1.640000000000000000e+02 1.619503952682214778e-10
1.650000000000000000e+02 2.042173809758560202e-10
1.660000000000000000e+02 2.567978495758458937e-10
1.670000000000000000e+02 3.220325601294397583e-10
1.680000000000000000e+02 4.027533149845674587e-10
1.690000000000000000e+02 5.023774241515767506e-10
1.700000000000000000e+02 6.250186655136968693e-10
1.710000000000000000e+02 7.756173200306660765e-10
1.720000000000000000e+02 9.600922151610094483e-10
1.730000000000000000e+02 1.185518105199649959e-09
1.740000000000000000e+02 1.460332158012167909e-09
1.750000000000000000e+02 1.794573807918735774e-09
1.760000000000000000e+02 2.200162778684546208e-09
1.770000000000000000e+02 2.691220683434013706e-09
1.780000000000000000e+02 3.284442274831983264e-09
1.790000000000000000e+02 3.999523154366729911e-09
1.800000000000000000e+02 4.859651559621040216e-09
1.810000000000000000e+02 5.892072738922642031e-09
1.820000000000000000e+02 7.128735399917305633e-09
1.830000000000000000e+02 8.607030788903413907e-09
1.840000000000000000e+02 1.037063612800391227e-08
1.850000000000000000e+02 1.247047541452894720e-08
1.860000000000000000e+02 1.496581197859842824e-08
1.870000000000000000e+02 1.792548870893811200e-08
1.880000000000000000e+02 2.142933350071908625e-08
1.890000000000000000e+02 2.556974926163542390e-08
1.900000000000000000e+02 3.045350974165222990e-08
1.910000000000000000e+02 3.620378453679487657e-08
1.920000000000000000e+02 4.296241886705094843e-08
1.930000000000000000e+02 5.089249615219980598e-08
1.940000000000000000e+02 6.018121401668831932e-08
1.950000000000000000e+02 7.104310715525487977e-08
1.960000000000000000e+02 8.372365349477223461e-08
1.970000000000000000e+02 9.850330330481906598e-08
1.980000000000000000e+02 1.157019743500182578e-07
1.990000000000000000e+02 1.356840598515598237e-07
2.000000000000000000e+02 1.588639999440048876e-07
2.010000000000000000e+02 1.857124714869782766e-07
2.020000000000000000e+02 2.167632555302841482e-07
2.030000000000000000e+02 2.526208464459147709e-07
2.040000000000000000e+02 2.939688717419765745e-07
2.050000000000000000e+02 3.415793968722612394e-07
2.060000000000000000e+02 3.963231949615495620e-07
2.070000000000000000e+02 4.591810672911281015e-07
2.080000000000000000e+02 5.312563066416541400e-07
2.090000000000000000e+02 6.137884021815252148e-07
2.100000000000000000e+02 7.081680915281500612e-07
2.110000000000000000e+02 8.159538729066092884e-07
2.120000000000000000e+02 9.388900979945113290e-07
2.130000000000000000e+02 1.078926774082404114e-06
2.140000000000000000e+02 1.238241212604655586e-06
2.150000000000000000e+02 1.419261669914486718e-06
2.160000000000000000e+02 1.624693135396840298e-06
2.170000000000000000e+02 1.857545431641361016e-06
2.180000000000000000e+02 2.121163801441916141e-06
2.190000000000000000e+02 2.419262166855254720e-06
2.200000000000000000e+02 2.755959256445443580e-06
2.210000000000000000e+02 3.135817808167957654e-06
2.220000000000000000e+02 3.563887067112241263e-06
2.230000000000000000e+02 4.045748809528464274e-06
2.240000000000000000e+02 4.587567137216141243e-06
2.250000000000000000e+02 5.196142299451995755e-06
2.260000000000000000e+02 5.878968813183811453e-06
2.270000000000000000e+02 6.644298166216973819e-06
2.280000000000000000e+02 7.501206402571590113e-06
2.290000000000000000e+02 8.459666904089371175e-06
2.300000000000000000e+02 9.530628697720474455e-06
2.310000000000000000e+02 1.072610063371782206e-05
2.320000000000000000e+02 1.205924179620819740e-05
2.330000000000000000e+02 1.354445852429067585e-05
2.340000000000000000e+02 1.519750843892947306e-05
2.350000000000000000e+02 1.703561188845418323e-05
2.360000000000000000e+02 1.907757124344828294e-05
2.370000000000000000e+02 2.134389849019094847e-05
2.380000000000000000e+02 2.385695159060544006e-05
2.390000000000000000e+02 2.664108009585543221e-05
2.400000000000000000e+02 2.972278052030243725e-05
2.410000000000000000e+02 3.313086200248622560e-05
2.420000000000000000e+02 3.689662280010046636e-05
2.430000000000000000e+02 4.105403818659684621e-05
2.440000000000000000e+02 4.563996033804567964e-05
2.450000000000000000e+02 5.069433082019848493e-05
2.460000000000000000e+02 5.626040630731729282e-05
2.470000000000000000e+02 6.238499818624445355e-05
2.480000000000000000e+02 6.911872672136453431e-05
2.490000000000000000e+02 7.651629047853915507e-05
2.500000000000000000e+02 8.463675172875774065e-05
2.510000000000000000e+02 9.354383857512043059e-05
2.520000000000000000e+02 1.033062645698338856e-04
2.530000000000000000e+02 1.139980666111348228e-04
2.540000000000000000e+02 1.256989619334373523e-04
2.550000000000000000e+02 1.384947250275061234e-04
2.560000000000000000e+02 1.524775853510599785e-04
2.570000000000000000e+02 1.677466467138968745e-04
2.580000000000000000e+02 1.844083292453580283e-04
2.590000000000000000e+02 2.025768348757140465e-04
2.600000000000000000e+02 2.223746372868069940e-04
2.610000000000000000e+02 2.439329973110198279e-04
2.620000000000000000e+02 2.673925047813197477e-04
2.630000000000000000e+02 2.929036478587189940e-04
2.640000000000000000e+02 3.206274108869886365e-04
2.650000000000000000e+02 3.507359018478097782e-04
2.660000000000000000e+02 3.834130105127395334e-04
2.670000000000000000e+02 4.188550984113610784e-04
2.680000000000000000e+02 4.572717217577655668e-04
2.690000000000000000e+02 4.988863885000353448e-04
2.700000000000000000e+02 5.439373506796474095e-04
2.710000000000000000e+02 5.926784333096518512e-04
2.720000000000000000e+02 6.453799010020850766e-04
2.730000000000000000e+02 7.023293635963137735e-04
2.740000000000000000e+02 7.638327220608532621e-04
2.750000000000000000e+02 8.302151559616149663e-04
2.760000000000000000e+02 9.018221538095319914e-04
2.770000000000000000e+02 9.790205876199721460e-04
2.780000000000000000e+02 1.062199833035374187e-03
2.790000000000000000e+02 1.151772936380941444e-03
2.800000000000000000e+02 1.248177830041197938e-03
2.810000000000000000e+02 1.351878597562423305e-03
2.820000000000000000e+02 1.463366789902743707e-03
2.830000000000000000e+02 1.583162794267668934e-03
2.840000000000000000e+02 1.711817256984274815e-03
2.850000000000000000e+02 1.849912561881877828e-03
2.860000000000000000e+02 1.998064365661088564e-03
2.870000000000000000e+02 2.156923191746326976e-03
2.880000000000000000e+02 2.327176084129360407e-03
2.890000000000000000e+02 2.509548322723160595e-03
2.900000000000000000e+02 2.704805201756199651e-03
2.910000000000000000e+02 2.913753872747467007e-03
2.920000000000000000e+02 3.137245253611555245e-03
2.930000000000000000e+02 3.376176005451702721e-03
2.940000000000000000e+02 3.631490578605983243e-03
2.950000000000000000e+02 3.904183329518473577e-03
2.960000000000000000e+02 4.195300710012902536e-03
2.970000000000000000e+02 4.505943530550927945e-03
2.980000000000000000e+02 4.837269299060984254e-03
2.990000000000000000e+02 5.190494636926470257e-03
3.000000000000000000e+02 5.566897773723811053e-03
3.010000000000000000e+02 5.967821122301817001e-03
3.020000000000000000e+02 6.394673935793544241e-03
3.030000000000000000e+02 6.848935048150737309e-03
3.040000000000000000e+02 7.332155699788679183e-03
3.050000000000000000e+02 7.845962449926115190e-03
3.060000000000000000e+02 8.392060177200585599e-03
3.070000000000000000e+02 8.972235170134240309e-03
3.080000000000000000e+02 9.588358309018881614e-03
3.090000000000000000e+02 1.024238834078153998e-02
3.100000000000000000e+02 1.093637524838341098e-02
3.110000000000000000e+02 1.167246371629554642e-02
3.120000000000000000e+02 1.245289669358411698e-02
3.130000000000000000e+02 1.328001905612625523e-02
3.140000000000000000e+02 1.415628136946522030e-02
3.150000000000000000e+02 1.508424375379926498e-02
3.160000000000000000e+02 1.606657985258449356e-02
3.170000000000000000e+02 1.710608090621559829e-02
3.180000000000000000e+02 1.820565993223168672e-02
3.190000000000000000e+02 1.936835601347669522e-02
3.200000000000000000e+02 2.059733869562438077e-02
3.210000000000000000e+02 2.189591249545868104e-02
3.220000000000000000e+02 2.326752152127836704e-02
3.230000000000000000e+02 2.471575420677367754e-02
3.240000000000000000e+02 2.624434815969906368e-02
3.250000000000000000e+02 2.785719512664260392e-02
3.260000000000000000e+02 2.955834607516737156e-02
3.270000000000000000e+02 3.135201639457420308e-02
3.280000000000000000e+02 3.324259121650893767e-02
3.290000000000000000e+02 3.523463085660804434e-02
3.300000000000000000e+02 3.733287637834991485e-02
3.310000000000000000e+02 3.954225528024730291e-02
3.320000000000000000e+02 4.186788730748757653e-02
3.330000000000000000e+02 4.431509038909525050e-02
3.340000000000000000e+02 4.688938670165877787e-02
3.350000000000000000e+02 4.959650886063163983e-02
3.360000000000000000e+02 5.244240624018308566e-02
3.370000000000000000e+02 5.543325142253862498e-02
3.380000000000000000e+02 5.857544677771679004e-02
3.390000000000000000e+02 6.187563117453091788e-02
3.400000000000000000e+02 6.534068682368783521e-02
3.410000000000000000e+02 6.897774625377907365e-02
3.420000000000000000e+02 7.279419942092048290e-02
3.430000000000000000e+02 7.679770095275766095e-02
3.440000000000000000e+02 8.099617752751570032e-02
3.450000000000000000e+02 8.539783538873020607e-02
3.460000000000000000e+02 9.001116799625656639e-02
3.470000000000000000e+02 9.484496381411390564e-02
3.480000000000000000e+02 9.990831423567600456e-02
3.490000000000000000e+02 1.052106216466812405e-01
3.500000000000000000e+02 1.107616076264894972e-01
3.510000000000000000e+02 1.165713212879714439e-01
3.520000000000000000e+02 1.226501477563702175e-01
3.530000000000000000e+02 1.290088167874337832e-01
3.540000000000000000e+02 1.356584115250687728e-01
3.550000000000000000e+02 1.426103773987243972e-01
3.560000000000000000e+02 1.498765311606673478e-01
3.570000000000000000e+02 1.574690700632650209e-01
3.580000000000000000e+02 1.654005811763459011e-01
3.590000000000000000e+02 1.736840508446639009e-01
3.600000000000000000e+02 1.823328742854421203e-01
3.610000000000000000e+02 1.913608653259284975e-01
3.620000000000000000e+02 2.007822662808481651e-01
3.630000000000000000e+02 2.106117579695895858e-01
3.640000000000000000e+02 2.208644698729154698e-01
3.650000000000000000e+02 2.315559904289412885e-01
3.660000000000000000e+02 2.427023774680795998e-01
3.670000000000000000e+02 2.543201687865960237e-01
3.680000000000000000e+02 2.664263928583819330e-01
3.690000000000000000e+02 2.790385796844972455e-01
3.700000000000000000e+02 2.921747717799889066e-01
3.710000000000000000e+02 3.058535352974500743e-01
3.720000000000000000e+02 3.200939712867243436e-01
3.730000000000000000e+02 3.349157270901333971e-01
3.740000000000000000e+02 3.503390078725361345e-01
3.750000000000000000e+02 3.663845882854985803e-01
3.760000000000000000e+02 3.830738242647966918e-01
3.770000000000000000e+02 4.004286649604365533e-01
3.780000000000000000e+02 4.184716647983215410e-01
3.790000000000000000e+02 4.372259956726570751e-01
3.800000000000000000e+02 4.567154592681316738e-01
3.810000000000000000e+02 4.769644995108784924e-01
3.820000000000000000e+02 4.979982151471614715e-01
3.830000000000000000e+02 5.198423724487001296e-01
3.840000000000000000e+02 5.425234180434930220e-01
3.850000000000000000e+02 5.660684918709605329e-01
3.860000000000000000e+02 5.905054402601830343e-01
3.870000000000000000e+02 6.158628291299684809e-01
3.880000000000000000e+02 6.421699573094380442e-01
3.890000000000000000e+02 6.694568699777804222e-01
3.900000000000000000e+02 6.977543722217797173e-01
3.910000000000000000e+02 7.270940427096842518e-01
3.920000000000000000e+02 7.575082474799397225e-01
3.930000000000000000e+02 7.890301538432724637e-01
3.940000000000000000e+02 8.216937443965691701e-01
3.950000000000000000e+02 8.555338311469561363e-01
3.960000000000000000e+02 8.905860697444499818e-01
3.970000000000000000e+02 9.268869738215061993e-01
3.980000000000000000e+02 9.644739294377630001e-01
3.990000000000000000e+02 1.003385209628229413e+00
4.000000000000000000e+02 1.043659989053146386e+00
4.010000000000000000e+02 1.085338358747700793e+00
4.020000000000000000e+02 1.128461340969741711e+00
4.030000000000000000e+02 1.173070904143619808e+00
4.040000000000000000e+02 1.219209977898225938e+00
4.050000000000000000e+02 1.266922468197291485e+00
4.060000000000000000e+02 1.316253272559951837e+00
4.070000000000000000e+02 1.367248295369577038e+00
4.080000000000000000e+02 1.419954463268811473e+00
4.090000000000000000e+02 1.474419740638768683e+00
4.100000000000000000e+02 1.530693145160253676e+00
4.110000000000000000e+02 1.588824763454905975e+00
4.120000000000000000e+02 1.648865766804098021e+00
4.130000000000000000e+02 1.710868426943396692e+00
4.140000000000000000e+02 1.774886131930390132e+00
4.150000000000000000e+02 1.840973402083634802e+00
4.160000000000000000e+02 1.909185905990470555e+00
4.170000000000000000e+02 1.979580476581415338e+00
4.180000000000000000e+02 2.052215127268831818e+00
4.190000000000000000e+02 2.127149068147552669e+00
4.200000000000000000e+02 2.204442722255086196e+00
4.210000000000000000e+02 2.284157741889060844e+00
4.220000000000000000e+02 2.366357024979511614e+00
4.230000000000000000e+02 2.451104731513587431e+00
4.240000000000000000e+02 2.538466300010268295e+00
4.250000000000000000e+02 2.628508464042646597e+00
4.260000000000000000e+02 2.721299268805307481e+00
4.270000000000000000e+02 2.816908087724334209e+00
4.280000000000000000e+02 2.915405639107454761e+00
4.290000000000000000e+02 3.016864002831825875e+00
4.300000000000000000e+02 3.121356637066921014e+00
4.310000000000000000e+02 3.228958395030026463e+00
4.320000000000000000e+02 3.339745541771766302e+00
4.330000000000000000e+02 3.453795770989136038e+00
4.340000000000000000e+02 3.571188221863473622e+00
4.350000000000000000e+02 3.692003495920788136e+00
4.360000000000000000e+02 3.816323673911884207e+00
4.370000000000000000e+02 3.944232332709688649e+00
4.380000000000000000e+02 4.075814562221185433e+00
4.390000000000000000e+02 4.211156982311365482e+00
4.400000000000000000e+02 4.350347759736591158e+00
4.410000000000000000e+02 4.493476625084750431e+00
4.420000000000000000e+02 4.640634889719620126e+00
4.430000000000000000e+02 4.791915462726798580e+00
4.440000000000000000e+02 4.947412867858602681e+00
4.450000000000000000e+02 5.107223260475311832e+00
4.460000000000000000e+02 5.271444444480144043e+00
4.470000000000000000e+02 5.440175889245342233e+00
4.480000000000000000e+02 5.613518746526771963e+00
4.490000000000000000e+02 5.791575867364375796e+00
4.500000000000000000e+02 5.974451818965929917e+00
4.510000000000000000e+02 6.162252901571445562e+00
4.520000000000000000e+02 6.355087165295643103e+00
4.530000000000000000e+02 6.553064426945895526e+00
4.540000000000000000e+02 6.756296286812989216e+00
4.550000000000000000e+02 6.964896145432271091e+00
4.560000000000000000e+02 7.178979220312361242e+00
4.570000000000000000e+02 7.398662562629096051e+00
4.580000000000000000e+02 7.624065073881983956e+00
4.590000000000000000e+02 7.855307522510671880e+00
4.600000000000000000e+02 8.092512560468874128e+00
4.610000000000000000e+02 8.335804739753209347e+00
4.620000000000000000e+02 8.585310528884432912e+00
4.630000000000000000e+02 8.841158329338563604e+00
4.640000000000000000e+02 9.103478491925338645e+00
4.650000000000000000e+02 9.372403333111602564e+00
4.660000000000000000e+02 9.648067151287058607e+00
4.670000000000000000e+02 9.930606242970002384e+00
4.680000000000000000e+02 1.022015891895048867e+01
4.690000000000000000e+02 1.051686552036860611e+01
4.700000000000000000e+02 1.082086843472534987e+01
4.710000000000000000e+02 1.113231211182372782e+01
4.720000000000000000e+02 1.145134307963778042e+01
4.730000000000000000e+02 1.177810996010692435e+01
4.740000000000000000e+02 1.211276348485357879e+01
4.750000000000000000e+02 1.245545651082145433e+01
4.760000000000000000e+02 1.280634403583237102e+01
4.770000000000000000e+02 1.316558321405925014e+01
4.780000000000000000e+02 1.353333337141292603e+01
4.790000000000000000e+02 1.390975602084069251e+01
4.800000000000000000e+02 1.429501487753416455e+01
4.810000000000000000e+02 1.468927587404433233e+01
4.820000000000000000e+02 1.509270717530164063e+01
4.830000000000000000e+02 1.550547919353877369e+01
4.840000000000000000e+02 1.592776460311421793e+01
4.850000000000000000e+02 1.635973835523423858e+01
4.860000000000000000e+02 1.680157769257134248e+01
4.870000000000000000e+02 1.725346216377695896e+01
4.880000000000000000e+02 1.771557363788657469e+01
4.890000000000000000e+02 1.818809631861487830e+01
4.900000000000000000e+02 1.867121675853930540e+01
4.910000000000000000e+02 1.916512387316964805e+01
4.920000000000000000e+02 1.967000895490208734e+01
4.930000000000000000e+02 2.018606568685536118e+01
4.940000000000000000e+02 2.071349015658755022e+01
4.950000000000000000e+02 2.125248086969118688e+01
4.960000000000000000e+02 2.180323876326513144e+01
4.970000000000000000e+02 2.236596721926124687e+01
4.980000000000000000e+02 2.294087207770407844e+01
4.990000000000000000e+02 2.352816164978167635e+01
5.000000000000000000e+02 2.412804673080612616e+01
5.010000000000000000e+02 2.474074061304149552e+01
5.020000000000000000e+02 2.536645909839810287e+01
5.030000000000000000e+02 2.600542051099091623e+01
5.040000000000000000e+02 2.665784570956089894e+01
5.050000000000000000e+02 2.732395809975722756e+01
5.060000000000000000e+02 2.800398364627920245e+01
5.070000000000000000e+02 2.869815088487594679e+01
5.080000000000000000e+02 2.940669093420266478e+01
5.090000000000000000e+02 3.012983750753166134e+01
5.100000000000000000e+02 3.086782692431689767e+01
5.110000000000000000e+02 3.162089812161046964e+01
5.120000000000000000e+02 3.238929266532961293e+01
5.130000000000000000e+02 3.317325476137296647e+01
5.140000000000000000e+02 3.397303126658457018e+01
5.150000000000000000e+02 3.478887169956436765e+01
5.160000000000000000e+02 3.562102825132381412e+01
5.170000000000000000e+02 3.646975579578551674e+01
5.180000000000000000e+02 3.733531190012535461e+01
5.190000000000000000e+02 3.821795683495618334e+01
5.200000000000000000e+02 3.911795358435167458e+01
5.210000000000000000e+02 4.003556785570932419e+01
5.220000000000000000e+02 4.097106808945139278e+01
5.230000000000000000e+02 4.192472546856275528e+01
5.240000000000000000e+02 4.289681392796445181e+01
5.250000000000000000e+02 4.388761016372210122e+01
5.260000000000000000e+02 4.489739364208806194e+01
5.270000000000000000e+02 4.592644660837627413e+01
5.280000000000000000e+02 4.697505409566905143e+01
5.290000000000000000e+02 4.804350393335467828e+01
5.300000000000000000e+02 4.913208675549505955e+01
5.310000000000000000e+02 5.024109600902249184e+01
5.320000000000000000e+02 5.137082796176485289e+01
5.330000000000000000e+02 5.252158171029814326e+01
5.340000000000000000e+02 5.369365918762586176e+01
5.350000000000000000e+02 5.488736517068441145e+01
5.360000000000000000e+02 5.610300728767375489e+01
5.370000000000000000e+02 5.734089602521254392e+01
5.380000000000000000e+02 5.860134473531738308e+01
5.390000000000000000e+02 5.988466964220533129e+01
5.400000000000000000e+02 6.119118984891886015e+01
5.410000000000000000e+02 6.252122734377347513e+01
5.420000000000000000e+02 6.387510700662637930e+01
5.430000000000000000e+02 6.525315661496654229e+01
5.440000000000000000e+02 6.665570684982517946e+01
5.450000000000000000e+02 6.808309130150644251e+01
5.460000000000000000e+02 6.953564647513796615e+01
5.470000000000000000e+02 7.101371179604016959e+01
5.480000000000000000e+02 7.251762961491522219e+01
5.490000000000000000e+02 7.404774521285382605e+01
5.500000000000000000e+02 7.560440680616090958e+01
5.510000000000000000e+02 7.718796555099876855e+01
5.520000000000000000e+02 7.879877554784808069e+01
5.530000000000000000e+02 8.043719384578652409e+01
5.540000000000000000e+02 8.210358044658418919e+01
5.550000000000000000e+02 8.379829830861672235e+01
5.560000000000000000e+02 8.552171335059443891e+01
5.570000000000000000e+02 8.727419445510901141e+01
5.580000000000000000e+02 8.905611347199631211e+01
5.590000000000000000e+02 9.086784522151607746e+01
5.600000000000000000e+02 9.270976749734784050e+01
5.610000000000000000e+02 9.458226106940340117e+01
5.620000000000000000e+02 9.648570968645587698e+01
5.630000000000000000e+02 9.842050007858507854e+01
5.640000000000000000e+02 1.003870219594392097e+02
5.650000000000000000e+02 1.023856680283139298e+02
5.660000000000000000e+02 1.044168339720470016e+02
5.670000000000000000e+02 1.064809184667305288e+02
5.680000000000000000e+02 1.085783231792396464e+02
5.690000000000000000e+02 1.107094527685787710e+02
5.700000000000000000e+02 1.128747148870446608e+02
5.710000000000000000e+02 1.150745201812069780e+02
5.720000000000000000e+02 1.173092822927071808e+02
5.730000000000000000e+02 1.195794178588744359e+02
5.740000000000000000e+02 1.218853465131604281e+02
5.750000000000000000e+02 1.242274908853926689e+02
5.760000000000000000e+02 1.266062766018462042e+02
5.770000000000000000e+02 1.290221322851352284e+02
5.780000000000000000e+02 1.314754895539234383e+02
5.790000000000000000e+02 1.339667830224551039e+02
5.800000000000000000e+02 1.364964502999059448e+02
5.810000000000000000e+02 1.390649319895550491e+02
5.820000000000000000e+02 1.416726716877780063e+02
5.830000000000000000e+02 1.443201159828614664e+02
5.840000000000000000e+02 1.470077144536404603e+02
5.850000000000000000e+02 1.497359196679576314e+02
5.860000000000000000e+02 1.525051871809461659e+02
5.870000000000000000e+02 1.553159755331365943e+02
5.880000000000000000e+02 1.581687462483873219e+02
5.890000000000000000e+02 1.610639638316406206e+02
5.900000000000000000e+02 1.640020957665041692e+02
5.910000000000000000e+02 1.669836125126578565e+02
5.920000000000000000e+02 1.700089875030882069e+02
5.930000000000000000e+02 1.730786971411503146e+02
5.940000000000000000e+02 1.761932207974568598e+02
5.950000000000000000e+02 1.793530408065967094e+02
5.960000000000000000e+02 1.825586424636827587e+02
5.970000000000000000e+02 1.858105140207303805e+02
5.980000000000000000e+02 1.891091466828655712e+02
5.990000000000000000e+02 1.924550346043663751e+02
6.000000000000000000e+02 1.958486748845351713e+02
6.010000000000000000e+02 1.992905675634059719e+02
6.020000000000000000e+02 2.027812156172838911e+02
6.030000000000000000e+02 2.063211249541208474e+02
6.040000000000000000e+02 2.099108044087262499e+02
6.050000000000000000e+02 2.135507657378142028e+02
6.060000000000000000e+02 2.172415236148887629e+02
6.070000000000000000e+02 2.209835956249663695e+02
6.080000000000000000e+02 2.247775022591384300e+02
6.090000000000000000e+02 2.286237669089732094e+02
6.100000000000000000e+02 2.325229158607590705e+02
6.110000000000000000e+02 2.364754782895893186e+02
6.120000000000000000e+02 2.404819862532903869e+02
6.130000000000000000e+02 2.445429746861925935e+02
6.140000000000000000e+02 2.486589813927472505e+02
6.150000000000000000e+02 2.528305470409878524e+02
6.160000000000000000e+02 2.570582151558390933e+02
6.170000000000000000e+02 2.613425321122733749e+02
6.180000000000000000e+02 2.656840471283151146e+02
6.190000000000000000e+02 2.700833122578953862e+02
6.200000000000000000e+02 2.745408823835583121e+02
6.210000000000000000e+02 2.790573152090166218e+02
6.220000000000000000e+02 2.836331712515631693e+02
6.230000000000000000e+02 2.882690138343332933e+02
6.240000000000000000e+02 2.929654090784242726e+02
6.250000000000000000e+02 2.977229258948701727e+02
6.260000000000000000e+02 3.025421359764729345e+02
6.270000000000000000e+02 3.074236137894933449e+02
6.280000000000000000e+02 3.123679365651997273e+02
6.290000000000000000e+02 3.173756842912774232e+02
6.300000000000000000e+02 3.224474397031009971e+02
6.310000000000000000e+02 3.275837882748667766e+02
6.320000000000000000e+02 3.327853182105916972e+02
6.330000000000000000e+02 3.380526204349749264e+02
6.340000000000000000e+02 3.433862885841282377e+02
6.350000000000000000e+02 3.487869189961692769e+02
6.360000000000000000e+02 3.542551107016881247e+02
6.370000000000000000e+02 3.597914654140806192e+02
6.380000000000000000e+02 3.653965875197521882e+02
6.390000000000000000e+02 3.710710840681953755e+02
6.400000000000000000e+02 3.768155647619392425e+02
6.410000000000000000e+02 3.826306419463730890e+02
6.420000000000000000e+02 3.885169305994463684e+02
6.430000000000000000e+02 3.944750483212445147e+02
6.440000000000000000e+02 4.005056153234433509e+02
6.450000000000000000e+02 4.066092544186421947e+02
6.460000000000000000e+02 4.127865910095777622e+02
6.470000000000000000e+02 4.190382530782191566e+02
6.480000000000000000e+02 4.253648711747453603e+02
6.490000000000000000e+02 4.317670784064085296e+02
6.500000000000000000e+02 4.382455104262803047e+02
6.510000000000000000e+02 4.448008054218857410e+02
6.520000000000000000e+02 4.514336041037254859e+02
6.530000000000000000e+02 4.581445496936848372e+02
6.540000000000000000e+02 4.649342879133366750e+02
6.550000000000000000e+02 4.718034669721322416e+02
6.560000000000000000e+02 4.787527375554857940e+02
6.570000000000000000e+02 4.857827528127550067e+02
6.580000000000000000e+02 4.928941683451145650e+02
6.590000000000000000e+02 5.000876421933263032e+02
6.600000000000000000e+02 5.073638348254080483e+02
6.610000000000000000e+02 5.147234091242023624e+02
6.620000000000000000e+02 5.221670303748422839e+02
6.630000000000000000e+02 5.296953662521221986e+02
6.640000000000000000e+02 5.373090868077691766e+02
6.650000000000000000e+02 5.450088644576201204e+02
6.660000000000000000e+02 5.527953739687028474e+02
6.670000000000000000e+02 5.606692924462241763e+02
6.680000000000000000e+02 5.686312993204660415e+02
6.690000000000000000e+02 5.766820763335915672e+02
6.700000000000000000e+02 5.848223075263596229e+02
6.710000000000000000e+02 5.930526792247536605e+02
6.720000000000000000e+02 6.013738800265199416e+02
6.730000000000000000e+02 6.097866007876241383e+02
6.740000000000000000e+02 6.182915346086205091e+02
6.750000000000000000e+02 6.268893768209388782e+02
6.760000000000000000e+02 6.355808249730889656e+02
6.770000000000000000e+02 6.443665788167854771e+02
6.780000000000000000e+02 6.532473402929915665e+02
6.790000000000000000e+02 6.622238135178869243e+02
6.800000000000000000e+02 6.712967047687542390e+02
6.810000000000000000e+02 6.804667224697977872e+02
6.820000000000000000e+02 6.897345771778781227e+02
6.830000000000000000e+02 6.991009815681813961e+02
6.840000000000000000e+02 7.085666504198122766e+02
6.850000000000000000e+02 7.181323006013179793e+02
6.860000000000000000e+02 7.277986510561427167e+02
6.870000000000000000e+02 7.375664227880133694e+02
6.880000000000000000e+02 7.474363388462587636e+02
6.890000000000000000e+02 7.574091243110643745e+02
6.900000000000000000e+02 7.674855062786585904e+02
6.910000000000000000e+02 7.776662138464406553e+02
6.920000000000000000e+02 7.879519780980442647e+02
6.930000000000000000e+02 7.983435320883403392e+02
6.940000000000000000e+02 8.088416108283794301e+02
6.950000000000000000e+02 8.194469512702787597e+02
6.960000000000000000e+02 8.301602922920495757e+02
6.970000000000000000e+02 8.409823746823682313e+02
6.980000000000000000e+02 8.519139411252951959e+02
6.990000000000000000e+02 8.629557361849384733e+02
7.000000000000000000e+02 8.741085062900660887e+02
7.010000000000000000e+02 8.853729997186650280e+02
7.020000000000000000e+02 8.967499665824547037e+02
7.030000000000000000e+02 9.082401588113463049e+02
7.040000000000000000e+02 9.198443301378596288e+02
7.050000000000000000e+02 9.315632360814907997e+02
7.060000000000000000e+02 9.433976339330348537e+02
7.070000000000000000e+02 9.553482827388661462e+02
7.080000000000000000e+02 9.674159432851739666e+02
7.090000000000000000e+02 9.796013780821566570e+02
7.100000000000000000e+02 9.919053513481783284e+02
7.110000000000000000e+02 1.004328628993882035e+03
7.120000000000000000e+02 1.016871978606267021e+03
7.130000000000000000e+02 1.029536169432728229e+03
7.140000000000000000e+02 1.042321972365060446e+03
7.150000000000000000e+02 1.055230159923429028e+03
7.160000000000000000e+02 1.068261506240301287e+03
7.170000000000000000e+02 1.081416787044355715e+03
7.180000000000000000e+02 1.094696779644347544e+03
7.190000000000000000e+02 1.108102262912953847e+03
7.200000000000000000e+02 1.121634017270584309e+03
7.210000000000000000e+02 1.135292824669165157e+03
7.220000000000000000e+02 1.149079468575896726e+03
7.230000000000000000e+02 1.162994733956985556e+03
7.240000000000000000e+02 1.177039407261348288e+03
7.250000000000000000e+02 1.191214276404297152e+03
7.260000000000000000e+02 1.205520130751197712e+03
7.270000000000000000e+02 1.219957761101108417e+03
7.280000000000000000e+02 1.234527959670398104e+03
7.290000000000000000e+02 1.249231520076344168e+03
7.300000000000000000e+02 1.264069237320712773e+03
7.310000000000000000e+02 1.279041907773321327e+03
7.320000000000000000e+02 1.294150329155584132e+03
7.330000000000000000e+02 1.309395300524043705e+03
7.340000000000000000e+02 1.324777622253885738e+03
7.350000000000000000e+02 1.340298096022444724e+03
7.360000000000000000e+02 1.355957524792691402e+03
7.370000000000000000e+02 1.371756712796717920e+03
7.380000000000000000e+02 1.387696465519198910e+03
7.390000000000000000e+02 1.403777589680858227e+03
7.400000000000000000e+02 1.420000893221917067e+03
7.410000000000000000e+02 1.436367185285539563e+03
7.420000000000000000e+02 1.452877276201268842e+03
7.430000000000000000e+02 1.469531977468460582e+03
7.440000000000000000e+02 1.486332101739711334e+03
7.450000000000000000e+02 1.503278462804281389e+03
7.460000000000000000e+02 1.520371875571518558e+03
7.470000000000000000e+02 1.537613156054274441e+03
7.480000000000000000e+02 1.555003121352327298e+03
7.490000000000000000e+02 1.572542589635801960e+03
7.500000000000000000e+02 1.590232380128584964e+03
7.510000000000000000e+02 1.608073313091753562e+03
7.520000000000000000e+02 1.626066209806997222e+03
7.530000000000000000e+02 1.644211892560050273e+03
7.540000000000000000e+02 1.662511184624121825e+03
7.550000000000000000e+02 1.680964910243337499e+03
7.560000000000000000e+02 1.699573894616186408e+03
7.570000000000000000e+02 1.718338963878971754e+03
7.580000000000000000e+02 1.737260945089275310e+03
7.590000000000000000e+02 1.756340666209422807e+03
7.600000000000000000e+02 1.775578956089972962e+03
7.610000000000000000e+02 1.794976644453197878e+03
7.620000000000000000e+02 1.814534561876594807e+03
7.630000000000000000e+02 1.834253539776393382e+03
7.640000000000000000e+02 1.854134410391089204e+03
7.650000000000000000e+02 1.874178006764982683e+03
7.660000000000000000e+02 1.894385162731736500e+03
7.670000000000000000e+02 1.914756712897949228e+03
7.680000000000000000e+02 1.935293492626739862e+03
7.690000000000000000e+02 1.955996338021357815e+03
7.700000000000000000e+02 1.976866085908806326e+03
7.710000000000000000e+02 1.997903573823478382e+03
7.720000000000000000e+02 2.019109639990827645e+03
7.730000000000000000e+02 2.040485123311043708e+03
7.740000000000000000e+02 2.062030863342754856e+03
7.750000000000000000e+02 2.083747700286757208e+03
7.760000000000000000e+02 2.105636474969755454e+03
7.770000000000000000e+02 2.127698028828137012e+03
7.780000000000000000e+02 2.149933203891761877e+03
7.790000000000000000e+02 2.172342842767783623e+03
7.800000000000000000e+02 2.194927788624492678e+03
7.810000000000000000e+02 2.217688885175182804e+03
7.820000000000000000e+02 2.240626976662048492e+03
7.830000000000000000e+02 2.263742907840106909e+03
7.840000000000000000e+02 2.287037523961150328e+03
7.850000000000000000e+02 2.310511670757726733e+03
7.860000000000000000e+02 2.334166194427141363e+03
7.870000000000000000e+02 2.358001941615505984e+03
7.880000000000000000e+02 2.382019759401798638e+03
7.890000000000000000e+02 2.406220495281971125e+03
7.900000000000000000e+02 2.430604997153074692e+03
7.910000000000000000e+02 2.455174113297431632e+03
7.920000000000000000e+02 2.479928692366824635e+03
7.930000000000000000e+02 2.504869583366735696e+03
7.940000000000000000e+02 2.529997635640609587e+03
7.950000000000000000e+02 2.555313698854147788e+03
7.960000000000000000e+02 2.580818622979654265e+03
7.970000000000000000e+02 2.606513258280400805e+03
7.980000000000000000e+02 2.632398455295037820e+03
7.990000000000000000e+02 2.658475064822036074e+03
8.000000000000000000e+02 2.684743937904178438e+03
8.010000000000000000e+02 2.711205925813069825e+03
8.020000000000000000e+02 2.737861880033708076e+03
8.030000000000000000e+02 2.764712652249074381e+03
8.040000000000000000e+02 2.791759094324782836e+03
8.050000000000000000e+02 2.819002058293749997e+03
8.060000000000000000e+02 2.846442396340924006e+03
8.070000000000000000e+02 2.874080960788038738e+03
8.080000000000000000e+02 2.901918604078427052e+03
8.090000000000000000e+02 2.929956178761859974e+03
8.100000000000000000e+02 2.958194537479437258e+03
8.110000000000000000e+02 2.986634532948527067e+03
8.120000000000000000e+02 3.015277017947732475e+03
8.130000000000000000e+02 3.044122845301921188e+03
8.140000000000000000e+02 3.073172867867283458e+03
8.150000000000000000e+02 3.102427938516450467e+03
8.160000000000000000e+02 3.131888910123648657e+03
8.170000000000000000e+02 3.161556635549901330e+03
8.180000000000000000e+02 3.191431967628278016e+03
8.190000000000000000e+02 3.221515759149196128e+03
8.200000000000000000e+02 3.251808862845758085e+03
8.210000000000000000e+02 3.282312131379146649e+03
8.220000000000000000e+02 3.313026417324067097e+03
8.230000000000000000e+02 3.343952573154233505e+03
8.240000000000000000e+02 3.375091451227908692e+03
8.250000000000000000e+02 3.406443903773488273e+03
8.260000000000000000e+02 3.438010782875141103e+03
8.270000000000000000e+02 3.469792940458501107e+03
8.280000000000000000e+02 3.501791228276394577e+03
8.290000000000000000e+02 3.534006497894638869e+03
8.300000000000000000e+02 3.566439600677882027e+03
8.310000000000000000e+02 3.599091387775489693e+03
8.320000000000000000e+02 3.631962710107496150e+03
8.330000000000000000e+02 3.665054418350596279e+03
8.340000000000000000e+02 3.698367362924200734e+03
8.350000000000000000e+02 3.731902393976531130e+03
8.360000000000000000e+02 3.765660361370782084e+03
8.370000000000000000e+02 3.799642114671332365e+03
8.380000000000000000e+02 3.833848503130001973e+03
8.390000000000000000e+02 3.868280375672376067e+03
8.400000000000000000e+02 3.902938580884175281e+03
8.410000000000000000e+02 3.937823966997686966e+03
8.420000000000000000e+02 3.972937381878244196e+03
8.430000000000000000e+02 4.008279673010766601e+03
8.440000000000000000e+02 4.043851687486355786e+03
8.450000000000000000e+02 4.079654271988943947e+03
8.460000000000000000e+02 4.115688272782002059e+03
8.470000000000000000e+02 4.151954535695304003e+03
8.480000000000000000e+02 4.188453906111742072e+03
8.490000000000000000e+02 4.225187228954217062e+03
8.500000000000000000e+02 4.262155348672557011e+03
8.510000000000000000e+02 4.299359109230524155e+03
8.520000000000000000e+02 4.336799354092853719e+03
8.530000000000000000e+02 4.374476926212372746e+03
8.540000000000000000e+02 4.412392668017157121e+03
8.550000000000000000e+02 4.450547421397767721e+03
8.560000000000000000e+02 4.488942027694525677e+03
8.570000000000000000e+02 4.527577327684861302e+03
8.580000000000000000e+02 4.566454161570708493e+03
8.590000000000000000e+02 4.605573368965980990e+03
8.600000000000000000e+02 4.644935788884073190e+03
8.610000000000000000e+02 4.684542259725465556e+03
8.620000000000000000e+02 4.724393619265340021e+03
8.630000000000000000e+02 4.764490704641304546e+03
8.640000000000000000e+02 4.804834352341134945e+03
8.650000000000000000e+02 4.845425398190610395e+03
8.660000000000000000e+02 4.886264677341389870e+03
8.670000000000000000e+02 4.927353024258953155e+03
8.680000000000000000e+02 4.968691272710613703e+03
8.690000000000000000e+02 5.010280255753574238e+03
8.700000000000000000e+02 5.052120805723058766e+03
8.710000000000000000e+02 5.094213754220500959e+03
8.720000000000000000e+02 5.136559932101782579e+03
8.730000000000000000e+02 5.179160169465567378e+03
8.740000000000000000e+02 5.222015295641648663e+03
8.750000000000000000e+02 5.265126139179402344e+03
8.760000000000000000e+02 5.308493527836270914e+03
8.770000000000000000e+02 5.352118288566333831e+03
8.780000000000000000e+02 5.396001247508917913e+03
8.790000000000000000e+02 5.440143229977288684e+03
8.800000000000000000e+02 5.484545060447392643e+03
8.810000000000000000e+02 5.529207562546664121e+03
8.820000000000000000e+02 5.574131559042899426e+03
8.830000000000000000e+02 5.619317871833192839e+03
8.840000000000000000e+02 5.664767321932924460e+03
8.850000000000000000e+02 5.710480729464823526e+03
8.860000000000000000e+02 5.756458913648101770e+03
8.870000000000000000e+02 5.802702692787618616e+03
8.880000000000000000e+02 5.849212884263144588e+03
8.890000000000000000e+02 5.895990304518671110e+03
8.900000000000000000e+02 5.943035769051781244e+03
8.910000000000000000e+02 5.990350092403081362e+03
8.920000000000000000e+02 6.037934088145721944e+03
8.930000000000000000e+02 6.085788568874946577e+03
8.940000000000000000e+02 6.133914346197723717e+03
8.950000000000000000e+02 6.182312230722440290e+03
8.960000000000000000e+02 6.230983032048648056e+03
8.970000000000000000e+02 6.279927558756904546e+03
8.980000000000000000e+02 6.329146618398625833e+03
8.990000000000000000e+02 6.378641017486062083e+03
9.000000000000000000e+02 6.428411561482271281e+03
9.010000000000000000e+02 6.478459054791232120e+03
9.020000000000000000e+02 6.528784300747952329e+03
9.030000000000000000e+02 6.579388101608672514e+03
9.040000000000000000e+02 6.630271258541147290e+03
9.050000000000000000e+02 6.681434571614949164e+03
9.060000000000000000e+02 6.732878839791878818e+03
9.070000000000000000e+02 6.784604860916400867e+03
9.080000000000000000e+02 6.836613431706187839e+03
9.090000000000000000e+02 6.888905347742679623e+03
9.100000000000000000e+02 6.941481403461734772e+03
9.110000000000000000e+02 6.994342392144342739e+03
9.120000000000000000e+02 7.047489105907397061e+03
9.130000000000000000e+02 7.100922335694531284e+03
9.140000000000000000e+02 7.154642871267016744e+03
9.150000000000000000e+02 7.208651501194721277e+03
9.160000000000000000e+02 7.262949012847146150e+03
9.170000000000000000e+02 7.317536192384512105e+03
9.180000000000000000e+02 7.372413824748908155e+03
9.190000000000000000e+02 7.427582693655514049e+03
9.200000000000000000e+02 7.483043581583874584e+03
9.210000000000000000e+02 7.538797269769254854e+03
9.220000000000000000e+02 7.594844538194025517e+03
9.230000000000000000e+02 7.651186165579165390e+03
9.240000000000000000e+02 7.707822929375744934e+03
9.250000000000000000e+02 7.764755605756581645e+03
9.260000000000000000e+02 7.821984969607848143e+03
9.270000000000000000e+02 7.879511794520821240e+03
9.280000000000000000e+02 7.937336852783660106e+03
9.290000000000000000e+02 7.995460915373247190e+03
9.300000000000000000e+02 8.053884751947107361e+03
9.310000000000000000e+02 8.112609130835373435e+03
9.320000000000000000e+02 8.171634819032826272e+03
9.330000000000000000e+02 8.230962582190986723e+03
9.340000000000000000e+02 8.290593184610283060e+03
9.350000000000000000e+02 8.350527389232260248e+03
9.360000000000000000e+02 8.410765957631885612e+03
9.370000000000000000e+02 8.471309650009865436e+03
9.380000000000000000e+02 8.532159225185074320e+03
9.390000000000000000e+02 8.593315440587033663e+03
9.400000000000000000e+02 8.654779052248419248e+03
9.410000000000000000e+02 8.716550814797657949e+03
9.420000000000000000e+02 8.778631481451609943e+03
9.430000000000000000e+02 8.841021804008254549e+03
9.440000000000000000e+02 8.903722532839488849e+03
9.450000000000000000e+02 8.966734416883955419e+03
9.460000000000000000e+02 9.030058203639944622e+03
9.470000000000000000e+02 9.093694639158367863e+03
9.480000000000000000e+02 9.157644468035754471e+03
9.490000000000000000e+02 9.221908433407374105e+03
9.500000000000000000e+02 9.286487276940344600e+03
9.510000000000000000e+02 9.351381738826854416e+03
9.520000000000000000e+02 9.416592557777419643e+03
9.530000000000000000e+02 9.482120471014231953e+03
9.540000000000000000e+02 9.547966214264504742e+03
9.550000000000000000e+02 9.614130521753959329e+03
9.560000000000000000e+02 9.680614126200307510e+03
9.570000000000000000e+02 9.747417758806817801e+03
9.580000000000000000e+02 9.814542149255952609e+03
9.590000000000000000e+02 9.881988025703045423e+03
9.600000000000000000e+02 9.949756114770045315e+03
9.610000000000000000e+02 1.001784714153931782e+04
9.620000000000000000e+02 1.008626182954752585e+04
9.630000000000000000e+02 1.015500090077952154e+04
9.640000000000000000e+02 1.022406507566234359e+04
9.650000000000000000e+02 1.029345507305927276e+04
9.660000000000000000e+02 1.036317161026388931e+04
9.670000000000000000e+02 1.043321540299425942e+04
9.680000000000000000e+02 1.050358716538715998e+04
9.690000000000000000e+02 1.057428760999231054e+04
9.700000000000000000e+02 1.064531744776673440e+04
9.710000000000000000e+02 1.071667738806914713e+04
9.720000000000000000e+02 1.078836813865437944e+04
9.730000000000000000e+02 1.086039040566791118e+04
9.740000000000000000e+02 1.093274489364040710e+04
9.750000000000000000e+02 1.100543230548235078e+04
9.760000000000000000e+02 1.107845334247870051e+04
9.770000000000000000e+02 1.115180870428364324e+04
9.780000000000000000e+02 1.122549908891537780e+04
9.790000000000000000e+02 1.129952519275093437e+04
9.800000000000000000e+02 1.137388771052111588e+04
9.810000000000000000e+02 1.144858733530541758e+04
9.820000000000000000e+02 1.152362475852706666e+04
9.830000000000000000e+02 1.159900066994808367e+04
9.840000000000000000e+02 1.167471575766439855e+04
9.850000000000000000e+02 1.175077070810103396e+04
9.860000000000000000e+02 1.182716620600734859e+04
9.870000000000000000e+02 1.190390293445231873e+04
9.880000000000000000e+02 1.198098157481989256e+04
9.890000000000000000e+02 1.205840280680437536e+04
9.900000000000000000e+02 1.213616730840589480e+04
9.910000000000000000e+02 1.221427575592591529e+04
9.920000000000000000e+02 1.229272882396278328e+04
9.930000000000000000e+02 1.237152718540735805e+04
9.940000000000000000e+02 1.245067151143867704e+04
9.950000000000000000e+02 1.253016247151969037e+04
9.960000000000000000e+02 1.261000073339302071e+04
9.970000000000000000e+02 1.269018696307679602e+04
9.980000000000000000e+02 1.277072182486057136e+04
9.990000000000000000e+02 1.285160598130120525e+04
