# BB temperature (K); Intensity through filter (ph/s/m^2/mas^2)
1.000000000000000000e+01 0.000000000000000000e+00
1.100000000000000000e+01 0.000000000000000000e+00
1.200000000000000000e+01 0.000000000000000000e+00
1.300000000000000000e+01 0.000000000000000000e+00
1.400000000000000000e+01 0.000000000000000000e+00
1.500000000000000000e+01 0.000000000000000000e+00
1.600000000000000000e+01 0.000000000000000000e+00
1.700000000000000000e+01 0.000000000000000000e+00
1.800000000000000000e+01 0.000000000000000000e+00
1.900000000000000000e+01 0.000000000000000000e+00
2.000000000000000000e+01 0.000000000000000000e+00
2.100000000000000000e+01 1.661399100126615467e-111
2.200000000000000000e+01 2.191020221226047444e-106
2.300000000000000000e+01 1.037866245495608916e-101
2.400000000000000000e+01 2.006860158154818730e-97
2.500000000000000000e+01 1.763784956292987961e-93
2.600000000000000000e+01 7.716515274048186010e-90
2.700000000000000000e+01 1.815888101810073967e-86
2.800000000000000000e+01 2.456345842641000088e-83
2.900000000000000000e+01 2.022488461047157800e-80
3.000000000000000000e+01 1.065192458884570640e-77
3.100000000000000000e+01 3.747013174934900231e-75
3.200000000000000000e+01 9.142848664487904092e-73
3.300000000000000000e+01 1.599745263246709189e-70
3.400000000000000000e+01 2.066946825152734887e-68
3.500000000000000000e+01 2.023941476299620493e-66
3.600000000000000000e+01 1.537038229569744634e-64
3.700000000000000000e+01 9.241310336244577255e-63
3.800000000000000000e+01 4.480716578412520296e-61
3.900000000000000000e+01 1.781183724660632019e-59
4.000000000000000000e+01 5.892255280662988426e-58
4.100000000000000000e+01 1.643992286732291486e-56
4.200000000000000000e+01 3.915991542661738078e-55
4.300000000000000000e+01 8.051836929888251981e-54
4.400000000000000000e+01 1.443483668409386543e-52
4.500000000000000000e+01 2.276974301960907253e-51
4.600000000000000000e+01 3.186799115946493828e-50
4.700000000000000000e+01 3.987626307139655850e-49
4.800000000000000000e+01 4.492357966360509737e-48
4.900000000000000000e+01 4.585888749402310908e-47
5.000000000000000000e+01 4.267052778488914209e-46
5.100000000000000000e+01 3.638754564162502305e-45
5.200000000000000000e+01 2.858122477930527900e-44
5.300000000000000000e+01 2.077450207524184721e-43
5.400000000000000000e+01 1.403366421792806931e-42
5.500000000000000000e+01 8.845763158889317817e-42
5.600000000000000000e+01 5.221949560673491132e-41
5.700000000000000000e+01 2.897074549158507943e-40
5.800000000000000000e+01 1.515338462196719221e-39
5.900000000000000000e+01 7.495170816451728857e-39
6.000000000000000000e+01 3.515505055819012263e-38
6.100000000000000000e+01 1.567693511463347355e-37
6.200000000000000000e+01 6.662875966945438559e-37
6.300000000000000000e+01 2.705092193742934795e-36
6.400000000000000000e+01 1.051363340990037980e-35
6.500000000000000000e+01 3.919651144629914079e-35
6.600000000000000000e+01 1.404385518360519323e-34
6.700000000000000000e+01 4.844413133467213528e-34
6.800000000000000000e+01 1.611528969758348865e-33
6.900000000000000000e+01 5.177991314257822869e-33
7.000000000000000000e+01 1.609369821027509961e-32
7.100000000000000000e+01 4.845409520778090959e-32
7.200000000000000000e+01 1.415012233016989445e-31
7.300000000000000000e+01 4.013178372983013255e-31
7.400000000000000000e+01 1.106698783811575474e-30
7.500000000000000000e+01 2.970775568048720399e-30
7.600000000000000000e+01 7.770891416213682986e-30
7.700000000000000000e+01 1.982757647695819463e-29
7.800000000000000000e+01 4.939477732705142036e-29
7.900000000000000000e+01 1.202538142658536887e-28
8.000000000000000000e+01 2.863500550043076652e-28
8.100000000000000000e+01 6.674703150835993335e-28
8.200000000000000000e+01 1.524197598658101913e-27
8.300000000000000000e+01 3.412300659279414018e-27
8.400000000000000000e+01 7.494743123862975221e-27
8.500000000000000000e+01 1.616076759356842667e-26
8.600000000000000000e+01 3.423274532602069584e-26
8.700000000000000000e+01 7.127905359485600041e-26
8.800000000000000000e+01 1.459743112709455357e-25
8.900000000000000000e+01 2.941898773518570351e-25
9.000000000000000000e+01 5.837776937439695456e-25
9.100000000000000000e+01 1.141188208610650969e-24
9.200000000000000000e+01 2.198715146948467720e-24
9.300000000000000000e+01 4.177201023516116929e-24
9.400000000000000000e+01 7.828898796173428429e-24
9.500000000000000000e+01 1.448107797382790709e-23
9.600000000000000000e+01 2.644626143807611714e-23
9.700000000000000000e+01 4.770476849518096921e-23
9.800000000000000000e+01 8.502710048685481611e-23
9.900000000000000000e+01 1.497988090461331134e-22
1.000000000000000000e+02 2.609551203978753821e-22
1.010000000000000000e+02 4.496502485188720447e-22
1.020000000000000000e+02 7.666105716198510918e-22
1.030000000000000000e+02 1.293599124277466797e-21
1.040000000000000000e+02 2.161117643734028080e-21
1.050000000000000000e+02 3.575483960441161101e-21
1.060000000000000000e+02 5.859873743865307385e-21
1.070000000000000000e+02 9.515979559979753960e-21
1.080000000000000000e+02 1.531585087937959171e-20
1.090000000000000000e+02 2.443754996369947440e-20
1.100000000000000000e+02 3.866390810666868389e-20
1.110000000000000000e+02 6.067144601093807913e-20
1.120000000000000000e+02 9.444715395169730059e-20
1.130000000000000000e+02 1.458852522978543962e-19
1.140000000000000000e+02 2.236354860432244306e-19
1.150000000000000000e+02 3.403005074475343368e-19
1.160000000000000000e+02 5.141144561392819318e-19
1.170000000000000000e+02 7.712804730053097041e-19
1.180000000000000000e+02 1.149204750291685374e-18
1.190000000000000000e+02 1.700942787187521550e-18
1.200000000000000000e+02 2.501274713218439634e-18
1.210000000000000000e+02 3.654956949313954661e-18
1.220000000000000000e+02 5.307864581521562027e-18
1.230000000000000000e+02 7.661951771847474847e-18
1.240000000000000000e+02 1.099522744511098533e-17
1.250000000000000000e+02 1.568828381937361109e-17
1.260000000000000000e+02 2.225934227348184967e-17
1.270000000000000000e+02 3.141031394410097657e-17
1.280000000000000000e+02 4.408703440173610119e-17
1.290000000000000000e+02 6.155765014615402253e-17
1.300000000000000000e+02 8.551414179938387535e-17
1.310000000000000000e+02 1.182032027284093928e-16
1.320000000000000000e+02 1.625941968193153234e-16
1.330000000000000000e+02 2.225937469924684391e-16
1.340000000000000000e+02 3.033187168143131284e-16
1.350000000000000000e+02 4.114420105623668294e-16
1.360000000000000000e+02 5.556288121157922331e-16
1.370000000000000000e+02 7.470847015118350086e-16
1.380000000000000000e+02 1.000241634327392698e-15
1.390000000000000000e+02 1.333613161969452794e-15
1.400000000000000000e+02 1.770856645081419082e-15
1.410000000000000000e+02 2.342087719598516517e-15
1.420000000000000000e+02 3.085501086588014816e-15
1.430000000000000000e+02 4.049362004775279192e-15
1.440000000000000000e+02 5.294444883109321301e-15
1.450000000000000000e+02 6.897009338927847852e-15
1.460000000000000000e+02 8.952420270830513140e-15
1.470000000000000000e+02 1.157953718842127567e-14
1.480000000000000000e+02 1.492601956849157922e-14
1.490000000000000000e+02 1.917471972672035748e-14
1.500000000000000000e+02 2.455136299843194735e-14
1.510000000000000000e+02 3.133374734168755775e-14
1.520000000000000000e+02 3.986273128113388397e-14
1.530000000000000000e+02 5.055532091399660866e-14
1.540000000000000000e+02 6.392021405760478779e-14
1.550000000000000000e+02 8.057621313546958373e-14
1.560000000000000000e+02 1.012739787309477331e-13
1.570000000000000000e+02 1.269216635915546387e-13
1.580000000000000000e+02 1.586150430066170660e-13
1.590000000000000000e+02 1.976728427287945980e-13
1.600000000000000000e+02 2.456780608510583746e-13
1.610000000000000000e+02 3.045261862360735638e-13
1.620000000000000000e+02 3.764813342456289725e-13
1.630000000000000000e+02 4.642414517291658153e-13
1.640000000000000000e+02 5.710138886771728566e-13
1.650000000000000000e+02 7.006027948863561895e-13
1.660000000000000000e+02 8.575099777689170588e-13
1.670000000000000000e+02 1.047051053515490408e-12
1.680000000000000000e+02 1.275488939743376873e-12
1.690000000000000000e+02 1.550186975196340034e-12
1.700000000000000000e+02 1.879784212802308161e-12
1.710000000000000000e+02 2.274395718370598178e-12
1.720000000000000000e+02 2.745841020501710370e-12
1.730000000000000000e+02 3.307904200137748667e-12
1.740000000000000000e+02 3.976629483032861485e-12
1.750000000000000000e+02 4.770656607909350209e-12
1.760000000000000000e+02 5.711600690055484848e-12
1.770000000000000000e+02 6.824481787741271620e-12
1.780000000000000000e+02 8.138209910495334919e-12
1.790000000000000000e+02 9.686131787738770317e-12
1.800000000000000000e+02 1.150664634761760065e-11
1.810000000000000000e+02 1.364389654363102723e-11
1.820000000000000000e+02 1.614854591579987787e-11
1.830000000000000000e+02 1.907864908916127389e-11
1.840000000000000000e+02 2.250062630140343419e-11
1.850000000000000000e+02 2.649035302022087337e-11
1.860000000000000000e+02 3.113437676697244219e-11
1.870000000000000000e+02 3.653127441479401642e-11
1.880000000000000000e+02 4.279316448572476535e-11
1.890000000000000000e+02 5.004739034296829783e-11
1.900000000000000000e+02 5.843839167262353304e-11
1.910000000000000000e+02 6.812978328688820745e-11
1.920000000000000000e+02 7.930666207212806288e-11
1.930000000000000000e+02 9.217816486621442411e-11
1.940000000000000000e+02 1.069803021978580563e-10
1.950000000000000000e+02 1.239790951760236424e-10
1.960000000000000000e+02 1.434740454018114859e-10
1.970000000000000000e+02 1.658019706128291631e-10
1.980000000000000000e+02 1.913412418881091282e-10
1.990000000000000000e+02 2.205164616701229481e-10
2.000000000000000000e+02 2.538036256327032747e-10
2.010000000000000000e+02 2.917358155766147190e-10
2.020000000000000000e+02 3.349094751089146879e-10
2.030000000000000000e+02 3.839913249032095214e-10
2.040000000000000000e+02 4.397259798951847610e-10
2.050000000000000000e+02 5.029443368961819958e-10
2.060000000000000000e+02 5.745728078674169373e-10
2.070000000000000000e+02 6.556434815550191240e-10
2.080000000000000000e+02 7.473053044140609776e-10
2.090000000000000000e+02 8.508363808279569571e-10
2.100000000000000000e+02 9.676575026451599986e-10
2.110000000000000000e+02 1.099347029103331602e-09
2.120000000000000000e+02 1.247657250396004202e-09
2.130000000000000000e+02 1.414532381571573607e-09
2.140000000000000000e+02 1.602128348262331161e-09
2.150000000000000000e+02 1.812834542056173094e-09
2.160000000000000000e+02 2.049297741290727467e-09
2.170000000000000000e+02 2.314448412826171497e-09
2.180000000000000000e+02 2.611529632109226379e-09
2.190000000000000000e+02 2.944128882760217560e-09
2.200000000000000000e+02 3.316213023196131876e-09
2.210000000000000000e+02 3.732166736658338702e-09
2.220000000000000000e+02 4.196834812674059435e-09
2.230000000000000000e+02 4.715568642691794423e-09
2.240000000000000000e+02 5.294277350657587934e-09
2.250000000000000000e+02 5.939484020924109189e-09
2.260000000000000000e+02 6.658387531411022637e-09
2.270000000000000000e+02 7.458930549686701391e-09
2.280000000000000000e+02 8.349874303962832022e-09
2.290000000000000000e+02 9.340880800252739199e-09
2.300000000000000000e+02 1.044260322153246973e-08
2.310000000000000000e+02 1.166678531507642933e-08
2.320000000000000000e+02 1.302637065065728781e-08
2.330000000000000000e+02 1.453562271547158197e-08
2.340000000000000000e+02 1.621025690197073637e-08
2.350000000000000000e+02 1.806758554276734064e-08
2.360000000000000000e+02 2.012667725299850922e-08
2.370000000000000000e+02 2.240853195554650198e-08
2.380000000000000000e+02 2.493627308895217090e-08
2.390000000000000000e+02 2.773535863235715327e-08
2.400000000000000000e+02 3.083381272705205011e-08
2.410000000000000000e+02 3.426247983090135351e-08
2.420000000000000000e+02 3.805530351080839329e-08
2.430000000000000000e+02 4.224963216025538408e-08
2.440000000000000000e+02 4.688655412461909868e-08
2.450000000000000000e+02 5.201126492727721548e-08
2.460000000000000000e+02 5.767346951537172111e-08
2.470000000000000000e+02 6.392782268640973669e-08
2.480000000000000000e+02 7.083441111662728444e-08
2.490000000000000000e+02 7.845928069021480057e-08
2.500000000000000000e+02 8.687501312615421144e-08
2.510000000000000000e+02 9.616135621761669149e-08
2.520000000000000000e+02 1.064059123387493256e-07
2.530000000000000000e+02 1.177048902363840179e-07
2.540000000000000000e+02 1.301639255109425485e-07
2.550000000000000000e+02 1.438989756028165392e-07
2.560000000000000000e+02 1.590372955390507433e-07
2.570000000000000000e+02 1.757185011615687585e-07
2.580000000000000000e+02 1.940957270537983799e-07
2.590000000000000000e+02 2.143368869087843281e-07
2.600000000000000000e+02 2.366260446401298684e-07
2.610000000000000000e+02 2.611649051288724589e-07
2.620000000000000000e+02 2.881744341261586319e-07
2.630000000000000000e+02 3.178966174948825643e-07
2.640000000000000000e+02 3.505963706748692560e-07
2.650000000000000000e+02 3.865636099973144369e-07
2.660000000000000000e+02 4.261154982566802397e-07
2.670000000000000000e+02 4.695988777737622934e-07
2.680000000000000000e+02 5.173929050538780773e-07
2.690000000000000000e+02 5.699119020608223820e-07
2.700000000000000000e+02 6.276084400921231433e-07
2.710000000000000000e+02 6.909766732560223909e-07
2.720000000000000000e+02 7.605559396172612991e-07
2.730000000000000000e+02 8.369346491990363251e-07
2.740000000000000000e+02 9.207544792042206804e-07
2.750000000000000000e+02 1.012714898051992471e-06
2.760000000000000000e+02 1.113578041118231913e-06
2.770000000000000000e+02 1.224173962421395564e-06
2.780000000000000000e+02 1.345406287911819221e-06
2.790000000000000000e+02 1.478258297503610552e-06
2.800000000000000000e+02 1.623799464536245531e-06
2.810000000000000000e+02 1.783192482969654491e-06
2.820000000000000000e+02 1.957700814303912988e-06
2.830000000000000000e+02 2.148696787974464139e-06
2.840000000000000000e+02 2.357670290808125661e-06
2.850000000000000000e+02 2.586238083035739374e-06
2.860000000000000000e+02 2.836153780346213384e-06
2.870000000000000000e+02 3.109318543535667084e-06
2.880000000000000000e+02 3.407792519456326165e-06
2.890000000000000000e+02 3.733807079204527639e-06
2.900000000000000000e+02 4.089777901807582799e-06
2.910000000000000000e+02 4.478318954076874069e-06
2.920000000000000000e+02 4.902257419791508528e-06
2.930000000000000000e+02 5.364649633964546279e-06
2.940000000000000000e+02 5.868798080624038242e-06
2.950000000000000000e+02 6.418269515315624467e-06
2.960000000000000000e+02 7.016914276403640221e-06
2.970000000000000000e+02 7.668886852215208751e-06
2.980000000000000000e+02 8.378667774138248611e-06
2.990000000000000000e+02 9.151086908950877369e-06
3.000000000000000000e+02 9.991348226928207271e-06
3.010000000000000000e+02 1.090505612564370012e-05
3.020000000000000000e+02 1.189824339285781285e-05
3.030000000000000000e+02 1.297740089546792642e-05
3.040000000000000000e+02 1.414950908518102157e-05
3.050000000000000000e+02 1.542207141536569914e-05
3.060000000000000000e+02 1.680314976744448383e-05
3.070000000000000000e+02 1.830140198920033953e-05
3.080000000000000000e+02 1.992612165149523177e-05
3.090000000000000000e+02 2.168728013413351188e-05
3.100000000000000000e+02 2.359557115594936930e-05
3.110000000000000000e+02 2.566245786865623072e-05
3.120000000000000000e+02 2.790022263856774869e-05
3.130000000000000000e+02 3.032201964498502570e-05
3.140000000000000000e+02 3.294193042884139628e-05
3.150000000000000000e+02 3.577502253010944670e-05
3.160000000000000000e+02 3.883741135749852781e-05
3.170000000000000000e+02 4.214632543911059587e-05
3.180000000000000000e+02 4.572017520797353238e-05
3.190000000000000000e+02 4.957862548173712233e-05
3.200000000000000000e+02 5.374267180129422888e-05
3.210000000000000000e+02 5.823472079867959172e-05
3.220000000000000000e+02 6.307867477030216911e-05
3.230000000000000000e+02 6.830002063737729832e-05
3.240000000000000000e+02 7.392592348135111689e-05
3.250000000000000000e+02 7.998532484813829853e-05
3.260000000000000000e+02 8.650904602113867667e-05
3.270000000000000000e+02 9.352989646924155117e-05
3.280000000000000000e+02 1.010827876823829882e-04
3.290000000000000000e+02 1.092048526136760384e-04
3.300000000000000000e+02 1.179355709536952942e-04
3.310000000000000000e+02 1.273169004691572048e-04
3.320000000000000000e+02 1.373934146449989771e-04
3.330000000000000000e+02 1.482124468757141096e-04
3.340000000000000000e+02 1.598242414587581052e-04
3.350000000000000000e+02 1.722821116498815346e-04
3.360000000000000000e+02 1.856426050473851007e-04
3.370000000000000000e+02 1.999656765795187021e-04
3.380000000000000000e+02 2.153148693765524974e-04
3.390000000000000000e+02 2.317575038164474885e-04
3.400000000000000000e+02 2.493648750405274162e-04
3.410000000000000000e+02 2.682124592431037635e-04
3.420000000000000000e+02 2.883801290466353842e-04
3.430000000000000000e+02 3.099523782817039785e-04
3.440000000000000000e+02 3.330185564988520750e-04
3.450000000000000000e+02 3.576731135471683336e-04
3.460000000000000000e+02 3.840158545623883297e-04
3.470000000000000000e+02 4.121522057152469682e-04
3.480000000000000000e+02 4.421934910788147244e-04
3.490000000000000000e+02 4.742572209816117625e-04
3.500000000000000000e+02 5.084673922213955215e-04
3.510000000000000000e+02 5.449548005226838949e-04
3.520000000000000000e+02 5.838573656292263487e-04
3.530000000000000000e+02 6.253204694309071878e-04
3.540000000000000000e+02 6.694973075327691247e-04
3.550000000000000000e+02 7.165492546821656834e-04
3.560000000000000000e+02 7.666462444783264229e-04
3.570000000000000000e+02 8.199671637969573393e-04
3.580000000000000000e+02 8.767002623708152918e-04
3.590000000000000000e+02 9.370435779755483148e-04
3.600000000000000000e+02 1.001205377678446046e-03
3.610000000000000000e+02 1.069404615616069117e-03
3.620000000000000000e+02 1.141871407775084564e-03
3.630000000000000000e+02 1.218847524258959711e-03
3.640000000000000000e+02 1.300586899531476492e-03
3.650000000000000000e+02 1.387356161136334923e-03
3.660000000000000000e+02 1.479435177400357290e-03
3.670000000000000000e+02 1.577117624636092258e-03
3.680000000000000000e+02 1.680711574367771540e-03
3.690000000000000000e+02 1.790540101112750521e-03
3.700000000000000000e+02 1.906941911258727869e-03
3.710000000000000000e+02 2.030271993585047730e-03
3.720000000000000000e+02 2.160902291984394263e-03
3.730000000000000000e+02 2.299222400949244797e-03
3.740000000000000000e+02 2.445640284395206830e-03
3.750000000000000000e+02 2.600583018401238494e-03
3.760000000000000000e+02 2.764497558454499099e-03
3.770000000000000000e+02 2.937851531795254538e-03
3.780000000000000000e+02 3.121134055464706413e-03
3.790000000000000000e+02 3.314856580666301206e-03
3.800000000000000000e+02 3.519553764058280538e-03
3.810000000000000000e+02 3.735784366602558013e-03
3.820000000000000000e+02 3.964132180602267068e-03
3.830000000000000000e+02 4.205206985567274021e-03
3.840000000000000000e+02 4.459645533553891102e-03
3.850000000000000000e+02 4.728112564632018684e-03
3.860000000000000000e+02 5.011301853139353557e-03
3.870000000000000000e+02 5.309937285389111465e-03
3.880000000000000000e+02 5.624773969504039128e-03
3.890000000000000000e+02 5.956599378055655279e-03
3.900000000000000000e+02 6.306234524194058791e-03
3.910000000000000000e+02 6.674535171959364820e-03
3.920000000000000000e+02 7.062393081471742690e-03
3.930000000000000000e+02 7.470737289702804144e-03
3.940000000000000000e+02 7.900535427536325983e-03
3.950000000000000000e+02 8.352795073831959308e-03
3.960000000000000000e+02 8.828565147210358510e-03
3.970000000000000000e+02 9.328937336283420201e-03
3.980000000000000000e+02 9.855047569058042467e-03
3.990000000000000000e+02 1.040807752224619243e-02
4.000000000000000000e+02 1.098925617121889430e-02
4.010000000000000000e+02 1.159986138134553452e-02
4.020000000000000000e+02 1.224122154146414961e-02
4.030000000000000000e+02 1.291471724023213891e-02
4.040000000000000000e+02 1.362178298611032082e-02
4.050000000000000000e+02 1.436390897173676559e-02
4.060000000000000000e+02 1.514264288344996899e-02
4.070000000000000000e+02 1.595959175672378647e-02
4.080000000000000000e+02 1.681642387827953639e-02
4.090000000000000000e+02 1.771487073564288750e-02
4.100000000000000000e+02 1.865672901491551364e-02
4.110000000000000000e+02 1.964386264753380934e-02
4.120000000000000000e+02 2.067820490678831322e-02
4.130000000000000000e+02 2.176176055487932456e-02
4.140000000000000000e+02 2.289660804128578961e-02
4.150000000000000000e+02 2.408490175322496041e-02
4.160000000000000000e+02 2.532887431898175543e-02
4.170000000000000000e+02 2.663083896488730243e-02
4.180000000000000000e+02 2.799319192672601250e-02
4.190000000000000000e+02 2.941841491635132852e-02
4.200000000000000000e+02 3.090907764428968071e-02
4.210000000000000000e+02 3.246784039911171371e-02
4.220000000000000000e+02 3.409745668434961685e-02
4.230000000000000000e+02 3.580077591373821699e-02
4.240000000000000000e+02 3.758074616555615727e-02
4.250000000000000000e+02 3.944041699684205232e-02
4.260000000000000000e+02 4.138294231825970226e-02
4.270000000000000000e+02 4.341158333038272477e-02
4.280000000000000000e+02 4.552971152216839235e-02
4.290000000000000000e+02 4.774081173238752668e-02
4.300000000000000000e+02 5.004848527477337439e-02
4.310000000000000000e+02 5.245645312765151447e-02
4.320000000000000000e+02 5.496855918880765718e-02
4.330000000000000000e+02 5.758877359634734239e-02
4.340000000000000000e+02 6.032119611629820077e-02
4.350000000000000000e+02 6.317005959770041756e-02
4.360000000000000000e+02 6.613973349592730533e-02
4.370000000000000000e+02 6.923472746497333352e-02
4.380000000000000000e+02 7.245969501944156399e-02
4.390000000000000000e+02 7.581943726695741792e-02
4.400000000000000000e+02 7.931890671173115470e-02
4.410000000000000000e+02 8.296321112998419900e-02
4.420000000000000000e+02 8.675761751794998367e-02
4.430000000000000000e+02 9.070755611315253764e-02
4.440000000000000000e+02 9.481862448966121848e-02
4.450000000000000000e+02 9.909659172801066340e-02
4.460000000000000000e+02 1.035474026604710912e-01
4.470000000000000000e+02 1.081771821923448867e-01
4.480000000000000000e+02 1.129922396999572115e-01
4.490000000000000000e+02 1.179990735060045953e-01
4.500000000000000000e+02 1.232043754329111424e-01
4.510000000000000000e+02 1.286150354348401803e-01
4.520000000000000000e+02 1.342381463089963034e-01
4.530000000000000000e+02 1.400810084868455152e-01
4.540000000000000000e+02 1.461511349058730036e-01
4.550000000000000000e+02 1.524562559624874913e-01
4.560000000000000000e+02 1.590043245466707111e-01
4.570000000000000000e+02 1.658035211589661273e-01
4.580000000000000000e+02 1.728622591103830541e-01
4.590000000000000000e+02 1.801891898057882968e-01
4.600000000000000000e+02 1.877932081113458385e-01
4.610000000000000000e+02 1.956834578065529129e-01
4.620000000000000000e+02 2.038693371214097549e-01
4.630000000000000000e+02 2.123605043592531327e-01
4.640000000000000000e+02 2.211668836057667786e-01
4.650000000000000000e+02 2.302986705246749810e-01
4.660000000000000000e+02 2.397663382406122756e-01
4.670000000000000000e+02 2.495806433096500743e-01
4.680000000000000000e+02 2.597526317779472183e-01
4.690000000000000000e+02 2.702936453289855323e-01
4.700000000000000000e+02 2.812153275198292501e-01
4.710000000000000000e+02 2.925296301068434079e-01
4.720000000000000000e+02 3.042488194612905650e-01
4.730000000000000000e+02 3.163854830752071967e-01
4.740000000000000000e+02 3.289525361579557772e-01
4.750000000000000000e+02 3.419632283238306369e-01
4.760000000000000000e+02 3.554311503710826381e-01
4.770000000000000000e+02 3.693702411527158280e-01
4.780000000000000000e+02 3.837947945393918592e-01
4.790000000000000000e+02 3.987194664747672479e-01
4.800000000000000000e+02 4.141592821235721700e-01
4.810000000000000000e+02 4.301296431127293873e-01
4.820000000000000000e+02 4.466463348657888077e-01
4.830000000000000000e+02 4.637255340309482943e-01
4.840000000000000000e+02 4.813838160029090818e-01
4.850000000000000000e+02 4.996381625388084391e-01
4.860000000000000000e+02 5.185059694684376330e-01
4.870000000000000000e+02 5.380050544989732897e-01
4.880000000000000000e+02 5.581536651143876870e-01
4.890000000000000000e+02 5.789704865697362646e-01
4.900000000000000000e+02 6.004746499804709536e-01
4.910000000000000000e+02 6.226857405069202711e-01
4.920000000000000000e+02 6.456238056340873888e-01
4.930000000000000000e+02 6.693093635468416736e-01
4.940000000000000000e+02 6.937634116006443641e-01
4.950000000000000000e+02 7.190074348878552346e-01
4.960000000000000000e+02 7.450634148997083983e-01
4.970000000000000000e+02 7.719538382839898905e-01
4.980000000000000000e+02 7.997017056984687677e-01
4.990000000000000000e+02 8.283305407600778381e-01
5.000000000000000000e+02 8.578643990898673355e-01
5.010000000000000000e+02 8.883278774536945699e-01
5.020000000000000000e+02 9.197461229986347853e-01
5.030000000000000000e+02 9.521448425850559394e-01
5.040000000000000000e+02 9.855503122142965644e-01
5.050000000000000000e+02 1.019989386551861887e+00
5.060000000000000000e+02 1.055489508546043842e+00
5.070000000000000000e+02 1.092078719141852394e+00
5.080000000000000000e+02 1.129785667090120516e+00
5.090000000000000000e+02 1.168639618851643025e+00
5.100000000000000000e+02 1.208670468596179992e+00
5.110000000000000000e+02 1.249908748296148397e+00
5.120000000000000000e+02 1.292385637914804430e+00
5.130000000000000000e+02 1.336132975688691715e+00
5.140000000000000000e+02 1.381183268504145412e+00
5.150000000000000000e+02 1.427569702367593285e+00
5.160000000000000000e+02 1.475326152969378857e+00
5.170000000000000000e+02 1.524487196340857054e+00
5.180000000000000000e+02 1.575088119604433512e+00
5.190000000000000000e+02 1.627164931816257543e+00
5.200000000000000000e+02 1.680754374901216153e+00
5.210000000000000000e+02 1.735893934679927586e+00
5.220000000000000000e+02 1.792621851987300285e+00
5.230000000000000000e+02 1.850977133882356185e+00
5.240000000000000000e+02 1.910999564948868246e+00
5.250000000000000000e+02 1.972729718686423217e+00
5.260000000000000000e+02 2.036208968991483736e+00
5.270000000000000000e+02 2.101479501727999910e+00
5.280000000000000000e+02 2.168584326387107186e+00
5.290000000000000000e+02 2.237567287835453111e+00
5.300000000000000000e+02 2.308473078151634716e+00
5.310000000000000000e+02 2.381347248550265583e+00
5.320000000000000000e+02 2.456236221393132801e+00
5.330000000000000000e+02 2.533187302286918019e+00
5.340000000000000000e+02 2.612248692266895933e+00
5.350000000000000000e+02 2.693469500066118627e+00
5.360000000000000000e+02 2.776899754469380976e+00
5.370000000000000000e+02 2.862590416751493727e+00
5.380000000000000000e+02 2.950593393199158587e+00
5.390000000000000000e+02 3.040961547715844482e+00
5.400000000000000000e+02 3.133748714509046351e+00
5.410000000000000000e+02 3.229009710859224391e+00
5.420000000000000000e+02 3.326800349969750936e+00
5.430000000000000000e+02 3.427177453897239712e+00
5.440000000000000000e+02 3.530198866561456761e+00
5.450000000000000000e+02 3.635923466834163342e+00
5.460000000000000000e+02 3.744411181706161162e+00
5.470000000000000000e+02 3.855722999531721484e+00
5.480000000000000000e+02 3.969920983349748855e+00
5.490000000000000000e+02 4.087068284280797492e+00
5.500000000000000000e+02 4.207229154999230225e+00
5.510000000000000000e+02 4.330468963279671790e+00
5.520000000000000000e+02 4.456854205616982867e+00
5.530000000000000000e+02 4.586452520918875564e+00
5.540000000000000000e+02 4.719332704270397194e+00
5.550000000000000000e+02 4.855564720769352860e+00
5.560000000000000000e+02 4.995219719431874594e+00
5.570000000000000000e+02 5.138370047167190258e+00
5.580000000000000000e+02 5.285089262820779510e+00
5.590000000000000000e+02 5.435452151284921207e+00
5.600000000000000000e+02 5.589534737675808884e+00
5.610000000000000000e+02 5.747414301576219131e+00
5.620000000000000000e+02 5.909169391342889988e+00
5.630000000000000000e+02 6.074879838477582616e+00
5.640000000000000000e+02 6.244626772060875908e+00
5.650000000000000000e+02 6.418492633247773860e+00
5.660000000000000000e+02 6.596561189824074134e+00
5.670000000000000000e+02 6.778917550822549209e+00
5.680000000000000000e+02 6.965648181197930278e+00
5.690000000000000000e+02 7.156840916559631616e+00
5.700000000000000000e+02 7.352584977961284629e+00
5.710000000000000000e+02 7.552970986745926929e+00
5.720000000000000000e+02 7.758090979445926294e+00
5.730000000000000000e+02 7.968038422736455573e+00
5.740000000000000000e+02 8.182908228441572618e+00
5.750000000000000000e+02 8.402796768591761278e+00
5.760000000000000000e+02 8.627801890531829443e+00
5.770000000000000000e+02 8.858022932078197798e+00
5.780000000000000000e+02 9.093560736724292326e+00
5.790000000000000000e+02 9.334517668893104414e+00
5.800000000000000000e+02 9.580997629235682211e+00
5.810000000000000000e+02 9.833106069974499874e+00
5.820000000000000000e+02 1.009095001029054117e+01
5.830000000000000000e+02 1.035463805175292507e+01
5.840000000000000000e+02 1.062428039379002698e+01
5.850000000000000000e+02 1.089998884920080613e+01
5.860000000000000000e+02 1.118187685970528200e+01
5.870000000000000000e+02 1.147005951153294312e+01
5.880000000000000000e+02 1.176465355104790156e+01
5.890000000000000000e+02 1.206577740040965807e+01
5.900000000000000000e+02 1.237355117326822018e+01
5.910000000000000000e+02 1.268809669049248967e+01
5.920000000000000000e+02 1.300953749593052855e+01
5.930000000000000000e+02 1.333799887220073721e+01
5.940000000000000000e+02 1.367360785651252364e+01
5.950000000000000000e+02 1.401649325651538014e+01
5.960000000000000000e+02 1.436678566617504593e+01
5.970000000000000000e+02 1.472461748167566853e+01
5.980000000000000000e+02 1.509012291734651967e+01
5.990000000000000000e+02 1.546343802161226400e+01
6.000000000000000000e+02 1.584470069296538064e+01
6.010000000000000000e+02 1.623405069595953876e+01
6.020000000000000000e+02 1.663162967722263730e+01
6.030000000000000000e+02 1.703758118148847700e+01
6.040000000000000000e+02 1.745205066764537349e+01
6.050000000000000000e+02 1.787518552480089795e+01
6.060000000000000000e+02 1.830713508836124959e+01
6.070000000000000000e+02 1.874805065612408583e+01
6.080000000000000000e+02 1.919808550438336070e+01
6.090000000000000000e+02 1.965739490404520851e+01
6.100000000000000000e+02 2.012613613675337021e+01
6.110000000000000000e+02 2.060446851102288690e+01
6.120000000000000000e+02 2.109255337838104083e+01
6.130000000000000000e+02 2.159055414951382090e+01
6.140000000000000000e+02 2.209863631041714882e+01
6.150000000000000000e+02 2.261696743855109659e+01
6.160000000000000000e+02 2.314571721899629608e+01
6.170000000000000000e+02 2.368505746061075001e+01
6.180000000000000000e+02 2.423516211218627348e+01
6.190000000000000000e+02 2.479620727860284291e+01
6.200000000000000000e+02 2.536837123697982221e+01
6.210000000000000000e+02 2.595183445282284040e+01
6.220000000000000000e+02 2.654677959616467220e+01
6.230000000000000000e+02 2.715339155769935076e+01
6.240000000000000000e+02 2.777185746490778229e+01
6.250000000000000000e+02 2.840236669817391046e+01
6.260000000000000000e+02 2.904511090688982478e+01
6.270000000000000000e+02 2.970028402554893532e+01
6.280000000000000000e+02 3.036808228982552293e+01
6.290000000000000000e+02 3.104870425263971256e+01
6.300000000000000000e+02 3.174235080020644162e+01
6.310000000000000000e+02 3.244922516806705914e+01
6.320000000000000000e+02 3.316953295710264626e+01
6.330000000000000000e+02 3.390348214952723538e+01
6.340000000000000000e+02 3.465128312486021400e+01
6.350000000000000000e+02 3.541314867587628612e+01
6.360000000000000000e+02 3.618929402453195365e+01
6.370000000000000000e+02 3.697993683786692287e+01
6.380000000000000000e+02 3.778529724387963284e+01
6.390000000000000000e+02 3.860559784737550615e+01
6.400000000000000000e+02 3.944106374578623075e+01
6.410000000000000000e+02 4.029192254495951175e+01
6.420000000000000000e+02 4.115840437491768711e+01
6.430000000000000000e+02 4.204074190558390001e+01
6.440000000000000000e+02 4.293917036247479047e+01
6.450000000000000000e+02 4.385392754235838453e+01
6.460000000000000000e+02 4.478525382887598738e+01
6.470000000000000000e+02 4.573339220812676587e+01
6.480000000000000000e+02 4.669858828421393326e+01
6.490000000000000000e+02 4.768109029475122185e+01
6.500000000000000000e+02 4.868114912632854185e+01
6.510000000000000000e+02 4.969901832993552659e+01
6.520000000000000000e+02 5.073495413634169893e+01
6.530000000000000000e+02 5.178921547143237802e+01
6.540000000000000000e+02 5.286206397149870639e+01
6.550000000000000000e+02 5.395376399848110083e+01
6.560000000000000000e+02 5.506458265516429407e+01
6.570000000000000000e+02 5.619478980032367588e+01
6.580000000000000000e+02 5.734465806382092268e+01
6.590000000000000000e+02 5.851446286164816257e+01
6.600000000000000000e+02 5.970448241091973784e+01
6.610000000000000000e+02 6.091499774480983831e+01
6.620000000000000000e+02 6.214629272743546551e+01
6.630000000000000000e+02 6.339865406868307929e+01
6.640000000000000000e+02 6.467237133897818069e+01
6.650000000000000000e+02 6.596773698399681507e+01
6.660000000000000000e+02 6.728504633931693490e+01
6.670000000000000000e+02 6.862459764501008408e+01
6.680000000000000000e+02 6.998669206017081024e+01
6.690000000000000000e+02 7.137163367738374120e+01
6.700000000000000000e+02 7.277972953712669835e+01
6.710000000000000000e+02 7.421128964210872425e+01
6.720000000000000000e+02 7.566662697154266937e+01
6.730000000000000000e+02 7.714605749535033397e+01
6.740000000000000000e+02 7.864990018829958274e+01
6.750000000000000000e+02 8.017847704407267884e+01
6.760000000000000000e+02 8.173211308926401841e+01
6.770000000000000000e+02 8.331113639730706666e+01
6.780000000000000000e+02 8.491587810232886113e+01
6.790000000000000000e+02 8.654667241293144286e+01
6.800000000000000000e+02 8.820385662589900733e+01
6.810000000000000000e+02 8.988777113982993683e+01
6.820000000000000000e+02 9.159875946869243535e+01
6.830000000000000000e+02 9.333716825530322581e+01
6.840000000000000000e+02 9.510334728472790289e+01
6.850000000000000000e+02 9.689764949760250090e+01
6.860000000000000000e+02 9.872043100337450028e+01
6.870000000000000000e+02 1.005720510934631875e+02
6.880000000000000000e+02 1.024528722543381747e+02
6.890000000000000000e+02 1.043632601805147999e+02
6.900000000000000000e+02 1.063035837874655982e+02
6.910000000000000000e+02 1.082742152244478717e+02
6.920000000000000000e+02 1.102755298872443888e+02
6.930000000000000000e+02 1.123079064308190169e+02
6.940000000000000000e+02 1.143717267818840355e+02
6.950000000000000000e+02 1.164673761513795682e+02
6.960000000000000000e+02 1.185952430468635868e+02
6.970000000000000000e+02 1.207557192848132388e+02
6.980000000000000000e+02 1.229492000028330523e+02
6.990000000000000000e+02 1.251760836717740659e+02
7.000000000000000000e+02 1.274367721077587845e+02
7.010000000000000000e+02 1.297316704841138630e+02
7.020000000000000000e+02 1.320611873432080472e+02
7.030000000000000000e+02 1.344257346081955404e+02
7.040000000000000000e+02 1.368257275946643574e+02
7.050000000000000000e+02 1.392615850221870915e+02
7.060000000000000000e+02 1.417337290257754034e+02
7.070000000000000000e+02 1.442425851672367116e+02
7.080000000000000000e+02 1.467885824464308939e+02
7.090000000000000000e+02 1.493721533124298162e+02
7.100000000000000000e+02 1.519937336745745711e+02
7.110000000000000000e+02 1.546537629134330132e+02
7.120000000000000000e+02 1.573526838916559427e+02
7.130000000000000000e+02 1.600909429647300897e+02
7.140000000000000000e+02 1.628689899916294905e+02
7.150000000000000000e+02 1.656872783453620457e+02
7.160000000000000000e+02 1.685462649234124513e+02
7.170000000000000000e+02 1.714464101580805107e+02
7.180000000000000000e+02 1.743881780267129216e+02
7.190000000000000000e+02 1.773720360618303005e+02
7.200000000000000000e+02 1.803984553611461763e+02
7.210000000000000000e+02 1.834679105974790616e+02
7.220000000000000000e+02 1.865808800285570044e+02
7.230000000000000000e+02 1.897378455067121479e+02
7.240000000000000000e+02 1.929392924884680269e+02
7.250000000000000000e+02 1.961857100440154511e+02
7.260000000000000000e+02 1.994775908665794759e+02
7.270000000000000000e+02 2.028154312816738525e+02
7.280000000000000000e+02 2.061997312562459683e+02
7.290000000000000000e+02 2.096309944077086413e+02
7.300000000000000000e+02 2.131097280128593923e+02
7.310000000000000000e+02 2.166364430166880481e+02
7.320000000000000000e+02 2.202116540410693233e+02
7.330000000000000000e+02 2.238358793933426227e+02
7.340000000000000000e+02 2.275096410747767379e+02
7.350000000000000000e+02 2.312334647889204291e+02
7.360000000000000000e+02 2.350078799498365356e+02
7.370000000000000000e+02 2.388334196902212625e+02
7.380000000000000000e+02 2.427106208694082170e+02
7.390000000000000000e+02 2.466400240812519655e+02
7.400000000000000000e+02 2.506221736618998364e+02
7.410000000000000000e+02 2.546576176974423902e+02
7.420000000000000000e+02 2.587469080314471626e+02
7.430000000000000000e+02 2.628906002723747974e+02
7.440000000000000000e+02 2.670892538008761221e+02
7.450000000000000000e+02 2.713434317769695099e+02
7.460000000000000000e+02 2.756537011471008327e+02
7.470000000000000000e+02 2.800206326510815984e+02
7.480000000000000000e+02 2.844448008289084555e+02
7.490000000000000000e+02 2.889267840274623040e+02
7.500000000000000000e+02 2.934671644070859884e+02
7.510000000000000000e+02 2.980665279480415961e+02
7.520000000000000000e+02 3.027254644568471917e+02
7.530000000000000000e+02 3.074445675724910529e+02
7.540000000000000000e+02 3.122244347725235798e+02
7.550000000000000000e+02 3.170656673790295486e+02
7.560000000000000000e+02 3.219688705644758215e+02
7.570000000000000000e+02 3.269346533574366731e+02
7.580000000000000000e+02 3.319636286481987781e+02
7.590000000000000000e+02 3.370564131942394965e+02
7.600000000000000000e+02 3.422136276255844791e+02
7.610000000000000000e+02 3.474358964500421507e+02
7.620000000000000000e+02 3.527238480583129672e+02
7.630000000000000000e+02 3.580781147289752084e+02
7.640000000000000000e+02 3.634993326333479331e+02
7.650000000000000000e+02 3.689881418402298436e+02
7.660000000000000000e+02 3.745451863205113341e+02
7.670000000000000000e+02 3.801711139516655180e+02
7.680000000000000000e+02 3.858665765221122115e+02
7.690000000000000000e+02 3.916322297354594184e+02
7.700000000000000000e+02 3.974687332146175436e+02
7.710000000000000000e+02 4.033767505057901985e+02
7.720000000000000000e+02 4.093569490823405204e+02
7.730000000000000000e+02 4.154100003485307866e+02
7.740000000000000000e+02 4.215365796431382250e+02
7.750000000000000000e+02 4.277373662429452565e+02
7.760000000000000000e+02 4.340130433661033749e+02
7.770000000000000000e+02 4.403642981753729373e+02
7.780000000000000000e+02 4.467918217812385251e+02
7.790000000000000000e+02 4.532963092448951556e+02
7.800000000000000000e+02 4.598784595811128497e+02
7.810000000000000000e+02 4.665389757609751200e+02
7.820000000000000000e+02 4.732785647144887093e+02
7.830000000000000000e+02 4.800979373330723661e+02
7.840000000000000000e+02 4.869978084719173808e+02
7.850000000000000000e+02 4.939788969522234652e+02
7.860000000000000000e+02 5.010419255633085527e+02
7.870000000000000000e+02 5.081876210645943956e+02
7.880000000000000000e+02 5.154167141874661411e+02
7.890000000000000000e+02 5.227299396370063960e+02
7.900000000000000000e+02 5.301280360936046918e+02
7.910000000000000000e+02 5.376117462144402452e+02
7.920000000000000000e+02 5.451818166348432442e+02
7.930000000000000000e+02 5.528389979695255079e+02
7.940000000000000000e+02 5.605840448136920031e+02
7.950000000000000000e+02 5.684177157440237806e+02
7.960000000000000000e+02 5.763407733195381297e+02
7.970000000000000000e+02 5.843539840823219720e+02
7.980000000000000000e+02 5.924581185581445197e+02
7.990000000000000000e+02 6.006539512569412409e+02
8.000000000000000000e+02 6.089422606731767473e+02
8.010000000000000000e+02 6.173238292860830825e+02
8.020000000000000000e+02 6.257994435597735219e+02
8.030000000000000000e+02 6.343698939432318866e+02
8.040000000000000000e+02 6.430359748701807803e+02
8.050000000000000000e+02 6.517984847588237471e+02
8.060000000000000000e+02 6.606582260114673772e+02
8.070000000000000000e+02 6.696160050140159683e+02
8.080000000000000000e+02 6.786726321353490903e+02
8.090000000000000000e+02 6.878289217265709112e+02
8.100000000000000000e+02 6.970856921201414025e+02
8.110000000000000000e+02 7.064437656288836251e+02
8.120000000000000000e+02 7.159039685448686896e+02
8.130000000000000000e+02 7.254671311381806618e+02
8.140000000000000000e+02 7.351340876555582327e+02
8.150000000000000000e+02 7.449056763189171306e+02
8.160000000000000000e+02 7.547827393237497517e+02
8.170000000000000000e+02 7.647661228374053053e+02
8.180000000000000000e+02 7.748566769972501334e+02
8.190000000000000000e+02 7.850552559087053623e+02
8.200000000000000000e+02 7.953627176431687076e+02
8.210000000000000000e+02 8.057799242358129277e+02
8.220000000000000000e+02 8.163077416832666131e+02
8.230000000000000000e+02 8.269470399411787866e+02
8.240000000000000000e+02 8.376986929216585622e+02
8.250000000000000000e+02 8.485635784906031631e+02
8.260000000000000000e+02 8.595425784649038405e+02
8.270000000000000000e+02 8.706365786095352632e+02
8.280000000000000000e+02 8.818464686345287191e+02
8.290000000000000000e+02 8.931731421918264004e+02
8.300000000000000000e+02 9.046174968720199558e+02
8.310000000000000000e+02 9.161804342009741049e+02
8.320000000000000000e+02 9.278628596363324732e+02
8.330000000000000000e+02 9.396656825639079216e+02
8.340000000000000000e+02 9.515898162939586200e+02
8.350000000000000000e+02 9.636361780573504348e+02
8.360000000000000000e+02 9.758056890016013085e+02
8.370000000000000000e+02 9.880992741868152507e+02
8.380000000000000000e+02 1.000517862581500708e+03
8.390000000000000000e+02 1.013062387058277295e+03
8.400000000000000000e+02 1.025733784389464972e+03
8.410000000000000000e+02 1.038532995242571360e+03
8.420000000000000000e+02 1.051460964175652407e+03
8.430000000000000000e+02 1.064518639632573922e+03
8.440000000000000000e+02 1.077706973938154306e+03
8.450000000000000000e+02 1.091026923293203481e+03
8.460000000000000000e+02 1.104479447769443141e+03
8.470000000000000000e+02 1.118065511304322854e+03
8.480000000000000000e+02 1.131786081695724306e+03
8.490000000000000000e+02 1.145642130596560492e+03
8.500000000000000000e+02 1.159634633509258947e+03
8.510000000000000000e+02 1.173764569780144257e+03
8.520000000000000000e+02 1.188032922593708918e+03
8.530000000000000000e+02 1.202440678966777796e+03
8.540000000000000000e+02 1.216988829742564803e+03
8.550000000000000000e+02 1.231678369584627490e+03
8.560000000000000000e+02 1.246510296970709760e+03
8.570000000000000000e+02 1.261485614186486146e+03
8.580000000000000000e+02 1.276605327319190792e+03
8.590000000000000000e+02 1.291870446251158000e+03
8.600000000000000000e+02 1.307281984653243626e+03
8.610000000000000000e+02 1.322840959978148248e+03
8.620000000000000000e+02 1.338548393453645986e+03
8.630000000000000000e+02 1.354405310075694842e+03
8.640000000000000000e+02 1.370412738601460205e+03
8.650000000000000000e+02 1.386571711542225557e+03
8.660000000000000000e+02 1.402883265156215884e+03
8.670000000000000000e+02 1.419348439441301480e+03
8.680000000000000000e+02 1.435968278127622398e+03
8.690000000000000000e+02 1.452743828670099219e+03
8.700000000000000000e+02 1.469676142240851732e+03
8.710000000000000000e+02 1.486766273721518701e+03
8.720000000000000000e+02 1.504015281695477597e+03
8.730000000000000000e+02 1.521424228439967237e+03
8.740000000000000000e+02 1.538994179918121290e+03
8.750000000000000000e+02 1.556726205770894239e+03
8.760000000000000000e+02 1.574621379308898213e+03
8.770000000000000000e+02 1.592680777504146363e+03
8.780000000000000000e+02 1.610905480981698929e+03
8.790000000000000000e+02 1.629296574011214034e+03
8.800000000000000000e+02 1.647855144498409572e+03
8.810000000000000000e+02 1.666582283976428243e+03
8.820000000000000000e+02 1.685479087597116404e+03
8.830000000000000000e+02 1.704546654122200380e+03
8.840000000000000000e+02 1.723786085914385012e+03
8.850000000000000000e+02 1.743198488928350116e+03
8.860000000000000000e+02 1.762784972701668039e+03
8.870000000000000000e+02 1.782546650345620264e+03
8.880000000000000000e+02 1.802484638535934209e+03
8.890000000000000000e+02 1.822600057503427024e+03
8.900000000000000000e+02 1.842894031024567539e+03
8.910000000000000000e+02 1.863367686411940667e+03
8.920000000000000000e+02 1.884022154504637911e+03
8.930000000000000000e+02 1.904858569658552597e+03
8.940000000000000000e+02 1.925878069736595535e+03
8.950000000000000000e+02 1.947081796098819268e+03
8.960000000000000000e+02 1.968470893592470475e+03
8.970000000000000000e+02 1.990046510541944599e+03
8.980000000000000000e+02 2.011809798738663858e+03
8.990000000000000000e+02 2.033761913430881805e+03
9.000000000000000000e+02 2.055904013313384894e+03
9.010000000000000000e+02 2.078237260517139021e+03
9.020000000000000000e+02 2.100762820598830331e+03
9.030000000000000000e+02 2.123481862530346916e+03
9.040000000000000000e+02 2.146395558688168421e+03
9.050000000000000000e+02 2.169505084842684028e+03
9.060000000000000000e+02 2.192811620147421309e+03
9.070000000000000000e+02 2.216316347128216421e+03
9.080000000000000000e+02 2.240020451672291529e+03
9.090000000000000000e+02 2.263925123017259921e+03
9.100000000000000000e+02 2.288031553740059735e+03
9.110000000000000000e+02 2.312340939745804008e+03
9.120000000000000000e+02 2.336854480256570696e+03
9.130000000000000000e+02 2.361573377800104026e+03
9.140000000000000000e+02 2.386498838198447629e+03
9.150000000000000000e+02 2.411632070556515373e+03
9.160000000000000000e+02 2.436974287250564430e+03
9.170000000000000000e+02 2.462526703916632869e+03
9.180000000000000000e+02 2.488290539438874475e+03
9.190000000000000000e+02 2.514267015937839005e+03
9.200000000000000000e+02 2.540457358758683768e+03
9.210000000000000000e+02 2.566862796459310630e+03
9.220000000000000000e+02 2.593484560798433449e+03
9.230000000000000000e+02 2.620323886723588203e+03
9.240000000000000000e+02 2.647382012359065357e+03
9.250000000000000000e+02 2.674660178993779937e+03
9.260000000000000000e+02 2.702159631069077932e+03
9.270000000000000000e+02 2.729881616166469939e+03
9.280000000000000000e+02 2.757827384995313878e+03
9.290000000000000000e+02 2.785998191380415847e+03
9.300000000000000000e+02 2.814395292249588238e+03
9.310000000000000000e+02 2.843019947621124174e+03
9.320000000000000000e+02 2.871873420591229660e+03
9.330000000000000000e+02 2.900956977321375689e+03
9.340000000000000000e+02 2.930271887025605338e+03
9.350000000000000000e+02 2.959819421957770373e+03
9.360000000000000000e+02 2.989600857398711923e+03
9.370000000000000000e+02 3.019617471643388853e+03
9.380000000000000000e+02 3.049870545987928836e+03
9.390000000000000000e+02 3.080361364716646676e+03
9.400000000000000000e+02 3.111091215088982608e+03
9.410000000000000000e+02 3.142061387326400109e+03
9.420000000000000000e+02 3.173273174599225513e+03
9.430000000000000000e+02 3.204727873013418957e+03
9.440000000000000000e+02 3.236426781597312129e+03
9.450000000000000000e+02 3.268371202288272343e+03
9.460000000000000000e+02 3.300562439919325243e+03
9.470000000000000000e+02 3.333001802205724289e+03
9.480000000000000000e+02 3.365690599731455677e+03
9.490000000000000000e+02 3.398630145935715518e+03
9.500000000000000000e+02 3.431821757099305614e+03
9.510000000000000000e+02 3.465266752331006956e+03
9.520000000000000000e+02 3.498966453553889551e+03
9.530000000000000000e+02 3.532922185491569962e+03
9.540000000000000000e+02 3.567135275654431553e+03
9.550000000000000000e+02 3.601607054325790614e+03
9.560000000000000000e+02 3.636338854548009749e+03
9.570000000000000000e+02 3.671332012108580329e+03
9.580000000000000000e+02 3.706587865526142650e+03
9.590000000000000000e+02 3.742107756036466526e+03
9.600000000000000000e+02 3.777893027578394594e+03
9.610000000000000000e+02 3.813945026779728778e+03
9.620000000000000000e+02 3.850265102943079000e+03
9.630000000000000000e+02 3.886854608031674616e+03
9.640000000000000000e+02 3.923714896655126722e+03
9.650000000000000000e+02 3.960847326055143185e+03
9.660000000000000000e+02 3.998253256091212734e+03
9.670000000000000000e+02 4.035934049226250863e+03
9.680000000000000000e+02 4.073891070512197984e+03
9.690000000000000000e+02 4.112125687575572556e+03
9.700000000000000000e+02 4.150639270603001023e+03
9.710000000000000000e+02 4.189433192326696371e+03
9.720000000000000000e+02 4.228508828009909848e+03
9.730000000000000000e+02 4.267867555432339941e+03
9.740000000000000000e+02 4.307510754875494968e+03
9.750000000000000000e+02 4.347439809108045665e+03
9.760000000000000000e+02 4.387656103371116842e+03
9.770000000000000000e+02 4.428161025363553563e+03
9.780000000000000000e+02 4.468955965227164597e+03
9.790000000000000000e+02 4.510042315531913118e+03
9.800000000000000000e+02 4.551421471261086481e+03
9.810000000000000000e+02 4.593094829796418708e+03
9.820000000000000000e+02 4.635063790903222980e+03
9.830000000000000000e+02 4.677329756715440453e+03
9.840000000000000000e+02 4.719894131720674523e+03
9.850000000000000000e+02 4.762758322745225087e+03
9.860000000000000000e+02 4.805923738939052782e+03
9.870000000000000000e+02 4.849391791760742308e+03
9.880000000000000000e+02 4.893163894962416634e+03
9.890000000000000000e+02 4.937241464574643032e+03
9.900000000000000000e+02 4.981625918891299989e+03
9.910000000000000000e+02 5.026318678454416840e+03
9.920000000000000000e+02 5.071321166038990668e+03
9.930000000000000000e+02 5.116634806637785914e+03
9.940000000000000000e+02 5.162261027446094886e+03
9.950000000000000000e+02 5.208201257846480075e+03
9.960000000000000000e+02 5.254456929393491009e+03
9.970000000000000000e+02 5.301029475798365638e+03
9.980000000000000000e+02 5.347920332913698985e+03
9.990000000000000000e+02 5.395130938718095422e+03
