# BB temperature (K); Intensity through filter (ph/s/m^2/mas^2)
1.000000000000000000e+01 0.000000000000000000e+00
1.100000000000000000e+01 0.000000000000000000e+00
1.200000000000000000e+01 0.000000000000000000e+00
1.300000000000000000e+01 0.000000000000000000e+00
1.400000000000000000e+01 0.000000000000000000e+00
1.500000000000000000e+01 0.000000000000000000e+00
1.600000000000000000e+01 0.000000000000000000e+00
1.700000000000000000e+01 0.000000000000000000e+00
1.800000000000000000e+01 0.000000000000000000e+00
1.900000000000000000e+01 0.000000000000000000e+00
2.000000000000000000e+01 0.000000000000000000e+00
2.100000000000000000e+01 1.087633502832601994e-110
2.200000000000000000e+01 1.422488225149364904e-105
2.300000000000000000e+01 6.683930016131136709e-101
2.400000000000000000e+01 1.282267919965350683e-96
2.500000000000000000e+01 1.118282465641092587e-92
2.600000000000000000e+01 4.855522855504978078e-89
2.700000000000000000e+01 1.134149817642463200e-85
2.800000000000000000e+01 1.522962532587351799e-82
2.900000000000000000e+01 1.244947553621331885e-79
3.000000000000000000e+01 6.510304549795074390e-77
3.100000000000000000e+01 2.274082820296949600e-74
3.200000000000000000e+01 5.510453385112733423e-72
3.300000000000000000e+01 9.575822270975043253e-70
3.400000000000000000e+01 1.228872673347333897e-67
3.500000000000000000e+01 1.195251521210844883e-65
3.600000000000000000e+01 9.016957892924112154e-64
3.700000000000000000e+01 5.385824870883872148e-62
3.800000000000000000e+01 2.594406061347630892e-60
3.900000000000000000e+01 1.024705026125647972e-58
4.000000000000000000e+01 3.368206622176079721e-57
4.100000000000000000e+01 9.338366074163179402e-56
4.200000000000000000e+01 2.210514580926003394e-54
4.300000000000000000e+01 4.517034445322066106e-53
4.400000000000000000e+01 8.048280725116667704e-52
4.500000000000000000e+01 1.261850699850857352e-50
4.600000000000000000e+01 1.755451049247760313e-49
4.700000000000000000e+01 2.183524569168427235e-48
4.800000000000000000e+01 2.445416323770442832e-47
4.900000000000000000e+01 2.481771792604098285e-46
5.000000000000000000e+01 2.295890178689516900e-45
5.100000000000000000e+01 1.946638676797509135e-44
5.200000000000000000e+01 1.520363608839831618e-43
5.300000000000000000e+01 1.098893714304403406e-42
5.400000000000000000e+01 7.382080983144684254e-42
5.500000000000000000e+01 4.627535365844592399e-41
5.600000000000000000e+01 2.716925441069191158e-40
5.700000000000000000e+01 1.499198235607722520e-39
5.800000000000000000e+01 7.799862871246094226e-39
5.900000000000000000e+01 3.837604672267957446e-38
6.000000000000000000e+01 1.790569305806377634e-37
6.100000000000000000e+01 7.943511281051766432e-37
6.200000000000000000e+01 3.358800498740781754e-36
6.300000000000000000e+01 1.356746889473639426e-35
6.400000000000000000e+01 5.246710108153287302e-35
6.500000000000000000e+01 1.946356645923838029e-34
6.600000000000000000e+01 6.939458546968861805e-34
6.700000000000000000e+01 2.382146111447497407e-33
6.800000000000000000e+01 7.886375460928889364e-33
6.900000000000000000e+01 2.521955447553687265e-32
7.000000000000000000e+01 7.801786013278503527e-32
7.100000000000000000e+01 2.338066970817233081e-31
7.200000000000000000e+01 6.796763976126075818e-31
7.300000000000000000e+01 1.918998180548567860e-30
7.400000000000000000e+01 5.268534049931206565e-30
7.500000000000000000e+01 1.408109755870489090e-29
7.600000000000000000e+01 3.667567344218477667e-29
7.700000000000000000e+01 9.318680018675521783e-29
7.800000000000000000e+01 2.311975797459473854e-28
7.900000000000000000e+01 5.606116410199861739e-28
8.000000000000000000e+01 1.329747238270314654e-27
8.100000000000000000e+01 3.087909522835127088e-27
8.200000000000000000e+01 7.025741025960008784e-27
8.300000000000000000e+01 1.567399879556110560e-26
8.400000000000000000e+01 3.431160135325860021e-26
8.500000000000000000e+01 7.375227730622802405e-26
8.600000000000000000e+01 1.557651002770918217e-25
8.700000000000000000e+01 3.234448503382550747e-25
8.800000000000000000e+01 6.607384925003431980e-25
8.900000000000000000e+01 1.328653553125307339e-24
9.000000000000000000e+01 2.631421408887311578e-24
9.100000000000000000e+01 5.135705859878409587e-24
9.200000000000000000e+01 9.882503588309255291e-24
9.300000000000000000e+01 1.875896571316057541e-23
9.400000000000000000e+01 3.514279361309048747e-23
9.500000000000000000e+01 6.500585196289075578e-23
9.600000000000000000e+01 1.187829166890170125e-22
9.700000000000000000e+01 2.145018724621227982e-22
9.800000000000000000e+01 3.829727948186955030e-22
9.900000000000000000e+01 6.763054296246662773e-22
1.000000000000000000e+02 1.181758574068006811e-21
1.010000000000000000e+02 2.044057189927266064e-21
1.020000000000000000e+02 3.501047042832559063e-21
1.030000000000000000e+02 5.940193384494784828e-21
1.040000000000000000e+02 9.987413091842993372e-21
1.050000000000000000e+02 1.664570800959398058e-20
1.060000000000000000e+02 2.750998647657005370e-20
1.070000000000000000e+02 4.509768956216247885e-20
1.080000000000000000e+02 7.335435134134211587e-20
1.090000000000000000e+02 1.184218461045497295e-19
1.100000000000000000e+02 1.897988406736270743e-19
1.110000000000000000e+02 3.020835933002754555e-19
1.120000000000000000e+02 4.775767854707348746e-19
1.130000000000000000e+02 7.501478532649075864e-19
1.140000000000000000e+02 1.170948090225221597e-18
1.150000000000000000e+02 1.816809540514336683e-18
1.160000000000000000e+02 2.802530645258049917e-18
1.170000000000000000e+02 4.298759286218528603e-18
1.180000000000000000e+02 6.557898008713240440e-18
1.190000000000000000e+02 9.951451819804557219e-18
1.200000000000000000e+02 1.502362005834041489e-17
1.210000000000000000e+02 2.256784010638318392e-17
1.220000000000000000e+02 3.373560872623085303e-17
1.230000000000000000e+02 5.019048439021205560e-17
1.240000000000000000e+02 7.432503852993976638e-17
1.250000000000000000e+02 1.095651053794697103e-16
1.260000000000000000e+02 1.607945412943270473e-16
1.270000000000000000e+02 2.349455760730399700e-16
1.280000000000000000e+02 3.418156662147401777e-16
1.290000000000000000e+02 4.951927594160234909e-16
1.300000000000000000e+02 7.143986076431562517e-16
1.310000000000000000e+02 1.026396205304565160e-15
1.320000000000000000e+02 1.468655091607252406e-15
1.330000000000000000e+02 2.093030310020398716e-15
1.340000000000000000e+02 2.970991238414180491e-15
1.350000000000000000e+02 4.200640256299860063e-15
1.360000000000000000e+02 5.916094473569680241e-15
1.370000000000000000e+02 8.299974147145997381e-15
1.380000000000000000e+02 1.159995836862488484e-14
1.390000000000000000e+02 1.615064365939253313e-14
1.400000000000000000e+02 2.240228835465772598e-14
1.410000000000000000e+02 3.095846223337896475e-14
1.420000000000000000e+02 4.262516751069569764e-14
1.430000000000000000e+02 5.847467908047589059e-14
1.440000000000000000e+02 7.992819883761477099e-14
1.450000000000000000e+02 1.088624669840880510e-13
1.460000000000000000e+02 1.477467652844472098e-13
1.470000000000000000e+02 1.998183341613757838e-13
1.480000000000000000e+02 2.693061674828911236e-13
1.490000000000000000e+02 3.617155167977828560e-13
1.500000000000000000e+02 4.841883138832765234e-13
1.510000000000000000e+02 6.459582041938942368e-13
1.520000000000000000e+02 8.589230877281508972e-13
1.530000000000000000e+02 1.138363119949428035e-12
1.540000000000000000e+02 1.503838186574031834e-12
1.550000000000000000e+02 1.980306108736173367e-12
1.560000000000000000e+02 2.599511462306923336e-12
1.570000000000000000e+02 3.401705139889546340e-12
1.580000000000000000e+02 4.437766912564845040e-12
1.590000000000000000e+02 5.771817564436316868e-12
1.600000000000000000e+02 7.484424021523372842e-12
1.610000000000000000e+02 9.676520668665938409e-12
1.620000000000000000e+02 1.247419318577923411e-11
1.630000000000000000e+02 1.603449823602427200e-11
1.640000000000000000e+02 2.055252376282605326e-11
1.650000000000000000e+02 2.626993112725786538e-11
1.660000000000000000e+02 3.348526254294328917e-11
1.670000000000000000e+02 4.256634602348589233e-11
1.680000000000000000e+02 5.396518621598816897e-11
1.690000000000000000e+02 6.823579401652018329e-11
1.700000000000000000e+02 8.605548181468962322e-11
1.710000000000000000e+02 1.082502357701123503e-10
1.720000000000000000e+02 1.358248729772826650e-10
1.730000000000000000e+02 1.699988011476284817e-10
1.740000000000000000e+02 2.122483230845165444e-10
1.750000000000000000e+02 2.643565694492805475e-10
1.760000000000000000e+02 3.284723029683222871e-10
1.770000000000000000e+02 4.071790173303415353e-10
1.780000000000000000e+02 5.035759567585055442e-10
1.790000000000000000e+02 6.213729099866212148e-10
1.800000000000000000e+02 7.650008876842564653e-10
1.810000000000000000e+02 9.397410780273696155e-10
1.820000000000000000e+02 1.151874794072877598e-09
1.830000000000000000e+02 1.408857482061970577e-09
1.840000000000000000e+02 1.719520255170907376e-09
1.850000000000000000e+02 2.094302856210259220e-09
1.860000000000000000e+02 2.545522439251305000e-09
1.870000000000000000e+02 3.087683098293031316e-09
1.880000000000000000e+02 3.737831665298928989e-09
1.890000000000000000e+02 4.515965954923155274e-09
1.900000000000000000e+02 5.445502353980277083e-09
1.910000000000000000e+02 6.553810445444259219e-09
1.920000000000000000e+02 7.872823225030970373e-09
1.930000000000000000e+02 9.439732419056192772e-09
1.940000000000000000e+02 1.129777945139821448e-08
1.950000000000000000e+02 1.349715374145765641e-08
1.960000000000000000e+02 1.609601125072819202e-08
1.970000000000000000e+02 1.916162754000099710e-08
1.980000000000000000e+02 2.277170105965873508e-08
1.990000000000000000e+02 2.701582397960665145e-08
2.000000000000000000e+02 3.199713958107278087e-08
2.010000000000000000e+02 3.783420708801679131e-08
2.020000000000000000e+02 4.466309681973798399e-08
2.030000000000000000e+02 5.263974070727183271e-08
2.040000000000000000e+02 6.194256554339221376e-08
2.050000000000000000e+02 7.277543883884828180e-08
2.060000000000000000e+02 8.537095984546260188e-08
2.070000000000000000e+02 9.999413118976402114e-08
2.080000000000000000e+02 1.169464496490135663e-07
2.090000000000000000e+02 1.365704579051106097e-07
2.100000000000000000e+02 1.592548026414638499e-07
2.110000000000000000e+02 1.854398481141748559e-07
2.120000000000000000e+02 2.156238983426872160e-07
2.130000000000000000e+02 2.503700853374154441e-07
2.140000000000000000e+02 2.903139853239641752e-07
2.150000000000000000e+02 3.361720297465956187e-07
2.160000000000000000e+02 3.887507829489925942e-07
2.170000000000000000e+02 4.489571638494552468e-07
2.180000000000000000e+02 5.178096946619394707e-07
2.190000000000000000e+02 5.964508657751823039e-07
2.200000000000000000e+02 6.861607123010582601e-07
2.210000000000000000e+02 7.883717045515617016e-07
2.220000000000000000e+02 9.046850618127791603e-07
2.230000000000000000e+02 1.036888606265021721e-06
2.240000000000000000e+02 1.186976281762043422e-06
2.250000000000000000e+02 1.357169470439757595e-06
2.260000000000000000e+02 1.549940248786849847e-06
2.270000000000000000e+02 1.768036733886509555e-06
2.280000000000000000e+02 2.014510680040368885e-06
2.290000000000000000e+02 2.292747495922517247e-06
2.300000000000000000e+02 2.606498862792621087e-06
2.310000000000000000e+02 2.959918145131905786e-06
2.320000000000000000e+02 3.357598796362834314e-06
2.330000000000000000e+02 3.804615974080913343e-06
2.340000000000000000e+02 4.306571591473289351e-06
2.350000000000000000e+02 4.869643044330560331e-06
2.360000000000000000e+02 5.500635866282931649e-06
2.370000000000000000e+02 6.207040578615167477e-06
2.380000000000000000e+02 6.997094015242557509e-06
2.390000000000000000e+02 7.879845418167706313e-06
2.400000000000000000e+02 8.865227613989214579e-06
2.410000000000000000e+02 9.964133597801949440e-06
2.420000000000000000e+02 1.118849886711840157e-05
2.430000000000000000e+02 1.255138986525241729e-05
2.440000000000000000e+02 1.406709891094348123e-05
2.450000000000000000e+02 1.575124600886059997e-05
2.460000000000000000e+02 1.762088795401165375e-05
2.470000000000000000e+02 1.969463516199404339e-05
2.480000000000000000e+02 2.199277667645458759e-05
2.490000000000000000e+02 2.453741382507869907e-05
2.500000000000000000e+02 2.735260301589675981e-05
2.510000000000000000e+02 3.046450818667455684e-05
2.520000000000000000e+02 3.390156344164051849e-05
2.530000000000000000e+02 3.769464643178814582e-05
2.540000000000000000e+02 4.187726305747049274e-05
2.550000000000000000e+02 4.648574409496645566e-05
2.560000000000000000e+02 5.155945437213834928e-05
2.570000000000000000e+02 5.714101514220441260e-05
2.580000000000000000e+02 6.327654032900991007e-05
2.590000000000000000e+02 7.001588734198402916e-05
2.600000000000000000e+02 7.741292318420111933e-05
2.610000000000000000e+02 8.552580660261715529e-05
2.620000000000000000e+02 9.441728705560206757e-05
2.630000000000000000e+02 1.041550212993279780e-04
2.640000000000000000e+02 1.148119084213816113e-04
2.650000000000000000e+02 1.264664441771302895e-04
2.660000000000000000e+02 1.392030955118664978e-04
2.670000000000000000e+02 1.531126961795672352e-04
2.680000000000000000e+02 1.682928643972118833e-04
2.690000000000000000e+02 1.848484435019826053e-04
2.700000000000000000e+02 2.028919666073068025e-04
2.710000000000000000e+02 2.225441462825695561e-04
2.720000000000000000e+02 2.439343903103917128e-04
2.730000000000000000e+02 2.672013446046367694e-04
2.740000000000000000e+02 2.924934644017182050e-04
2.750000000000000000e+02 3.199696148673390360e-04
2.760000000000000000e+02 3.497997022904505418e-04
2.770000000000000000e+02 3.821653370659660242e-04
2.780000000000000000e+02 4.172605296975629113e-04
2.790000000000000000e+02 4.552924210817270402e-04
2.800000000000000000e+02 4.964820483640355626e-04
2.810000000000000000e+02 5.410651476884537764e-04
2.820000000000000000e+02 5.892929951901769523e-04
2.830000000000000000e+02 6.414332876121933485e-04
2.840000000000000000e+02 6.977710639552886810e-04
2.850000000000000000e+02 7.586096696005944140e-04
2.860000000000000000e+02 8.242717643730064145e-04
2.870000000000000000e+02 8.951003760427940362e-04
2.880000000000000000e+02 9.714600007915071044e-04
2.890000000000000000e+02 1.053737752196766148e-03
2.900000000000000000e+02 1.142344560318734334e-03
2.910000000000000000e+02 1.237716422498941465e-03
2.920000000000000000e+02 1.340315707509619376e-03
2.930000000000000000e+02 1.450632514718842945e-03
2.940000000000000000e+02 1.569186089963451377e-03
2.950000000000000000e+02 1.696526299847941899e-03
2.960000000000000000e+02 1.833235166213319917e-03
2.970000000000000000e+02 1.979928462545058835e-03
2.980000000000000000e+02 2.137257374114083942e-03
2.990000000000000000e+02 2.305910223668718086e-03
3.000000000000000000e+02 2.486614264519100038e-03
3.010000000000000000e+02 2.680137542878421007e-03
3.020000000000000000e+02 2.887290831347492405e-03
3.030000000000000000e+02 3.108929635450738329e-03
3.040000000000000000e+02 3.345956275152403656e-03
3.050000000000000000e+02 3.599322043301841998e-03
3.060000000000000000e+02 3.870029442976030513e-03
3.070000000000000000e+02 4.159134505705808921e-03
3.080000000000000000e+02 4.467749192590077592e-03
3.090000000000000000e+02 4.797043880318839493e-03
3.100000000000000000e+02 5.148249934141941458e-03
3.110000000000000000e+02 5.522662369835265941e-03
3.120000000000000000e+02 5.921642606730212477e-03
3.130000000000000000e+02 6.346621313885409191e-03
3.140000000000000000e+02 6.799101351491625839e-03
3.150000000000000000e+02 7.280660809612132106e-03
3.160000000000000000e+02 7.792956146370702206e-03
3.170000000000000000e+02 8.337725427708561968e-03
3.180000000000000000e+02 8.916791670839712206e-03
3.190000000000000000e+02 9.532066293540876131e-03
3.200000000000000000e+02 1.018555267141810911e-02
3.210000000000000000e+02 1.087934980529711021e-02
3.220000000000000000e+02 1.161565610088762836e-02
3.230000000000000000e+02 1.239677326287501151e-02
3.240000000000000000e+02 1.322511030559316188e-02
3.250000000000000000e+02 1.410318768243353470e-02
3.260000000000000000e+02 1.503364153614360037e-02
3.270000000000000000e+02 1.601922807216605085e-02
3.280000000000000000e+02 1.706282805716704057e-02
3.290000000000000000e+02 1.816745144489643332e-02
3.300000000000000000e+02 1.933624213151797361e-02
3.310000000000000000e+02 2.057248284254005466e-02
3.320000000000000000e+02 2.187960015346922943e-02
3.330000000000000000e+02 2.326116964629980008e-02
3.340000000000000000e+02 2.472092120394156142e-02
3.350000000000000000e+02 2.626274444467624827e-02
3.360000000000000000e+02 2.789069429871993480e-02
3.370000000000000000e+02 2.960899672895453416e-02
3.380000000000000000e+02 3.142205459787526800e-02
3.390000000000000000e+02 3.333445368278539767e-02
3.400000000000000000e+02 3.535096884124996203e-02
3.410000000000000000e+02 3.747657032880227779e-02
3.420000000000000000e+02 3.971643027087572858e-02
3.430000000000000000e+02 4.207592929091185513e-02
3.440000000000000000e+02 4.456066329657311365e-02
3.450000000000000000e+02 4.717645042596383537e-02
3.460000000000000000e+02 4.992933815573900869e-02
3.470000000000000000e+02 5.282561057295188239e-02
3.480000000000000000e+02 5.587179581246643628e-02
3.490000000000000000e+02 5.907467366172911710e-02
3.500000000000000000e+02 6.244128333466685693e-02
3.510000000000000000e+02 6.597893141644509130e-02
3.520000000000000000e+02 6.969519998078943512e-02
3.530000000000000000e+02 7.359795488153886289e-02
3.540000000000000000e+02 7.769535422006658421e-02
3.550000000000000000e+02 8.199585699016685714e-02
3.560000000000000000e+02 8.650823190197054480e-02
3.570000000000000000e+02 9.124156638641579831e-02
3.580000000000000000e+02 9.620527578175867844e-02
3.590000000000000000e+02 1.014091127035711692e-01
3.600000000000000000e+02 1.068631765996345268e-01
3.610000000000000000e+02 1.125779234910895127e-01
3.620000000000000000e+02 1.185641759011688140e-01
3.630000000000000000e+02 1.248331329727884048e-01
3.640000000000000000e+02 1.313963807762335290e-01
3.650000000000000000e+02 1.382659028081271169e-01
3.660000000000000000e+02 1.454540906828256375e-01
3.670000000000000000e+02 1.529737550173369265e-01
3.680000000000000000e+02 1.608381365108094985e-01
3.690000000000000000e+02 1.690609172195927101e-01
3.700000000000000000e+02 1.776562320288193886e-01
3.710000000000000000e+02 1.866386803214110657e-01
3.720000000000000000e+02 1.960233378453554443e-01
3.730000000000000000e+02 2.058257687800568170e-01
3.740000000000000000e+02 2.160620380025035925e-01
3.750000000000000000e+02 2.267487235539479007e-01
3.760000000000000000e+02 2.379029293077407348e-01
3.770000000000000000e+02 2.495422978389032764e-01
3.780000000000000000e+02 2.616850234959752219e-01
3.790000000000000000e+02 2.743498656756100385e-01
3.800000000000000000e+02 2.875561623003451972e-01
3.810000000000000000e+02 3.013238434999103155e-01
3.820000000000000000e+02 3.156734454963871506e-01
3.830000000000000000e+02 3.306261246934688036e-01
3.840000000000000000e+02 3.462036719700224419e-01
3.850000000000000000e+02 3.624285271780882667e-01
3.860000000000000000e+02 3.793237938454004365e-01
3.870000000000000000e+02 3.969132540824497068e-01
3.880000000000000000e+02 4.152213836940557012e-01
3.890000000000000000e+02 4.342733674953552225e-01
3.900000000000000000e+02 4.540951148320531150e-01
3.910000000000000000e+02 4.747132753047246245e-01
3.920000000000000000e+02 4.961552546969008048e-01
3.930000000000000000e+02 5.184492311066101200e-01
3.940000000000000000e+02 5.416241712809779507e-01
3.950000000000000000e+02 5.657098471534518502e-01
3.960000000000000000e+02 5.907368525831294681e-01
3.970000000000000000e+02 6.167366202956375831e-01
3.980000000000000000e+02 6.437414390249243112e-01
3.990000000000000000e+02 6.717844708552855870e-01
4.000000000000000000e+02 7.008997687628861772e-01
4.010000000000000000e+02 7.311222943559592125e-01
4.020000000000000000e+02 7.624879358128373585e-01
4.030000000000000000e+02 7.950335260168827078e-01
4.040000000000000000e+02 8.287968608873426124e-01
4.050000000000000000e+02 8.638167179050936229e-01
4.060000000000000000e+02 9.001328748321670847e-01
4.070000000000000000e+02 9.377861286239257410e-01
4.080000000000000000e+02 9.768183145326460037e-01
4.090000000000000000e+02 1.017272325401274768e+00
4.100000000000000000e+02 1.059192131145998417e+00
4.110000000000000000e+02 1.102622798426273754e+00
4.120000000000000000e+02 1.147610510500853609e+00
4.130000000000000000e+02 1.194202587268338167e+00
4.140000000000000000e+02 1.242447505490681170e+00
4.150000000000000000e+02 1.292394919198060155e+00
4.160000000000000000e+02 1.344095680273437177e+00
4.170000000000000000e+02 1.397601859215119147e+00
4.180000000000000000e+02 1.452966766075516780e+00
4.190000000000000000e+02 1.510244971574323802e+00
4.200000000000000000e+02 1.569492328384201496e+00
4.210000000000000000e+02 1.630765992587077662e+00
4.220000000000000000e+02 1.694124445299067139e+00
4.230000000000000000e+02 1.759627514461990838e+00
4.240000000000000000e+02 1.827336396799418061e+00
4.250000000000000000e+02 1.897313679935107800e+00
4.260000000000000000e+02 1.969623364671674537e+00
4.270000000000000000e+02 2.044330887427250776e+00
4.280000000000000000e+02 2.121503142827880772e+00
4.290000000000000000e+02 2.201208506453338209e+00
4.300000000000000000e+02 2.283516857733979499e+00
4.310000000000000000e+02 2.368499602996261721e+00
4.320000000000000000e+02 2.456229698654436966e+00
4.330000000000000000e+02 2.546781674545947727e+00
4.340000000000000000e+02 2.640231657407996479e+00
4.350000000000000000e+02 2.736657394492675088e+00
4.360000000000000000e+02 2.836138277318051681e+00
4.370000000000000000e+02 2.938755365552577548e+00
4.380000000000000000e+02 3.044591411030047379e+00
4.390000000000000000e+02 3.153730881892452764e+00
4.400000000000000000e+02 3.266259986857874331e+00
4.410000000000000000e+02 3.382266699610660510e+00
4.420000000000000000e+02 3.501840783310995242e+00
4.430000000000000000e+02 3.625073815220991147e+00
4.440000000000000000e+02 3.752059211444383813e+00
4.450000000000000000e+02 3.882892251776857595e+00
4.460000000000000000e+02 4.017670104664043507e+00
4.470000000000000000e+02 4.156491852264139197e+00
4.480000000000000000e+02 4.299458515612117893e+00
4.490000000000000000e+02 4.446673079882439872e+00
4.500000000000000000e+02 4.598240519747167632e+00
4.510000000000000000e+02 4.754267824826324151e+00
4.520000000000000000e+02 4.914864025227371869e+00
4.530000000000000000e+02 5.080140217170550976e+00
4.540000000000000000e+02 5.250209588696947982e+00
4.550000000000000000e+02 5.425187445455987856e+00
4.560000000000000000e+02 5.605191236569108781e+00
4.570000000000000000e+02 5.790340580566342155e+00
4.580000000000000000e+02 5.980757291392477804e+00
4.590000000000000000e+02 6.176565404479482879e+00
4.600000000000000000e+02 6.377891202881847299e+00
4.610000000000000000e+02 6.584863243471456684e+00
4.620000000000000000e+02 6.797612383188645246e+00
4.630000000000000000e+02 7.016271805346004697e+00
4.640000000000000000e+02 7.240977045981530580e+00
4.650000000000000000e+02 7.471866020257678542e+00
4.660000000000000000e+02 7.709079048902910181e+00
4.670000000000000000e+02 7.952758884692229024e+00
4.680000000000000000e+02 8.203050738963243660e+00
4.690000000000000000e+02 8.460102308164319851e+00
4.700000000000000000e+02 8.724063800431274274e+00
4.710000000000000000e+02 8.995087962189121100e+00
4.720000000000000000e+02 9.273330104775425298e+00
4.730000000000000000e+02 9.558948131081628219e+00
4.740000000000000000e+02 9.852102562208918002e+00
4.750000000000000000e+02 1.015295656413510805e+01
4.760000000000000000e+02 1.046167597438893004e+01
4.770000000000000000e+02 1.077842932872824200e+01
4.780000000000000000e+02 1.110338788781867159e+01
4.790000000000000000e+02 1.143672566390901046e+01
4.800000000000000000e+02 1.177861944749996503e+01
4.810000000000000000e+02 1.212924883400260434e+01
4.820000000000000000e+02 1.248879625038306251e+01
4.830000000000000000e+02 1.285744698178986312e+01
4.840000000000000000e+02 1.323538919816040682e+01
4.850000000000000000e+02 1.362281398080298800e+01
4.860000000000000000e+02 1.401991534895099178e+01
4.870000000000000000e+02 1.442689028628544357e+01
4.880000000000000000e+02 1.484393876742276142e+01
4.890000000000000000e+02 1.527126378436386389e+01
4.900000000000000000e+02 1.570907137290135402e+01
4.910000000000000000e+02 1.615757063898114154e+01
4.920000000000000000e+02 1.661697378501514777e+01
4.930000000000000000e+02 1.708749613614140017e+01
4.940000000000000000e+02 1.756935616642833509e+01
4.950000000000000000e+02 1.806277552501961381e+01
4.960000000000000000e+02 1.856797906221608585e+01
4.970000000000000000e+02 1.908519485549147277e+01
4.980000000000000000e+02 1.961465423543843656e+01
4.990000000000000000e+02 2.015659181164139468e+01
5.000000000000000000e+02 2.071124549847295171e+01
5.010000000000000000e+02 2.127885654081042688e+01
5.020000000000000000e+02 2.185966953966911319e+01
5.030000000000000000e+02 2.245393247774904921e+01
5.040000000000000000e+02 2.306189674489175800e+01
5.050000000000000000e+02 2.368381716344397248e+01
5.060000000000000000e+02 2.431995201352467717e+01
5.070000000000000000e+02 2.497056305819252842e+01
5.080000000000000000e+02 2.563591556851020314e+01
5.090000000000000000e+02 2.631627834850259262e+01
5.100000000000000000e+02 2.701192376000541273e+01
5.110000000000000000e+02 2.772312774740142061e+01
5.120000000000000000e+02 2.845016986224063871e+01
5.130000000000000000e+02 2.919333328774180103e+01
5.140000000000000000e+02 2.995290486317172807e+01
5.150000000000000000e+02 3.072917510809955033e+01
5.160000000000000000e+02 3.152243824652288140e+01
5.170000000000000000e+02 3.233299223086259389e+01
5.180000000000000000e+02 3.316113876582349462e+01
5.190000000000000000e+02 3.400718333211774080e+01
5.200000000000000000e+02 3.487143521004811220e+01
5.210000000000000000e+02 3.575420750294803440e+01
5.220000000000000000e+02 3.665581716047584138e+01
5.230000000000000000e+02 3.757658500175988792e+01
5.240000000000000000e+02 3.851683573839208918e+01
5.250000000000000000e+02 3.947689799726683191e+01
5.260000000000000000e+02 4.045710434326253591e+01
5.270000000000000000e+02 4.145779130176317295e+01
5.280000000000000000e+02 4.247929938101685821e+01
5.290000000000000000e+02 4.352197309432893491e+01
5.300000000000000000e+02 4.458616098208690914e+01
5.310000000000000000e+02 4.567221563361454173e+01
5.320000000000000000e+02 4.678049370885229763e+01
5.330000000000000000e+02 4.791135595986212792e+01
5.340000000000000000e+02 4.906516725215337971e+01
5.350000000000000000e+02 5.024229658582784452e+01
5.360000000000000000e+02 5.144311711654108876e+01
5.370000000000000000e+02 5.266800617627800563e+01
5.380000000000000000e+02 5.391734529393977482e+01
5.390000000000000000e+02 5.519152021574024758e+01
5.400000000000000000e+02 5.649092092540907828e+01
5.410000000000000000e+02 5.781594166419948522e+01
5.420000000000000000e+02 5.916698095069838814e+01
5.430000000000000000e+02 6.054444160043662038e+01
5.440000000000000000e+02 6.194873074529689916e+01
5.450000000000000000e+02 6.338025985271764284e+01
5.460000000000000000e+02 6.483944474469038255e+01
5.470000000000000000e+02 6.632670561654845187e+01
5.480000000000000000e+02 6.784246705554552648e+01
5.490000000000000000e+02 6.938715805922100799e+01
5.500000000000000000e+02 7.096121205355126449e+01
5.510000000000000000e+02 7.256506691088426919e+01
5.520000000000000000e+02 7.419916496765551983e+01
5.530000000000000000e+02 7.586395304188390298e+01
5.540000000000000000e+02 7.755988245044532903e+01
5.550000000000000000e+02 7.928740902612227615e+01
5.560000000000000000e+02 8.104699313442775122e+01
5.570000000000000000e+02 8.283909969020153596e+01
5.580000000000000000e+02 8.466419817397756731e+01
5.590000000000000000e+02 8.652276264812012130e+01
5.600000000000000000e+02 8.841527177272799065e+01
5.610000000000000000e+02 9.034220882130398422e+01
5.620000000000000000e+02 9.230406169618954948e+01
5.630000000000000000e+02 9.430132294376170421e+01
5.640000000000000000e+02 9.633448976939179431e+01
5.650000000000000000e+02 9.840406405216393182e+01
5.660000000000000000e+02 1.005105523593521752e+02
5.670000000000000000e+02 1.026544659606550738e+02
5.680000000000000000e+02 1.048363208421857138e+02
5.690000000000000000e+02 1.070566377202167558e+02
5.700000000000000000e+02 1.093159420546785157e+02
5.710000000000000000e+02 1.116147640624097050e+02
5.720000000000000000e+02 1.139536387301582607e+02
5.730000000000000000e+02 1.163331058273328722e+02
5.740000000000000000e+02 1.187537099185027358e+02
5.750000000000000000e+02 1.212160003756451232e+02
5.760000000000000000e+02 1.237205313901394135e+02
5.770000000000000000e+02 1.262678619845070074e+02
5.780000000000000000e+02 1.288585560238956305e+02
5.790000000000000000e+02 1.314931822273075568e+02
5.800000000000000000e+02 1.341723141785705593e+02
5.810000000000000000e+02 1.368965303370510753e+02
5.820000000000000000e+02 1.396664140481082086e+02
5.830000000000000000e+02 1.424825535532886533e+02
5.840000000000000000e+02 1.453455420002606218e+02
5.850000000000000000e+02 1.482559774524872864e+02
5.860000000000000000e+02 1.512144628986385726e+02
5.870000000000000000e+02 1.542216062617400496e+02
5.880000000000000000e+02 1.572780204080590636e+02
5.890000000000000000e+02 1.603843231557279978e+02
5.900000000000000000e+02 1.635411372831025005e+02
5.910000000000000000e+02 1.667490905368560732e+02
5.920000000000000000e+02 1.700088156398087165e+02
5.930000000000000000e+02 1.733209502984911126e+02
5.940000000000000000e+02 1.766861372104425811e+02
5.950000000000000000e+02 1.801050240712422976e+02
5.960000000000000000e+02 1.835782635812749106e+02
5.970000000000000000e+02 1.871065134522292794e+02
5.980000000000000000e+02 1.906904364133288539e+02
5.990000000000000000e+02 1.943307002172966520e+02
6.000000000000000000e+02 1.980279776460514825e+02
6.010000000000000000e+02 2.017829465161369740e+02
6.020000000000000000e+02 2.055962896838824747e+02
6.030000000000000000e+02 2.094686950502966738e+02
6.040000000000000000e+02 2.134008555656926944e+02
6.050000000000000000e+02 2.173934692340456252e+02
6.060000000000000000e+02 2.214472391170818923e+02
6.070000000000000000e+02 2.255628733381008431e+02
6.080000000000000000e+02 2.297410850855279421e+02
6.090000000000000000e+02 2.339825926162009466e+02
6.100000000000000000e+02 2.382881192583876384e+02
6.110000000000000000e+02 2.426583934145371586e+02
6.120000000000000000e+02 2.470941485637622748e+02
6.130000000000000000e+02 2.515961232640563026e+02
6.140000000000000000e+02 2.561650611542415277e+02
6.150000000000000000e+02 2.608017109556531068e+02
6.160000000000000000e+02 2.655068264735539287e+02
6.170000000000000000e+02 2.702811665982857789e+02
6.180000000000000000e+02 2.751254953061538231e+02
6.190000000000000000e+02 2.800405816600458593e+02
6.200000000000000000e+02 2.850271998097871915e+02
6.210000000000000000e+02 2.900861289922302717e+02
6.220000000000000000e+02 2.952181535310813842e+02
6.230000000000000000e+02 3.004240628364634063e+02
6.240000000000000000e+02 3.057046514042147578e+02
6.250000000000000000e+02 3.110607188149284639e+02
6.260000000000000000e+02 3.164930697327261555e+02
6.270000000000000000e+02 3.220025139037732629e+02
6.280000000000000000e+02 3.275898661545328991e+02
6.290000000000000000e+02 3.332559463897591741e+02
6.300000000000000000e+02 3.390015795902320974e+02
6.310000000000000000e+02 3.448275958102340155e+02
6.320000000000000000e+02 3.507348301747663868e+02
6.330000000000000000e+02 3.567241228765122969e+02
6.340000000000000000e+02 3.627963191725401657e+02
6.350000000000000000e+02 3.689522693807529095e+02
6.360000000000000000e+02 3.751928288760826149e+02
6.370000000000000000e+02 3.815188580864312939e+02
6.380000000000000000e+02 3.879312224883565250e+02
6.390000000000000000e+02 3.944307926025091433e+02
6.400000000000000000e+02 4.010184439888150223e+02
6.410000000000000000e+02 4.076950572414102112e+02
6.420000000000000000e+02 4.144615179833240290e+02
6.430000000000000000e+02 4.213187168609155719e+02
6.440000000000000000e+02 4.282675495380614734e+02
6.450000000000000000e+02 4.353089166900984992e+02
6.460000000000000000e+02 4.424437239975190437e+02
6.470000000000000000e+02 4.496728821394246438e+02
6.480000000000000000e+02 4.569973067867331338e+02
6.490000000000000000e+02 4.644179185951465456e+02
6.500000000000000000e+02 4.719356431978763453e+02
6.510000000000000000e+02 4.795514111981282213e+02
6.520000000000000000e+02 4.872661581613500061e+02
6.530000000000000000e+02 4.950808246072392080e+02
6.540000000000000000e+02 5.029963560015173698e+02
6.550000000000000000e+02 5.110137027474655724e+02
6.560000000000000000e+02 5.191338201772273351e+02
6.570000000000000000e+02 5.273576685428810151e+02
6.580000000000000000e+02 5.356862130072762511e+02
6.590000000000000000e+02 5.441204236346419520e+02
6.600000000000000000e+02 5.526612753809672540e+02
6.610000000000000000e+02 5.613097480841512379e+02
6.620000000000000000e+02 5.700668264539278880e+02
6.630000000000000000e+02 5.789335000615657236e+02
6.640000000000000000e+02 5.879107633293438084e+02
6.650000000000000000e+02 5.969996155198044789e+02
6.660000000000000000e+02 6.062010607247849521e+02
6.670000000000000000e+02 6.155161078542308815e+02
6.680000000000000000e+02 6.249457706247887927e+02
6.690000000000000000e+02 6.344910675481835369e+02
6.700000000000000000e+02 6.441530219193796256e+02
6.710000000000000000e+02 6.539326618045280384e+02
6.720000000000000000e+02 6.638310200287011185e+02
6.730000000000000000e+02 6.738491341634154423e+02
6.740000000000000000e+02 6.839880465139449370e+02
6.750000000000000000e+02 6.942488041064262916e+02
6.760000000000000000e+02 7.046324586747573449e+02
6.770000000000000000e+02 7.151400666472894727e+02
6.780000000000000000e+02 7.257726891333163621e+02
6.790000000000000000e+02 7.365313919093622417e+02
6.800000000000000000e+02 7.474172454052662715e+02
6.810000000000000000e+02 7.584313246900687773e+02
6.820000000000000000e+02 7.695747094577031930e+02
6.830000000000000000e+02 7.808484840124845050e+02
6.840000000000000000e+02 7.922537372544110212e+02
6.850000000000000000e+02 8.037915626642682128e+02
6.860000000000000000e+02 8.154630582885416743e+02
6.870000000000000000e+02 8.272693267241425019e+02
6.880000000000000000e+02 8.392114751029419040e+02
6.890000000000000000e+02 8.512906150761190247e+02
6.900000000000000000e+02 8.635078627983281194e+02
6.910000000000000000e+02 8.758643389116759863e+02
6.920000000000000000e+02 8.883611685295213647e+02
6.930000000000000000e+02 9.009994812200927754e+02
6.940000000000000000e+02 9.137804109899309424e+02
6.950000000000000000e+02 9.267050962671490879e+02
6.960000000000000000e+02 9.397746798845195144e+02
6.970000000000000000e+02 9.529903090623938624e+02
6.980000000000000000e+02 9.663531353914362398e+02
6.990000000000000000e+02 9.798643148152036702e+02
7.000000000000000000e+02 9.935250076125440728e+02
7.010000000000000000e+02 1.007336378379833604e+03
7.020000000000000000e+02 1.021299596013048131e+03
7.030000000000000000e+02 1.035415833689671217e+03
7.040000000000000000e+02 1.049686268850439092e+03
7.050000000000000000e+02 1.064112083180924856e+03
7.060000000000000000e+02 1.078694462592968421e+03
7.070000000000000000e+02 1.093434597205942509e+03
7.080000000000000000e+02 1.108333681327868590e+03
7.090000000000000000e+02 1.123392913436382287e+03
7.100000000000000000e+02 1.138613496159536680e+03
7.110000000000000000e+02 1.153996636256466672e+03
7.120000000000000000e+02 1.169543544597898062e+03
7.130000000000000000e+02 1.185255436146513603e+03
7.140000000000000000e+02 1.201133529937171033e+03
7.150000000000000000e+02 1.217179049056982876e+03
7.160000000000000000e+02 1.233393220625246386e+03
7.170000000000000000e+02 1.249777275773244128e+03
7.180000000000000000e+02 1.266332449623900402e+03
7.190000000000000000e+02 1.283059981271298511e+03
7.200000000000000000e+02 1.299961113760071612e+03
7.210000000000000000e+02 1.317037094064654639e+03
7.220000000000000000e+02 1.334289173068405717e+03
7.230000000000000000e+02 1.351718605542599789e+03
7.240000000000000000e+02 1.369326650125294918e+03
7.250000000000000000e+02 1.387114569300069661e+03
7.260000000000000000e+02 1.405083629374638122e+03
7.270000000000000000e+02 1.423235100459343812e+03
7.280000000000000000e+02 1.441570256445528230e+03
7.290000000000000000e+02 1.460090374983785750e+03
7.300000000000000000e+02 1.478796737462096416e+03
7.310000000000000000e+02 1.497690628983845500e+03
7.320000000000000000e+02 1.516773338345729371e+03
7.330000000000000000e+02 1.536046158015545871e+03
7.340000000000000000e+02 1.555510384109876668e+03
7.350000000000000000e+02 1.575167316371663674e+03
7.360000000000000000e+02 1.595018258147668348e+03
7.370000000000000000e+02 1.615064516365837562e+03
7.380000000000000000e+02 1.635307401512557817e+03
7.390000000000000000e+02 1.655748227609809419e+03
7.400000000000000000e+02 1.676388312192216972e+03
7.410000000000000000e+02 1.697228976284013243e+03
7.420000000000000000e+02 1.718271544375883877e+03
7.430000000000000000e+02 1.739517344401743458e+03
7.440000000000000000e+02 1.760967707715391953e+03
7.450000000000000000e+02 1.782623969067100688e+03
7.460000000000000000e+02 1.804487466580092359e+03
7.470000000000000000e+02 1.826559541726940552e+03
7.480000000000000000e+02 1.848841539305881042e+03
7.490000000000000000e+02 1.871334807417032152e+03
7.500000000000000000e+02 1.894040697438541201e+03
7.510000000000000000e+02 1.916960564002641149e+03
7.520000000000000000e+02 1.940095764971626977e+03
7.530000000000000000e+02 1.963447661413758624e+03
7.540000000000000000e+02 1.987017617579079115e+03
7.550000000000000000e+02 2.010807000875164931e+03
7.560000000000000000e+02 2.034817181842796572e+03
7.570000000000000000e+02 2.059049534131558630e+03
7.580000000000000000e+02 2.083505434475369384e+03
7.590000000000000000e+02 2.108186262667941264e+03
7.600000000000000000e+02 2.133093401538174930e+03
7.610000000000000000e+02 2.158228236925483543e+03
7.620000000000000000e+02 2.183592157655054052e+03
7.630000000000000000e+02 2.209186555513053008e+03
7.640000000000000000e+02 2.235012825221757339e+03
7.650000000000000000e+02 2.261072364414636468e+03
7.660000000000000000e+02 2.287366573611374406e+03
7.670000000000000000e+02 2.313896856192829091e+03
7.680000000000000000e+02 2.340664618375946247e+03
7.690000000000000000e+02 2.367671269188613678e+03
7.700000000000000000e+02 2.394918220444460076e+03
7.710000000000000000e+02 2.422406886717618818e+03
7.720000000000000000e+02 2.450138685317418549e+03
7.730000000000000000e+02 2.478115036263053298e+03
7.740000000000000000e+02 2.506337362258186658e+03
7.750000000000000000e+02 2.534807088665519132e+03
7.760000000000000000e+02 2.563525643481315910e+03
7.770000000000000000e+02 2.592494457309884183e+03
7.780000000000000000e+02 2.621714963338021789e+03
7.790000000000000000e+02 2.651188597309418583e+03
7.800000000000000000e+02 2.680916797499025506e+03
7.810000000000000000e+02 2.710901004687385466e+03
7.820000000000000000e+02 2.741142662134933289e+03
7.830000000000000000e+02 2.771643215556260657e+03
7.840000000000000000e+02 2.802404113094348759e+03
7.850000000000000000e+02 2.833426805294781389e+03
7.860000000000000000e+02 2.864712745079910292e+03
7.870000000000000000e+02 2.896263387723012329e+03
7.880000000000000000e+02 2.928080190822412078e+03
7.890000000000000000e+02 2.960164614275584427e+03
7.900000000000000000e+02 2.992518120253230336e+03
7.910000000000000000e+02 3.025142173173329411e+03
7.920000000000000000e+02 3.058038239675187924e+03
7.930000000000000000e+02 3.091207788593445002e+03
7.940000000000000000e+02 3.124652290932080177e+03
7.950000000000000000e+02 3.158373219838400473e+03
7.960000000000000000e+02 3.192372050577004757e+03
7.970000000000000000e+02 3.226650260503745358e+03
7.980000000000000000e+02 3.261209329039675595e+03
7.990000000000000000e+02 3.296050737644980018e+03
8.000000000000000000e+02 3.331175969792907836e+03
8.010000000000000000e+02 3.366586510943683152e+03
8.020000000000000000e+02 3.402283848518427476e+03
8.030000000000000000e+02 3.438269471873053590e+03
8.040000000000000000e+02 3.474544872272178054e+03
8.050000000000000000e+02 3.511111542863015529e+03
8.060000000000000000e+02 3.547970978649284007e+03
8.070000000000000000e+02 3.585124676465090488e+03
8.080000000000000000e+02 3.622574134948842584e+03
8.090000000000000000e+02 3.660320854517143744e+03
8.100000000000000000e+02 3.698366337338703488e+03
8.110000000000000000e+02 3.736712087308232185e+03
8.120000000000000000e+02 3.775359610020374930e+03
8.130000000000000000e+02 3.814310412743626330e+03
8.140000000000000000e+02 3.853566004394256652e+03
8.150000000000000000e+02 3.893127895510256167e+03
8.160000000000000000e+02 3.932997598225289494e+03
8.170000000000000000e+02 3.973176626242651309e+03
8.180000000000000000e+02 4.013666494809243886e+03
8.190000000000000000e+02 4.054468720689571001e+03
8.200000000000000000e+02 4.095584822139735024e+03
8.210000000000000000e+02 4.137016318881464031e+03
8.220000000000000000e+02 4.178764732076148903e+03
8.230000000000000000e+02 4.220831584298896814e+03
8.240000000000000000e+02 4.263218399512613360e+03
8.250000000000000000e+02 4.305926703042094232e+03
8.260000000000000000e+02 4.348958021548156466e+03
8.270000000000000000e+02 4.392313883001757858e+03
8.280000000000000000e+02 4.435995816658183685e+03
8.290000000000000000e+02 4.480005353031235245e+03
8.300000000000000000e+02 4.524344023867436590e+03
8.310000000000000000e+02 4.569013362120284000e+03
8.320000000000000000e+02 4.614014901924525475e+03
8.330000000000000000e+02 4.659350178570449316e+03
8.340000000000000000e+02 4.705020728478224555e+03
8.350000000000000000e+02 4.751028089172264117e+03
8.360000000000000000e+02 4.797373799255610720e+03
8.370000000000000000e+02 4.844059398384380984e+03
8.380000000000000000e+02 4.891086427242205900e+03
8.390000000000000000e+02 4.938456427514747702e+03
8.400000000000000000e+02 4.986170941864224915e+03
8.410000000000000000e+02 5.034231513903977429e+03
8.420000000000000000e+02 5.082639688173085233e+03
8.430000000000000000e+02 5.131397010111005329e+03
8.440000000000000000e+02 5.180505026032265960e+03
8.450000000000000000e+02 5.229965283101189016e+03
8.460000000000000000e+02 5.279779329306657928e+03
8.470000000000000000e+02 5.329948713436933758e+03
8.480000000000000000e+02 5.380474985054504032e+03
8.490000000000000000e+02 5.431359694470987961e+03
8.500000000000000000e+02 5.482604392722072589e+03
8.510000000000000000e+02 5.534210631542509873e+03
8.520000000000000000e+02 5.586179963341142866e+03
8.530000000000000000e+02 5.638513941176004664e+03
8.540000000000000000e+02 5.691214118729433721e+03
8.550000000000000000e+02 5.744282050283271019e+03
8.560000000000000000e+02 5.797719290694078154e+03
8.570000000000000000e+02 5.851527395368430916e+03
8.580000000000000000e+02 5.905707920238249244e+03
8.590000000000000000e+02 5.960262421736179931e+03
8.600000000000000000e+02 6.015192456771042089e+03
8.610000000000000000e+02 6.070499582703319902e+03
8.620000000000000000e+02 6.126185357320707226e+03
8.630000000000000000e+02 6.182251338813719485e+03
8.640000000000000000e+02 6.238699085751346502e+03
8.650000000000000000e+02 6.295530157056767166e+03
8.660000000000000000e+02 6.352746111983140509e+03
8.670000000000000000e+02 6.410348510089417687e+03
8.680000000000000000e+02 6.468338911216256747e+03
8.690000000000000000e+02 6.526718875461952848e+03
8.700000000000000000e+02 6.585489963158463979e+03
8.710000000000000000e+02 6.644653734847485794e+03
8.720000000000000000e+02 6.704211751256580101e+03
8.730000000000000000e+02 6.764165573275385213e+03
8.740000000000000000e+02 6.824516761931860856e+03
8.750000000000000000e+02 6.885266878368626749e+03
8.760000000000000000e+02 6.946417483819344852e+03
8.770000000000000000e+02 7.007970139585188008e+03
8.780000000000000000e+02 7.069926407011336778e+03
8.790000000000000000e+02 7.132287847463591788e+03
8.800000000000000000e+02 7.195056022305012448e+03
8.810000000000000000e+02 7.258232492872639341e+03
8.820000000000000000e+02 7.321818820454295746e+03
8.830000000000000000e+02 7.385816566265428264e+03
8.840000000000000000e+02 7.450227291426050215e+03
8.850000000000000000e+02 7.515052556937731424e+03
8.860000000000000000e+02 7.580293923660671680e+03
8.870000000000000000e+02 7.645952952290826943e+03
8.880000000000000000e+02 7.712031203337143779e+03
8.890000000000000000e+02 7.778530237098812904e+03
8.900000000000000000e+02 7.845451613642658231e+03
8.910000000000000000e+02 7.912796892780526832e+03
8.920000000000000000e+02 7.980567634046819876e+03
8.930000000000000000e+02 8.048765396676067212e+03
8.940000000000000000e+02 8.117391739580551075e+03
8.950000000000000000e+02 8.186448221328075306e+03
8.960000000000000000e+02 8.255936400119726386e+03
8.970000000000000000e+02 8.325857833767775446e+03
8.980000000000000000e+02 8.396214079673618471e+03
8.990000000000000000e+02 8.467006694805822917e+03
9.000000000000000000e+02 8.538237235678223442e+03
9.010000000000000000e+02 8.609907258328106764e+03
9.020000000000000000e+02 8.682018318294485653e+03
9.030000000000000000e+02 8.754571970596445681e+03
9.040000000000000000e+02 8.827569769711553818e+03
9.050000000000000000e+02 8.901013269554363433e+03
9.060000000000000000e+02 8.974904023455012066e+03
9.070000000000000000e+02 9.049243584137862854e+03
9.080000000000000000e+02 9.124033503700266010e+03
9.090000000000000000e+02 9.199275333591373055e+03
9.100000000000000000e+02 9.274970624591041997e+03
9.110000000000000000e+02 9.351120926788833458e+03
9.120000000000000000e+02 9.427727789563077749e+03
9.130000000000000000e+02 9.504792761560021972e+03
9.140000000000000000e+02 9.582317390673077171e+03
9.150000000000000000e+02 9.660303224022127324e+03
9.160000000000000000e+02 9.738751807932931115e+03
9.170000000000000000e+02 9.817664687916632829e+03
9.180000000000000000e+02 9.897043408649293269e+03
9.190000000000000000e+02 9.976889513951588015e+03
9.200000000000000000e+02 1.005720454676851296e+04
9.210000000000000000e+02 1.013799004914923717e+04
9.220000000000000000e+02 1.021924756222699398e+04
9.230000000000000000e+02 1.030097862619909029e+04
9.240000000000000000e+02 1.038318478030700317e+04
9.250000000000000000e+02 1.046586756281651105e+04
9.260000000000000000e+02 1.054902851099798863e+04
9.270000000000000000e+02 1.063266916110673992e+04
9.280000000000000000e+02 1.071679104836341685e+04
9.290000000000000000e+02 1.080139570693454880e+04
9.300000000000000000e+02 1.088648466991314854e+04
9.310000000000000000e+02 1.097205946929940364e+04
9.320000000000000000e+02 1.105812163598146799e+04
9.330000000000000000e+02 1.114467269971630958e+04
9.340000000000000000e+02 1.123171418911069122e+04
9.350000000000000000e+02 1.131924763160220391e+04
9.360000000000000000e+02 1.140727455344042573e+04
9.370000000000000000e+02 1.149579647966812445e+04
9.380000000000000000e+02 1.158481493410258190e+04
9.390000000000000000e+02 1.167433143931699851e+04
9.400000000000000000e+02 1.176434751662199596e+04
9.410000000000000000e+02 1.185486468604718357e+04
9.420000000000000000e+02 1.194588446632287014e+04
9.430000000000000000e+02 1.203740837486178134e+04
9.440000000000000000e+02 1.212943792774094618e+04
9.450000000000000000e+02 1.222197463968363809e+04
9.460000000000000000e+02 1.231502002404142331e+04
9.470000000000000000e+02 1.240857559277625478e+04
9.480000000000000000e+02 1.250264285644273150e+04
9.490000000000000000e+02 1.259722332417038888e+04
9.500000000000000000e+02 1.269231850364610909e+04
9.510000000000000000e+02 1.278792990109659149e+04
9.520000000000000000e+02 1.288405902127097215e+04
9.530000000000000000e+02 1.298070736742347981e+04
9.540000000000000000e+02 1.307787644129620821e+04
9.550000000000000000e+02 1.317556774310197579e+04
9.560000000000000000e+02 1.327378277150728718e+04
9.570000000000000000e+02 1.337252302361536022e+04
9.580000000000000000e+02 1.347178999494927666e+04
9.590000000000000000e+02 1.357158517943520201e+04
9.600000000000000000e+02 1.367191006938572536e+04
9.610000000000000000e+02 1.377276615548324480e+04
9.620000000000000000e+02 1.387415492676349822e+04
9.630000000000000000e+02 1.397607787059914699e+04
9.640000000000000000e+02 1.407853647268347413e+04
9.650000000000000000e+02 1.418153221701416987e+04
9.660000000000000000e+02 1.428506658587718630e+04
9.670000000000000000e+02 1.438914105983075569e+04
9.680000000000000000e+02 1.449375711768940528e+04
9.690000000000000000e+02 1.459891623650811562e+04
9.700000000000000000e+02 1.470461989156661548e+04
9.710000000000000000e+02 1.481086955635366394e+04
9.720000000000000000e+02 1.491766670255150893e+04
9.730000000000000000e+02 1.502501280002042768e+04
9.740000000000000000e+02 1.513290931678330890e+04
9.750000000000000000e+02 1.524135771901041517e+04
9.760000000000000000e+02 1.535035947100414160e+04
9.770000000000000000e+02 1.545991603518394550e+04
9.780000000000000000e+02 1.557002887207130698e+04
9.790000000000000000e+02 1.568069944027484780e+04
9.800000000000000000e+02 1.579192919647548297e+04
9.810000000000000000e+02 1.590371959541169417e+04
9.820000000000000000e+02 1.601607208986489604e+04
9.830000000000000000e+02 1.612898813064490969e+04
9.840000000000000000e+02 1.624246916657546535e+04
9.850000000000000000e+02 1.635651664447987969e+04
9.860000000000000000e+02 1.647113200916679125e+04
9.870000000000000000e+02 1.658631670341595236e+04
9.880000000000000000e+02 1.670207216796419016e+04
9.890000000000000000e+02 1.681839984149137308e+04
9.900000000000000000e+02 1.693530116060657019e+04
9.910000000000000000e+02 1.705277755983419411e+04
9.920000000000000000e+02 1.717083047160031128e+04
9.930000000000000000e+02 1.728946132621902871e+04
9.940000000000000000e+02 1.740867155187896060e+04
9.950000000000000000e+02 1.752846257462979338e+04
9.960000000000000000e+02 1.764883581836895246e+04
9.970000000000000000e+02 1.776979270482831998e+04
9.980000000000000000e+02 1.789133465356113084e+04
9.990000000000000000e+02 1.801346308192883953e+04
