# BB temperature (K); Intensity through filter (ph/s/m^2/mas^2)
1.000000000000000000e+01 0.000000000000000000e+00
1.100000000000000000e+01 0.000000000000000000e+00
1.200000000000000000e+01 0.000000000000000000e+00
1.300000000000000000e+01 0.000000000000000000e+00
1.400000000000000000e+01 0.000000000000000000e+00
1.500000000000000000e+01 0.000000000000000000e+00
1.600000000000000000e+01 0.000000000000000000e+00
1.700000000000000000e+01 0.000000000000000000e+00
1.800000000000000000e+01 0.000000000000000000e+00
1.900000000000000000e+01 0.000000000000000000e+00
2.000000000000000000e+01 0.000000000000000000e+00
2.100000000000000000e+01 2.287601810308786283e-111
2.200000000000000000e+01 3.008862432829101390e-106
2.300000000000000000e+01 1.421996558826221503e-101
2.400000000000000000e+01 2.744144937091736124e-97
2.500000000000000000e+01 2.407584204128819302e-93
2.600000000000000000e+01 1.051718620437908813e-89
2.700000000000000000e+01 2.471677372026237335e-86
2.800000000000000000e+01 3.339531080044258951e-83
2.900000000000000000e+01 2.746837246067805035e-80
3.000000000000000000e+01 1.445352154030066515e-77
3.100000000000000000e+01 5.080060477763671295e-75
3.200000000000000000e+01 1.238612204848984301e-72
3.300000000000000000e+01 2.165711966780636015e-70
3.400000000000000000e+01 2.796377488758471306e-68
3.500000000000000000e+01 2.736510902024522293e-66
3.600000000000000000e+01 2.076963994469379852e-64
3.700000000000000000e+01 1.248050245147003429e-62
3.800000000000000000e+01 6.047929260189730214e-61
3.900000000000000000e+01 2.402884807481000974e-59
4.000000000000000000e+01 7.944622445722301567e-58
4.100000000000000000e+01 2.215439724248182035e-56
4.200000000000000000e+01 5.274364393545892350e-55
4.300000000000000000e+01 1.083902892869815014e-53
4.400000000000000000e+01 1.942103295329490051e-52
4.500000000000000000e+01 3.061829863213470525e-51
4.600000000000000000e+01 4.282891417273276897e-50
4.700000000000000000e+01 5.356152368767190534e-49
4.800000000000000000e+01 6.030666806967315730e-48
4.900000000000000000e+01 6.152665043620655505e-47
5.000000000000000000e+01 5.721537453015867448e-46
5.100000000000000000e+01 4.876167835606600368e-45
5.200000000000000000e+01 3.827754533479443093e-44
5.300000000000000000e+01 2.780529515268468916e-43
5.400000000000000000e+01 1.877145733469397697e-42
5.500000000000000000e+01 1.182466233728452364e-41
5.600000000000000000e+01 6.976045383998566377e-41
5.700000000000000000e+01 3.867731274575458688e-40
5.800000000000000000e+01 2.021730430553095865e-39
5.900000000000000000e+01 9.993308125383342934e-39
6.000000000000000000e+01 4.684108617249809508e-38
6.100000000000000000e+01 2.087417927214253892e-37
6.200000000000000000e+01 8.865775139670636670e-37
6.300000000000000000e+01 3.597010399089320973e-36
6.400000000000000000e+01 1.397060385772457465e-35
6.500000000000000000e+01 5.204880444423649188e-35
6.600000000000000000e+01 1.863584648411538840e-34
6.700000000000000000e+01 6.423947922554673393e-34
6.800000000000000000e+01 2.135481424233193291e-33
6.900000000000000000e+01 6.856694318010072705e-33
7.000000000000000000e+01 2.129630303552726515e-32
7.100000000000000000e+01 6.407269658509920487e-32
7.200000000000000000e+01 1.869804744901337605e-31
7.300000000000000000e+01 5.299289120724707560e-31
7.400000000000000000e+01 1.460331134650100072e-30
7.500000000000000000e+01 3.917277294973142186e-30
7.600000000000000000e+01 1.023947742528144564e-29
7.700000000000000000e+01 2.610772940811471598e-29
7.800000000000000000e+01 6.499398475541575880e-29
7.900000000000000000e+01 1.581189444431608419e-28
8.000000000000000000e+01 3.762491959720834738e-28
8.100000000000000000e+01 8.764032366969304073e-28
8.200000000000000000e+01 1.999896545364247725e-27
8.300000000000000000e+01 4.474127993332771863e-27
8.400000000000000000e+01 9.820043672369893761e-27
8.500000000000000000e+01 2.115996648710476837e-26
8.600000000000000000e+01 4.479111621173402249e-26
8.700000000000000000e+01 9.319876430760209518e-26
8.800000000000000000e+01 1.907320637245544559e-25
8.900000000000000000e+01 3.841272087791907789e-25
9.000000000000000000e+01 7.617211207587817567e-25
9.100000000000000000e+01 1.488017599280835885e-24
9.200000000000000000e+01 2.864990817100699788e-24
9.300000000000000000e+01 5.439316667178400206e-24
9.400000000000000000e+01 1.018745299074942425e-23
9.500000000000000000e+01 1.883098815140800069e-23
9.600000000000000000e+01 3.436727741824943212e-23
9.700000000000000000e+01 6.195161545823358490e-23
9.800000000000000000e+01 1.103467691813267101e-22
9.900000000000000000e+01 1.942779265328151646e-22
1.000000000000000000e+02 3.382168430808282208e-22
1.010000000000000000e+02 5.823982250528631198e-22
1.020000000000000000e+02 9.922870279177109201e-22
1.030000000000000000e+02 1.673327916273397370e-21
1.040000000000000000e+02 2.793702347701759910e-21
1.050000000000000000e+02 4.619112085608390760e-21
1.060000000000000000e+02 7.565461850691308159e-21
1.070000000000000000e+02 1.227794822180988864e-20
1.080000000000000000e+02 1.974877391329328562e-20
1.090000000000000000e+02 3.149089431453377808e-20
1.100000000000000000e+02 4.979239594439086281e-20
1.110000000000000000e+02 7.808600245434793541e-20
1.120000000000000000e+02 1.214817172294700819e-19
1.130000000000000000e+02 1.875289308895451585e-19
1.140000000000000000e+02 2.872989810488307730e-19
1.150000000000000000e+02 4.369121170284846854e-19
1.160000000000000000e+02 6.596765980212721168e-19
1.170000000000000000e+02 9.890654078106077912e-19
1.180000000000000000e+02 1.472831785939499507e-18
1.190000000000000000e+02 2.178663431702220406e-18
1.200000000000000000e+02 3.201903016117564171e-18
1.210000000000000000e+02 4.676027173124361349e-18
1.220000000000000000e+02 6.786786809861404674e-18
1.230000000000000000e+02 9.791179825830196882e-18
1.240000000000000000e+02 1.404276706787903077e-17
1.250000000000000000e+02 2.002527037427423071e-17
1.260000000000000000e+02 2.839692807430647454e-17
1.270000000000000000e+02 4.004875246871584257e-17
1.280000000000000000e+02 5.618066437719342674e-17
1.290000000000000000e+02 7.840050586928283124e-17
1.300000000000000000e+02 1.088521939655567311e-16
1.310000000000000000e+02 1.503808225626690972e-16
1.320000000000000000e+02 2.067444022087429928e-16
1.330000000000000000e+02 2.828842117627562403e-16
1.340000000000000000e+02 3.852684967208269685e-16
1.350000000000000000e+02 5.223275718316059377e-16
1.360000000000000000e+02 7.050023691032984414e-16
1.370000000000000000e+02 9.474332292446768306e-16
1.380000000000000000e+02 1.267821393635107444e-15
1.390000000000000000e+02 1.689502361239873698e-15
1.400000000000000000e+02 2.242278195902064567e-15
1.410000000000000000e+02 2.964065190706465706e-15
1.420000000000000000e+02 3.902924227261846395e-15
1.430000000000000000e+02 5.119553943539615938e-15
1.440000000000000000e+02 6.690341706320548672e-15
1.450000000000000000e+02 8.711084664722880548e-15
1.460000000000000000e+02 1.130151316273739342e-14
1.470000000000000000e+02 1.461077186811690878e-14
1.480000000000000000e+02 1.882404052551791203e-14
1.490000000000000000e+02 2.417050669517694523e-14
1.500000000000000000e+02 3.093293766719846790e-14
1.510000000000000000e+02 3.945913846148032308e-14
1.520000000000000000e+02 5.017562799560168902e-14
1.530000000000000000e+02 6.360391673649412555e-14
1.540000000000000000e+02 8.037982710505752308e-14
1.550000000000000000e+02 1.012763632865551156e-13
1.560000000000000000e+02 1.272307106778817973e-13
1.570000000000000000e+02 1.593760277954538266e-13
1.580000000000000000e+02 1.990787859515002508e-13
1.590000000000000000e+02 2.479825153175592793e-13
1.600000000000000000e+02 3.080589311274626041e-13
1.610000000000000000e+02 3.816675417843774092e-13
1.620000000000000000e+02 4.716249826455485198e-13
1.630000000000000000e+02 5.812854764443701913e-13
1.640000000000000000e+02 7.146339949148202881e-13
1.650000000000000000e+02 8.763938875128552139e-13
1.660000000000000000e+02 1.072150953549722182e-12
1.670000000000000000e+02 1.308496164991065254e-12
1.680000000000000000e+02 1.593189500121010419e-12
1.690000000000000000e+02 1.935347624768451296e-12
1.700000000000000000e+02 2.345658459446856815e-12
1.710000000000000000e+02 2.836625999226758504e-12
1.720000000000000000e+02 3.422849110151697646e-12
1.730000000000000000e+02 4.121338413282593819e-12
1.740000000000000000e+02 4.951875786817315573e-12
1.750000000000000000e+02 5.937421470028199830e-12
1.760000000000000000e+02 7.104574241875549879e-12
1.770000000000000000e+02 8.484090674007987128e-12
1.780000000000000000e+02 1.011147002439831571e-11
1.790000000000000000e+02 1.202761194605660444e-11
1.800000000000000000e+02 1.427955483710032479e-11
1.810000000000000000e+02 1.692130335594439061e-11
1.820000000000000000e+02 2.001475437051100332e-11
1.830000000000000000e+02 2.363073140515583193e-11
1.840000000000000000e+02 2.785013849546508756e-11
1.850000000000000000e+02 3.276524526118317214e-11
1.860000000000000000e+02 3.848111596324981662e-11
1.870000000000000000e+02 4.511719632419614639e-11
1.880000000000000000e+02 5.280907296387340150e-11
1.890000000000000000e+02 6.171042143652798919e-11
1.900000000000000000e+02 7.199516005239674248e-11
1.910000000000000000e+02 8.385982792903258156e-11
1.920000000000000000e+02 9.752620704616581532e-11
1.930000000000000000e+02 1.132442094746709460e-10
1.940000000000000000e+02 1.312950524166729903e-10
1.950000000000000000e+02 1.519947452314364006e-10
1.960000000000000000e+02 1.756979142317722037e-10
1.970000000000000000e+02 2.028019927195220217e-10
1.980000000000000000e+02 2.337518054873562269e-10
1.990000000000000000e+02 2.690445788486784441e-10
2.000000000000000000e+02 3.092354091687382170e-10
2.010000000000000000e+02 3.549432248588819647e-10
2.020000000000000000e+02 4.068572788628426146e-10
2.030000000000000000e+02 4.657442108095397705e-10
2.040000000000000000e+02 5.324557202313928164e-10
2.050000000000000000e+02 6.079368945507912907e-10
2.060000000000000000e+02 6.932352379201238011e-10
2.070000000000000000e+02 7.895104494625617670e-10
2.080000000000000000e+02 8.980450020011842774e-10
2.090000000000000000e+02 1.020255574982705294e-09
2.100000000000000000e+02 1.157705397998184566e-09
2.110000000000000000e+02 1.312117564075994405e-09
2.120000000000000000e+02 1.485389374770837039e-09
2.130000000000000000e+02 1.679607781995697500e-09
2.140000000000000000e+02 1.897065994539750907e-09
2.150000000000000000e+02 2.140281320283048036e-09
2.160000000000000000e+02 2.412014318256383132e-09
2.170000000000000000e+02 2.715289337900280179e-09
2.180000000000000000e+02 3.053416526148419633e-09
2.190000000000000000e+02 3.430015386295758296e-09
2.200000000000000000e+02 3.849039976007662498e-09
2.210000000000000000e+02 4.314805835280892822e-09
2.220000000000000000e+02 4.832018738677569190e-09
2.230000000000000000e+02 5.405805369716216068e-09
2.240000000000000000e+02 6.041746018916592955e-09
2.250000000000000000e+02 6.745909410653944571e-09
2.260000000000000000e+02 7.524889767680222911e-09
2.270000000000000000e+02 8.385846225910774642e-09
2.280000000000000000e+02 9.336544715851968438e-09
2.290000000000000000e+02 1.038540243085339769e-08
2.300000000000000000e+02 1.154153500620455511e-08
2.310000000000000000e+02 1.281480653695557480e-08
2.320000000000000000e+02 1.421588256622053320e-08
2.330000000000000000e+02 1.575628617961591474e-08
2.340000000000000000e+02 1.744845734539140078e-08
2.350000000000000000e+02 1.930581564372034184e-08
2.360000000000000000e+02 2.134282653252959944e-08
2.370000000000000000e+02 2.357507130115619558e-08
2.380000000000000000e+02 2.601932086701894344e-08
2.390000000000000000e+02 2.869361357438043100e-08
2.400000000000000000e+02 3.161733715814322447e-08
2.410000000000000000e+02 3.481131503947185213e-08
2.420000000000000000e+02 3.829789712384909458e-08
2.430000000000000000e+02 4.210105527596188691e-08
2.440000000000000000e+02 4.624648364955938618e-08
2.450000000000000000e+02 5.076170405412995132e-08
2.460000000000000000e+02 5.567617654390188316e-08
2.470000000000000000e+02 6.102141541827472691e-08
2.480000000000000000e+02 6.683111082633532662e-08
2.490000000000000000e+02 7.314125617159425899e-08
2.500000000000000000e+02 7.999028151649422526e-08
2.510000000000000000e+02 8.741919318958212889e-08
2.520000000000000000e+02 9.547171980150329443e-08
2.530000000000000000e+02 1.041944648791560519e-07
2.540000000000000000e+02 1.136370663304399025e-07
2.550000000000000000e+02 1.238523629550346830e-07
2.560000000000000000e+02 1.348965682195526487e-07
2.570000000000000000e+02 1.468294515182128966e-07
2.580000000000000000e+02 1.597145271428860698e-07
2.590000000000000000e+02 1.736192511889518731e-07
2.600000000000000000e+02 1.886152266258846598e-07
2.610000000000000000e+02 2.047784167638481801e-07
2.620000000000000000e+02 2.221893673498158058e-07
2.630000000000000000e+02 2.409334375288455512e-07
2.640000000000000000e+02 2.611010399081288372e-07
2.650000000000000000e+02 2.827878899632815738e-07
2.660000000000000000e+02 3.060952650280636283e-07
2.670000000000000000e+02 3.311302731102939191e-07
2.680000000000000000e+02 3.580061317781651007e-07
2.690000000000000000e+02 3.868424573624568934e-07
2.700000000000000000e+02 4.177655647212904465e-07
2.710000000000000000e+02 4.509087778150691163e-07
2.720000000000000000e+02 4.864127513400903981e-07
2.730000000000000000e+02 5.244258036700147216e-07
2.740000000000000000e+02 5.651042613549053188e-07
2.750000000000000000e+02 6.086128154279424216e-07
2.760000000000000000e+02 6.551248897701277084e-07
2.770000000000000000e+02 7.048230217833664381e-07
2.780000000000000000e+02 7.578992556222088313e-07
2.790000000000000000e+02 8.145555482342749201e-07
2.800000000000000000e+02 8.750041884589651582e-07
2.810000000000000000e+02 9.394682294334755849e-07
2.820000000000000000e+02 1.008181934554380781e-06
2.830000000000000000e+02 1.081391237242148943e-06
2.840000000000000000e+02 1.159354214754873435e-06
2.850000000000000000e+02 1.242341576296264588e-06
2.860000000000000000e+02 1.330637165661563697e-06
2.870000000000000000e+02 1.424538478663477421e-06
2.880000000000000000e+02 1.524357195578501707e-06
2.890000000000000000e+02 1.630419728852158003e-06
2.900000000000000000e+02 1.743067786299610713e-06
2.910000000000000000e+02 1.862658950035958806e-06
2.920000000000000000e+02 1.989567271368171282e-06
2.930000000000000000e+02 2.124183881878124777e-06
2.940000000000000000e+02 2.266917620923590983e-06
2.950000000000000000e+02 2.418195679781234671e-06
2.960000000000000000e+02 2.578464262652767341e-06
2.970000000000000000e+02 2.748189264752345487e-06
2.980000000000000000e+02 2.927856967690113976e-06
2.990000000000000000e+02 3.117974752363472366e-06
3.000000000000000000e+02 3.319071829564198374e-06
3.010000000000000000e+02 3.531699988506005157e-06
3.020000000000000000e+02 3.756434363473381699e-06
3.030000000000000000e+02 3.993874218788866629e-06
3.040000000000000000e+02 4.244643752291865830e-06
3.050000000000000000e+02 4.509392917518252882e-06
3.060000000000000000e+02 4.788798264765812919e-06
3.070000000000000000e+02 5.083563801226436680e-06
3.080000000000000000e+02 5.394421870361666445e-06
3.090000000000000000e+02 5.722134050693932041e-06
3.100000000000000000e+02 6.067492074181280062e-06
3.110000000000000000e+02 6.431318764339060125e-06
3.120000000000000000e+02 6.814468994267378348e-06
3.130000000000000000e+02 7.217830664738662718e-06
3.140000000000000000e+02 7.642325702494985655e-06
3.150000000000000000e+02 8.088911078900251519e-06
3.160000000000000000e+02 8.558579849087558385e-06
3.170000000000000000e+02 9.052362211737600701e-06
3.180000000000000000e+02 9.571326589619004848e-06
3.190000000000000000e+02 1.011658073101718326e-05
3.200000000000000000e+02 1.068927283217337664e-05
3.210000000000000000e+02 1.129059268085117290e-05
3.220000000000000000e+02 1.192177282114303625e-05
3.230000000000000000e+02 1.258408973962508880e-05
3.240000000000000000e+02 1.327886507296379090e-05
3.250000000000000000e+02 1.400746683707399936e-05
3.260000000000000000e+02 1.477131067792340484e-05
3.270000000000000000e+02 1.557186114407449614e-05
3.280000000000000000e+02 1.641063298105090938e-05
3.290000000000000000e+02 1.728919244761146273e-05
3.300000000000000000e+02 1.820915865401103199e-05
3.310000000000000000e+02 1.917220492232441856e-05
3.320000000000000000e+02 2.018006016890554647e-05
3.330000000000000000e+02 2.123451030905138415e-05
3.340000000000000000e+02 2.233739968393718141e-05
3.350000000000000000e+02 2.349063250988657595e-05
3.360000000000000000e+02 2.469617435003812527e-05
3.370000000000000000e+02 2.595605360846742394e-05
3.380000000000000000e+02 2.727236304682220130e-05
3.390000000000000000e+02 2.864726132352629685e-05
3.400000000000000000e+02 3.008297455560729629e-05
3.410000000000000000e+02 3.158179790320179742e-05
3.420000000000000000e+02 3.314609717679177769e-05
3.430000000000000000e+02 3.477831046722586677e-05
3.440000000000000000e+02 3.648094979857935486e-05
3.450000000000000000e+02 3.825660280390810899e-05
3.460000000000000000e+02 4.010793442395300289e-05
3.470000000000000000e+02 4.203768862885277723e-05
3.480000000000000000e+02 4.404869016292706853e-05
3.490000000000000000e+02 4.614384631259287701e-05
3.500000000000000000e+02 4.832614869748283210e-05
3.510000000000000000e+02 5.059867508483717219e-05
3.520000000000000000e+02 5.296459122724679646e-05
3.530000000000000000e+02 5.542715272383001848e-05
3.540000000000000000e+02 5.798970690493328826e-05
3.550000000000000000e+02 6.065569474045178042e-05
3.560000000000000000e+02 6.342865277187541577e-05
3.570000000000000000e+02 6.631221506817417809e-05
3.580000000000000000e+02 6.931011520564635882e-05
3.590000000000000000e+02 7.242618827186444867e-05
3.600000000000000000e+02 7.566437289386523989e-05
3.610000000000000000e+02 7.902871329074357125e-05
3.620000000000000000e+02 8.252336135082259162e-05
3.630000000000000000e+02 8.615257873358919335e-05
3.640000000000000000e+02 8.992073899659875735e-05
3.650000000000000000e+02 9.383232974757138968e-05
3.660000000000000000e+02 9.789195482191990919e-05
3.670000000000000000e+02 1.021043364859704856e-04
3.680000000000000000e+02 1.064743176661568451e-04
3.690000000000000000e+02 1.110068642044940323e-04
3.700000000000000000e+02 1.157070671406593062e-04
3.710000000000000000e+02 1.205801450210354102e-04
3.720000000000000000e+02 1.256314462350976643e-04
3.730000000000000000e+02 1.308664513795566604e-04
3.740000000000000000e+02 1.362907756506966778e-04
3.750000000000000000e+02 1.419101712653848238e-04
3.760000000000000000e+02 1.477305299112594819e-04
3.770000000000000000e+02 1.537578852266409846e-04
3.780000000000000000e+02 1.599984153107487993e-04
3.790000000000000000e+02 1.664584452648468552e-04
3.800000000000000000e+02 1.731444497649814917e-04
3.810000000000000000e+02 1.800630556670232917e-04
3.820000000000000000e+02 1.872210446447661574e-04
3.830000000000000000e+02 1.946253558618903578e-04
3.840000000000000000e+02 2.022830886786455503e-04
3.850000000000000000e+02 2.102015053941619339e-04
3.860000000000000000e+02 2.183880340253590787e-04
3.870000000000000000e+02 2.268502711234743232e-04
3.880000000000000000e+02 2.355959846292992200e-04
3.890000000000000000e+02 2.446331167682757810e-04
3.900000000000000000e+02 2.539697869866690228e-04
3.910000000000000000e+02 2.636142949301067181e-04
3.920000000000000000e+02 2.735751234658465644e-04
3.930000000000000000e+02 2.838609417502094279e-04
3.940000000000000000e+02 2.944806083426970852e-04
3.950000000000000000e+02 3.054431743683936077e-04
3.960000000000000000e+02 3.167578867303389258e-04
3.970000000000000000e+02 3.284341913736497898e-04
3.980000000000000000e+02 3.404817366032574563e-04
3.990000000000000000e+02 3.529103764572309016e-04
4.000000000000000000e+02 3.657301741377502638e-04
4.010000000000000000e+02 3.789514055019035780e-04
4.020000000000000000e+02 3.925845626145879684e-04
4.030000000000000000e+02 4.066403573659062320e-04
4.040000000000000000e+02 4.211297251555700988e-04
4.050000000000000000e+02 4.360638286469396829e-04
4.060000000000000000e+02 4.514540615934544083e-04
4.070000000000000000e+02 4.673120527403440481e-04
4.080000000000000000e+02 4.836496698046339614e-04
4.090000000000000000e+02 5.004790235366106659e-04
4.100000000000000000e+02 5.178124718660435076e-04
4.110000000000000000e+02 5.356626241366171806e-04
4.120000000000000000e+02 5.540423454321818063e-04
4.130000000000000000e+02 5.729647609985784144e-04
4.140000000000000000e+02 5.924432607649737477e-04
4.150000000000000000e+02 6.124915039687947029e-04
4.160000000000000000e+02 6.331234238885419729e-04
4.170000000000000000e+02 6.543532326889234555e-04
4.180000000000000000e+02 6.761954263829567059e-04
4.190000000000000000e+02 6.986647899158598182e-04
4.200000000000000000e+02 7.217764023757623033e-04
4.210000000000000000e+02 7.455456423364631175e-04
4.220000000000000000e+02 7.699881933376782114e-04
4.230000000000000000e+02 7.951200495084268351e-04
4.240000000000000000e+02 8.209575213394406734e-04
4.250000000000000000e+02 8.475172416106935801e-04
4.260000000000000000e+02 8.748161714803981805e-04
4.270000000000000000e+02 9.028716067420474150e-04
4.280000000000000000e+02 9.317011842563307361e-04
4.290000000000000000e+02 9.613228885650129327e-04
4.300000000000000000e+02 9.917550586941189898e-04
4.310000000000000000e+02 1.023016395154043891e-03
4.320000000000000000e+02 1.055125967144478509e-03
4.330000000000000000e+02 1.088103219972328100e-03
4.340000000000000000e+02 1.121967982691091451e-03
4.350000000000000000e+02 1.156740475970464066e-03
4.360000000000000000e+02 1.192441320205240391e-03
4.370000000000000000e+02 1.229091543872896887e-03
4.380000000000000000e+02 1.266712592149568228e-03
4.390000000000000000e+02 1.305326335794445517e-03
4.400000000000000000e+02 1.344955080312982285e-03
4.410000000000000000e+02 1.385621575409613912e-03
4.420000000000000000e+02 1.427349024741076224e-03
4.430000000000000000e+02 1.470161095981755740e-03
4.440000000000000000e+02 1.514081931212871374e-03
4.450000000000000000e+02 1.559136157647683348e-03
4.460000000000000000e+02 1.605348898705294576e-03
4.470000000000000000e+02 1.652745785446019158e-03
4.480000000000000000e+02 1.701352968381683595e-03
4.490000000000000000e+02 1.751197129674663061e-03
4.500000000000000000e+02 1.802305495739849051e-03
4.510000000000000000e+02 1.854705850264198137e-03
4.520000000000000000e+02 1.908426547658945279e-03
4.530000000000000000e+02 1.963496526960013724e-03
4.540000000000000000e+02 2.019945326192613272e-03
4.550000000000000000e+02 2.077803097216494865e-03
4.560000000000000000e+02 2.137100621068780022e-03
4.570000000000000000e+02 2.197869323821825989e-03
4.580000000000000000e+02 2.260141292974014206e-03
4.590000000000000000e+02 2.323949294391911089e-03
4.600000000000000000e+02 2.389326789822747779e-03
4.610000000000000000e+02 2.456307954996678113e-03
4.620000000000000000e+02 2.524927698338830066e-03
4.630000000000000000e+02 2.595221680311696720e-03
4.640000000000000000e+02 2.667226333408979650e-03
4.650000000000000000e+02 2.740978882822551425e-03
4.660000000000000000e+02 2.816517367804776371e-03
4.670000000000000000e+02 2.893880663749041123e-03
4.680000000000000000e+02 2.973108505011885089e-03
4.690000000000000000e+02 3.054241508500799701e-03
4.700000000000000000e+02 3.137321198052308701e-03
4.710000000000000000e+02 3.222390029625610448e-03
4.720000000000000000e+02 3.309491417337689922e-03
4.730000000000000000e+02 3.398669760366436043e-03
4.740000000000000000e+02 3.489970470748970845e-03
4.750000000000000000e+02 3.583440002103062318e-03
4.760000000000000000e+02 3.679125879300155794e-03
4.770000000000000000e+02 3.777076729119253993e-03
4.780000000000000000e+02 3.877342311911558849e-03
4.790000000000000000e+02 3.979973554306512513e-03
4.800000000000000000e+02 4.085022582990573137e-03
4.810000000000000000e+02 4.192542759590795268e-03
4.820000000000000000e+02 4.302588716695992035e-03
4.830000000000000000e+02 4.415216395049072901e-03
4.840000000000000000e+02 4.530483081944802586e-03
4.850000000000000000e+02 4.648447450868091121e-03
4.860000000000000000e+02 4.769169602408624906e-03
4.870000000000000000e+02 4.892711106488477867e-03
4.880000000000000000e+02 5.019135045940108578e-03
4.890000000000000000e+02 5.148506061472988768e-03
4.900000000000000000e+02 5.280890398067865886e-03
4.910000000000000000e+02 5.416355952838535805e-03
4.920000000000000000e+02 5.554972324401819678e-03
4.930000000000000000e+02 5.696810863797273361e-03
4.940000000000000000e+02 5.841944726998988743e-03
4.950000000000000000e+02 5.990448929062777012e-03
4.960000000000000000e+02 6.142400399952817509e-03
4.970000000000000000e+02 6.297878042092734489e-03
4.980000000000000000e+02 6.456962789687064122e-03
4.990000000000000000e+02 6.619737669859807917e-03
5.000000000000000000e+02 6.786287865657778320e-03
5.010000000000000000e+02 6.956700780967352976e-03
5.020000000000000000e+02 7.131066107394129321e-03
5.030000000000000000e+02 7.309475893155933934e-03
5.040000000000000000e+02 7.492024614040579573e-03
5.050000000000000000e+02 7.678809246480702150e-03
5.060000000000000000e+02 7.869929342798964028e-03
5.070000000000000000e+02 8.065487108677866709e-03
5.080000000000000000e+02 8.265587482909435985e-03
5.090000000000000000e+02 8.470338219480937764e-03
5.100000000000000000e+02 8.679849972053826218e-03
5.110000000000000000e+02 8.894236380894118138e-03
5.120000000000000000e+02 9.113614162313373596e-03
5.130000000000000000e+02 9.338103200680463942e-03
5.140000000000000000e+02 9.567826643065317771e-03
5.150000000000000000e+02 9.802910996576923164e-03
5.160000000000000000e+02 1.004348622845876136e-02
5.170000000000000000e+02 1.028968586900603187e-02
5.180000000000000000e+02 1.054164711736993269e-02
5.190000000000000000e+02 1.079951095031541318e-02
5.200000000000000000e+02 1.106342223399979681e-02
5.210000000000000000e+02 1.133352983884073663e-02
5.220000000000000000e+02 1.160998675754310733e-02
5.230000000000000000e+02 1.189295022635534355e-02
5.240000000000000000e+02 1.218258184962700726e-02
5.250000000000000000e+02 1.247904772774024833e-02
5.260000000000000000e+02 1.278251858848904882e-02
5.270000000000000000e+02 1.309316992198118410e-02
5.280000000000000000e+02 1.341118211913883834e-02
5.290000000000000000e+02 1.373674061387504704e-02
5.300000000000000000e+02 1.407003602902413830e-02
5.310000000000000000e+02 1.441126432610551067e-02
5.320000000000000000e+02 1.476062695900101987e-02
5.330000000000000000e+02 1.511833103162768359e-02
5.340000000000000000e+02 1.548458945968811049e-02
5.350000000000000000e+02 1.585962113658256206e-02
5.360000000000000000e+02 1.624365110356732617e-02
5.370000000000000000e+02 1.663691072424542880e-02
5.380000000000000000e+02 1.703963786347681766e-02
5.390000000000000000e+02 1.745207707079601822e-02
5.400000000000000000e+02 1.787447976842672717e-02
5.410000000000000000e+02 1.830710444398371897e-02
5.420000000000000000e+02 1.875021684795350613e-02
5.430000000000000000e+02 1.920409019604658873e-02
5.440000000000000000e+02 1.966900537651487466e-02
5.450000000000000000e+02 2.014525116252931236e-02
5.460000000000000000e+02 2.063312442971364929e-02
5.470000000000000000e+02 2.113293037893150886e-02
5.480000000000000000e+02 2.164498276442500604e-02
5.490000000000000000e+02 2.216960412740420078e-02
5.500000000000000000e+02 2.270712603518795433e-02
5.510000000000000000e+02 2.325788932599772568e-02
5.520000000000000000e+02 2.382224435950696870e-02
5.530000000000000000e+02 2.440055127324992565e-02
5.540000000000000000e+02 2.499318024499478166e-02
5.550000000000000000e+02 2.560051176118710581e-02
5.560000000000000000e+02 2.622293689157054880e-02
5.570000000000000000e+02 2.686085757009335981e-02
5.580000000000000000e+02 2.751468688220948255e-02
5.590000000000000000e+02 2.818484935868494773e-02
5.600000000000000000e+02 2.887178127602088584e-02
5.610000000000000000e+02 2.957593096360556020e-02
5.620000000000000000e+02 3.029775911770914154e-02
5.630000000000000000e+02 3.103773912243570215e-02
5.640000000000000000e+02 3.179635737774826054e-02
5.650000000000000000e+02 3.257411363468348808e-02
5.660000000000000000e+02 3.337152133787388980e-02
5.670000000000000000e+02 3.418910797549635366e-02
5.680000000000000000e+02 3.502741543676671926e-02
5.690000000000000000e+02 3.588700037710141483e-02
5.700000000000000000e+02 3.676843459106798884e-02
5.710000000000000000e+02 3.767230539324731287e-02
5.720000000000000000e+02 3.859921600713143303e-02
5.730000000000000000e+02 3.954978596218201858e-02
5.740000000000000000e+02 4.052465149917489767e-02
5.750000000000000000e+02 4.152446598395803656e-02
5.760000000000000000e+02 4.254990032975019404e-02
5.770000000000000000e+02 4.360164342810936983e-02
5.780000000000000000e+02 4.468040258870046438e-02
5.790000000000000000e+02 4.578690398799292738e-02
5.800000000000000000e+02 4.692189312701970649e-02
5.810000000000000000e+02 4.808613529833014044e-02
5.820000000000000000e+02 4.928041606226996746e-02
5.830000000000000000e+02 5.050554173272259889e-02
5.840000000000000000e+02 5.176233987244684143e-02
5.850000000000000000e+02 5.305165979814715355e-02
5.860000000000000000e+02 5.437437309541270913e-02
5.870000000000000000e+02 5.573137414366353265e-02
5.880000000000000000e+02 5.712358065124154005e-02
5.890000000000000000e+02 5.855193420078622091e-02
5.900000000000000000e+02 6.001740080503463470e-02
5.910000000000000000e+02 6.152097147318696252e-02
5.920000000000000000e+02 6.306366278797848057e-02
5.930000000000000000e+02 6.464651749360111888e-02
5.940000000000000000e+02 6.627060509461749072e-02
5.950000000000000000e+02 6.793702246601027173e-02
5.960000000000000000e+02 6.964689447451312410e-02
5.970000000000000000e+02 7.140137461136650265e-02
5.980000000000000000e+02 7.320164563664602331e-02
5.990000000000000000e+02 7.504892023530831957e-02
6.000000000000000000e+02 7.694444168510271298e-02
6.010000000000000000e+02 7.888948453649581583e-02
6.020000000000000000e+02 8.088535530475786384e-02
6.030000000000000000e+02 8.293339317435974301e-02
6.040000000000000000e+02 8.503497071582999389e-02
6.050000000000000000e+02 8.719149461522228417e-02
6.060000000000000000e+02 8.940440641634375685e-02
6.070000000000000000e+02 9.167518327589589677e-02
6.080000000000000000e+02 9.400533873167889187e-02
6.090000000000000000e+02 9.639642348401254723e-02
6.100000000000000000e+02 9.885002619052543626e-02
6.110000000000000000e+02 1.013677742744666377e-01
6.120000000000000000e+02 1.039513347466922144e-01
6.130000000000000000e+02 1.066024150414815186e-01
6.140000000000000000e+02 1.093227638663371304e-01
6.150000000000000000e+02 1.121141720659226543e-01
6.160000000000000000e+02 1.149784735002952474e-01
6.170000000000000000e+02 1.179175459375857715e-01
6.180000000000000000e+02 1.209333119612841234e-01
6.190000000000000000e+02 1.240277398922851326e-01
6.200000000000000000e+02 1.272028447258512773e-01
6.210000000000000000e+02 1.304606890836486066e-01
6.220000000000000000e+02 1.338033841810130631e-01
6.230000000000000000e+02 1.372330908096035529e-01
6.240000000000000000e+02 1.407520203355993871e-01
6.250000000000000000e+02 1.443624357135996350e-01
6.260000000000000000e+02 1.480666525163802372e-01
6.270000000000000000e+02 1.518670399806691385e-01
6.280000000000000000e+02 1.557660220690947894e-01
6.290000000000000000e+02 1.597660785484664725e-01
6.300000000000000000e+02 1.638697460845448539e-01
6.310000000000000000e+02 1.680796193534599414e-01
6.320000000000000000e+02 1.723983521699345989e-01
6.330000000000000000e+02 1.768286586324708809e-01
6.340000000000000000e+02 1.813733142856582548e-01
6.350000000000000000e+02 1.860351572997600011e-01
6.360000000000000000e+02 1.908170896677368611e-01
6.370000000000000000e+02 1.957220784198634989e-01
6.380000000000000000e+02 2.007531568560984025e-01
6.390000000000000000e+02 2.059134257963609882e-01
6.400000000000000000e+02 2.112060548488758627e-01
6.410000000000000000e+02 2.166342836967390384e-01
6.420000000000000000e+02 2.222014234028649449e-01
6.430000000000000000e+02 2.279108577334685581e-01
6.440000000000000000e+02 2.337660445002408549e-01
6.450000000000000000e+02 2.397705169213720233e-01
6.460000000000000000e+02 2.459278850015783613e-01
6.470000000000000000e+02 2.522418369312898756e-01
6.480000000000000000e+02 2.587161405051503493e-01
6.490000000000000000e+02 2.653546445599875847e-01
6.500000000000000000e+02 2.721612804324049506e-01
6.510000000000000000e+02 2.791400634361526079e-01
6.520000000000000000e+02 2.862950943594250730e-01
6.530000000000000000e+02 2.936305609822437712e-01
6.540000000000000000e+02 3.011507396140752912e-01
6.550000000000000000e+02 3.088599966518340567e-01
6.560000000000000000e+02 3.167627901584254002e-01
6.570000000000000000e+02 3.248636714619775878e-01
6.580000000000000000e+02 3.331672867759098433e-01
6.590000000000000000e+02 3.416783788399929689e-01
6.600000000000000000e+02 3.504017885825438938e-01
6.610000000000000000e+02 3.593424568039078060e-01
6.620000000000000000e+02 3.685054258813722505e-01
6.630000000000000000e+02 3.778958414956599121e-01
6.640000000000000000e+02 3.875189543791505153e-01
6.650000000000000000e+02 3.973801220859700112e-01
6.660000000000000000e+02 4.074848107840974842e-01
6.670000000000000000e+02 4.178385970696316676e-01
6.680000000000000000e+02 4.284471698033577303e-01
6.690000000000000000e+02 4.393163319697606095e-01
6.700000000000000000e+02 4.504520025586229437e-01
6.710000000000000000e+02 4.618602184693471058e-01
6.720000000000000000e+02 4.735471364381453885e-01
6.730000000000000000e+02 4.855190349882314571e-01
6.740000000000000000e+02 4.977823164031535130e-01
6.750000000000000000e+02 5.103435087234053924e-01
6.760000000000000000e+02 5.232092677664486047e-01
6.770000000000000000e+02 5.363863791702857542e-01
6.780000000000000000e+02 5.498817604607094678e-01
6.790000000000000000e+02 5.637024631423698251e-01
6.800000000000000000e+02 5.778556748137819721e-01
6.810000000000000000e+02 5.923487213064094759e-01
6.820000000000000000e+02 6.071890688479517628e-01
6.830000000000000000e+02 6.223843262499644258e-01
6.840000000000000000e+02 6.379422471199300837e-01
6.850000000000000000e+02 6.538707320979235682e-01
6.860000000000000000e+02 6.701778311179726888e-01
6.870000000000000000e+02 6.868717456942614596e-01
6.880000000000000000e+02 7.039608312322727102e-01
6.890000000000000000e+02 7.214535993650157408e-01
6.900000000000000000e+02 7.393587203144336151e-01
6.910000000000000000e+02 7.576850252781299755e-01
6.920000000000000000e+02 7.764415088415144162e-01
6.930000000000000000e+02 7.956373314154912002e-01
6.940000000000000000e+02 8.152818216998025669e-01
6.950000000000000000e+02 8.353844791721400931e-01
6.960000000000000000e+02 8.559549766031265827e-01
6.970000000000000000e+02 8.770031625972963818e-01
6.980000000000000000e+02 8.985390641601564976e-01
6.990000000000000000e+02 9.205728892914607497e-01
7.000000000000000000e+02 9.431150296047822179e-01
7.010000000000000000e+02 9.661760629734991168e-01
7.020000000000000000e+02 9.897667562032873567e-01
7.030000000000000000e+02 1.013898067731230590e+00
7.040000000000000000e+02 1.038581150351634230e+00
7.050000000000000000e+02 1.063827353968648248e+00
7.060000000000000000e+02 1.089648228375798000e+00
7.070000000000000000e+02 1.116055526062501357e+00
7.080000000000000000e+02 1.143061205047683382e+00
7.090000000000000000e+02 1.170677431740564600e+00
7.100000000000000000e+02 1.198916583828718796e+00
7.110000000000000000e+02 1.227791253193486920e+00
7.120000000000000000e+02 1.257314248852834604e+00
7.130000000000000000e+02 1.287498599931720999e+00
7.140000000000000000e+02 1.318357558660087969e+00
7.150000000000000000e+02 1.349904603398533798e+00
7.160000000000000000e+02 1.382153441691738260e+00
7.170000000000000000e+02 1.415118013349748738e+00
7.180000000000000000e+02 1.448812493557162684e+00
7.190000000000000000e+02 1.483251296010312581e+00
7.200000000000000000e+02 1.518449076082512894e+00
7.210000000000000000e+02 1.554420734017419869e+00
7.220000000000000000e+02 1.591181418150601212e+00
7.230000000000000000e+02 1.628746528159371820e+00
7.240000000000000000e+02 1.667131718340942204e+00
7.250000000000000000e+02 1.706352900918963300e+00
7.260000000000000000e+02 1.746426249378518758e+00
7.270000000000000000e+02 1.787368201829613534e+00
7.280000000000000000e+02 1.829195464399239857e+00
7.290000000000000000e+02 1.871925014652044528e+00
7.300000000000000000e+02 1.915574105039666186e+00
7.310000000000000000e+02 1.960160266378792482e+00
7.320000000000000000e+02 2.005701311357984018e+00
7.330000000000000000e+02 2.052215338073305251e+00
7.340000000000000000e+02 2.099720733592808308e+00
7.350000000000000000e+02 2.148236177549927906e+00
7.360000000000000000e+02 2.197780645765790020e+00
7.370000000000000000e+02 2.248373413900516038e+00
7.380000000000000000e+02 2.300034061133537033e+00
7.390000000000000000e+02 2.352782473872935043e+00
7.400000000000000000e+02 2.406638849493870858e+00
7.410000000000000000e+02 2.461623700106135182e+00
7.420000000000000000e+02 2.517757856350794743e+00
7.430000000000000000e+02 2.575062471226038152e+00
7.440000000000000000e+02 2.633559023942171340e+00
7.450000000000000000e+02 2.693269323805843385e+00
7.460000000000000000e+02 2.754215514133463216e+00
7.470000000000000000e+02 2.816420076193898225e+00
7.480000000000000000e+02 2.879905833180389063e+00
7.490000000000000000e+02 2.944695954211734801e+00
7.500000000000000000e+02 3.010813958362796416e+00
7.510000000000000000e+02 3.078283718724226681e+00
7.520000000000000000e+02 3.147129466491537464e+00
7.530000000000000000e+02 3.217375795083445400e+00
7.540000000000000000e+02 3.289047664289509232e+00
7.550000000000000000e+02 3.362170404447083705e+00
7.560000000000000000e+02 3.436769720647554038e+00
7.570000000000000000e+02 3.512871696971860302e+00
7.580000000000000000e+02 3.590502800755319246e+00
7.590000000000000000e+02 3.669689886881690732e+00
7.600000000000000000e+02 3.750460202106557617e+00
7.610000000000000000e+02 3.832841389409903599e+00
7.620000000000000000e+02 3.916861492377958331e+00
7.630000000000000000e+02 4.002548959614234292e+00
7.640000000000000000e+02 4.089932649179782054e+00
7.650000000000000000e+02 4.179041833062624889e+00
7.660000000000000000e+02 4.269906201676300306e+00
7.670000000000000000e+02 4.362555868387569369e+00
7.680000000000000000e+02 4.457021374073204534e+00
7.690000000000000000e+02 4.553333691705820918e+00
7.700000000000000000e+02 4.651524230968772322e+00
7.710000000000000000e+02 4.751624842900022294e+00
7.720000000000000000e+02 4.853667824564946720e+00
7.730000000000000000e+02 4.957685923758109681e+00
7.740000000000000000e+02 5.063712343733847376e+00
7.750000000000000000e+02 5.171780747965735614e+00
7.760000000000000000e+02 5.281925264934802300e+00
7.770000000000000000e+02 5.394180492946491157e+00
7.780000000000000000e+02 5.508581504976302057e+00
7.790000000000000000e+02 5.625163853544072445e+00
7.800000000000000000e+02 5.743963575616804818e+00
7.810000000000000000e+02 5.865017197540030480e+00
7.820000000000000000e+02 5.988361739997630551e+00
7.830000000000000000e+02 6.114034723000027149e+00
7.840000000000000000e+02 6.242074170900735908e+00
7.850000000000000000e+02 6.372518617441160771e+00
7.860000000000000000e+02 6.505407110823583139e+00
7.870000000000000000e+02 6.640779218812268958e+00
7.880000000000000000e+02 6.778675033862648469e+00
7.890000000000000000e+02 6.919135178278431830e+00
7.900000000000000000e+02 7.062200809396646406e+00
7.910000000000000000e+02 7.207913624800531771e+00
7.920000000000000000e+02 7.356315867560041966e+00
7.930000000000000000e+02 7.507450331500151286e+00
7.940000000000000000e+02 7.661360366496623442e+00
7.950000000000000000e+02 7.818089883799279605e+00
7.960000000000000000e+02 7.977683361382696958e+00
7.970000000000000000e+02 8.140185849324115708e+00
7.980000000000000000e+02 8.305642975208627377e+00
7.990000000000000000e+02 8.474100949561414353e+00
8.000000000000000000e+02 8.645606571306977628e+00
8.010000000000000000e+02 8.820207233255379364e+00
8.020000000000000000e+02 8.997950927615100625e+00
8.030000000000000000e+02 9.178886251532739848e+00
8.040000000000000000e+02 9.363062412659223455e+00
8.050000000000000000e+02 9.550529234742539231e+00
8.060000000000000000e+02 9.741337163246797104e+00
8.070000000000000000e+02 9.935537270997512493e+00
8.080000000000000000e+02 1.013318126385312645e+01
8.090000000000000000e+02 1.033432148640241799e+01
8.100000000000000000e+02 1.053901092768794179e+01
8.110000000000000000e+02 1.074730322695507212e+01
8.120000000000000000e+02 1.095925267942689274e+01
8.130000000000000000e+02 1.117491424210447803e+01
8.140000000000000000e+02 1.139434353959259205e+01
8.150000000000000000e+02 1.161759686995069174e+01
8.160000000000000000e+02 1.184473121056904610e+01
8.170000000000000000e+02 1.207580422406986820e+01
8.180000000000000000e+02 1.231087426423323095e+01
8.190000000000000000e+02 1.255000038194789980e+01
8.200000000000000000e+02 1.279324233118653176e+01
8.210000000000000000e+02 1.304066057500546094e+01
8.220000000000000000e+02 1.329231629156874028e+01
8.230000000000000000e+02 1.354827138019637722e+01
8.240000000000000000e+02 1.380858846743651469e+01
8.250000000000000000e+02 1.407333091316152718e+01
8.260000000000000000e+02 1.434256281668777255e+01
8.270000000000000000e+02 1.461634902291902804e+01
8.280000000000000000e+02 1.489475512851312367e+01
8.290000000000000000e+02 1.517784748807201645e+01
8.300000000000000000e+02 1.546569322035482408e+01
8.310000000000000000e+02 1.575836021451382685e+01
8.320000000000000000e+02 1.605591713635326911e+01
8.330000000000000000e+02 1.635843343461069566e+01
8.340000000000000000e+02 1.666597934726078023e+01
8.350000000000000000e+02 1.697862590784134440e+01
8.360000000000000000e+02 1.729644495180159680e+01
8.370000000000000000e+02 1.761950912287216653e+01
8.380000000000000000e+02 1.794789187945699283e+01
8.390000000000000000e+02 1.828166750104673710e+01
8.400000000000000000e+02 1.862091109465361072e+01
8.410000000000000000e+02 1.896569860126744445e+01
8.420000000000000000e+02 1.931610680233279709e+01
8.430000000000000000e+02 1.967221332624693986e+01
8.440000000000000000e+02 2.003409665487847846e+01
8.450000000000000000e+02 2.040183613010657382e+01
8.460000000000000000e+02 2.077551196038031733e+01
8.470000000000000000e+02 2.115520522729844188e+01
8.480000000000000000e+02 2.154099789220879302e+01
8.490000000000000000e+02 2.193297280282760298e+01
8.500000000000000000e+02 2.233121369987837213e+01
8.510000000000000000e+02 2.273580522375002744e+01
8.520000000000000000e+02 2.314683292117432600e+01
8.530000000000000000e+02 2.356438325192218741e+01
8.540000000000000000e+02 2.398854359551874893e+01
8.550000000000000000e+02 2.441940225797710440e+01
8.560000000000000000e+02 2.485704847855037158e+01
8.570000000000000000e+02 2.530157243650186416e+01
8.580000000000000000e+02 2.575306525789328660e+01
8.590000000000000000e+02 2.621161902239073882e+01
8.600000000000000000e+02 2.667732677008815756e+01
8.610000000000000000e+02 2.715028250834815537e+01
8.620000000000000000e+02 2.763058121866011518e+01
8.630000000000000000e+02 2.811831886351498255e+01
8.640000000000000000e+02 2.861359239329690851e+01
8.650000000000000000e+02 2.911649975319149775e+01
8.660000000000000000e+02 2.962713989011009019e+01
8.670000000000000000e+02 3.014561275963029630e+01
8.680000000000000000e+02 3.067201933295237737e+01
8.690000000000000000e+02 3.120646160387116197e+01
8.700000000000000000e+02 3.174904259576349830e+01
8.710000000000000000e+02 3.229986636859080562e+01
8.720000000000000000e+02 3.285903802591670342e+01
8.730000000000000000e+02 3.342666372193926350e+01
8.740000000000000000e+02 3.400285066853790283e+01
8.750000000000000000e+02 3.458770714233455834e+01
8.760000000000000000e+02 3.518134249176883799e+01
8.770000000000000000e+02 3.578386714418719095e+01
8.780000000000000000e+02 3.639539261294558514e+01
8.790000000000000000e+02 3.701603150452559277e+01
8.800000000000000000e+02 3.764589752566362790e+01
8.810000000000000000e+02 3.828510549049313028e+01
8.820000000000000000e+02 3.893377132769959559e+01
8.830000000000000000e+02 3.959201208768763536e+01
8.840000000000000000e+02 4.025994594976089758e+01
8.850000000000000000e+02 4.093769222931335605e+01
8.860000000000000000e+02 4.162537138503286371e+01
8.870000000000000000e+02 4.232310502611585434e+01
8.880000000000000000e+02 4.303101591949358351e+01
8.890000000000000000e+02 4.374922799706924792e+01
8.900000000000000000e+02 4.447786636296604001e+01
8.910000000000000000e+02 4.521705730078566177e+01
8.920000000000000000e+02 4.596692828087721239e+01
8.930000000000000000e+02 4.672760796761614444e+01
8.940000000000000000e+02 4.749922622669307515e+01
8.950000000000000000e+02 4.828191413241227536e+01
8.960000000000000000e+02 4.907580397499923919e+01
8.970000000000000000e+02 4.988102926791755465e+01
8.980000000000000000e+02 5.069772475519484800e+01
8.990000000000000000e+02 5.152602641875677847e+01
9.000000000000000000e+02 5.236607148576995741e+01
9.010000000000000000e+02 5.321799843599279711e+01
9.020000000000000000e+02 5.408194700913383457e+01
9.030000000000000000e+02 5.495805821221844667e+01
9.040000000000000000e+02 5.584647432696229430e+01
9.050000000000000000e+02 5.674733891715221290e+01
9.060000000000000000e+02 5.766079683603372530e+01
9.070000000000000000e+02 5.858699423370548942e+01
9.080000000000000000e+02 5.952607856451975721e+01
9.090000000000000000e+02 6.047819859448930657e+01
9.100000000000000000e+02 6.144350440870000796e+01
9.110000000000000000e+02 6.242214741872898998e+01
9.120000000000000000e+02 6.341428037006815543e+01
9.130000000000000000e+02 6.442005734955318985e+01
9.140000000000000000e+02 6.543963379279662718e+01
9.150000000000000000e+02 6.647316649162630142e+01
9.160000000000000000e+02 6.752081360152772049e+01
9.170000000000000000e+02 6.858273464909042616e+01
9.180000000000000000e+02 6.965909053945854623e+01
9.190000000000000000e+02 7.075004356378464365e+01
9.200000000000000000e+02 7.185575740668694777e+01
9.210000000000000000e+02 7.297639715370956992e+01
9.220000000000000000e+02 7.411212929878560374e+01
9.230000000000000000e+02 7.526312175170281193e+01
9.240000000000000000e+02 7.642954384557157255e+01
9.250000000000000000e+02 7.761156634429434575e+01
9.260000000000000000e+02 7.880936145003805393e+01
9.270000000000000000e+02 8.002310281070657538e+01
9.280000000000000000e+02 8.125296552741566813e+01
9.290000000000000000e+02 8.249912616196816373e+01
9.300000000000000000e+02 8.376176274433004210e+01
9.310000000000000000e+02 8.504105478010734487e+01
9.320000000000000000e+02 8.633718325802254867e+01
9.330000000000000000e+02 8.765033065739174845e+01
9.340000000000000000e+02 8.898068095560091706e+01
9.350000000000000000e+02 9.032841963558176701e+01
9.360000000000000000e+02 9.169373369328704371e+01
9.370000000000000000e+02 9.307681164516424133e+01
9.380000000000000000e+02 9.447784353562839499e+01
9.390000000000000000e+02 9.589702094453313919e+01
9.400000000000000000e+02 9.733453699463991882e+01
9.410000000000000000e+02 9.879058635908447172e+01
9.420000000000000000e+02 1.002653652688425865e+02
9.430000000000000000e+02 1.017590715201911422e+02
9.440000000000000000e+02 1.032719044821678693e+02
9.450000000000000000e+02 1.048040651040265914e+02
9.460000000000000000e+02 1.063557559226906761e+02
9.470000000000000000e+02 1.079271810702012999e+02
9.480000000000000000e+02 1.095185462811625428e+02
9.490000000000000000e+02 1.111300589001818935e+02
9.500000000000000000e+02 1.127619278893072590e+02
9.510000000000000000e+02 1.144143638354576069e+02
9.520000000000000000e+02 1.160875789578502264e+02
9.530000000000000000e+02 1.177817871154220057e+02
9.540000000000000000e+02 1.194972038142450117e+02
9.550000000000000000e+02 1.212340462149370808e+02
9.560000000000000000e+02 1.229925331400657740e+02
9.570000000000000000e+02 1.247728850815463630e+02
9.580000000000000000e+02 1.265753242080330381e+02
9.590000000000000000e+02 1.284000743723040898e+02
9.600000000000000000e+02 1.302473611186389064e+02
9.610000000000000000e+02 1.321174116901887317e+02
9.620000000000000000e+02 1.340104550363395504e+02
9.630000000000000000e+02 1.359267218200666605e+02
9.640000000000000000e+02 1.378664444252823387e+02
9.650000000000000000e+02 1.398298569641739846e+02
9.660000000000000000e+02 1.418171952845349040e+02
9.670000000000000000e+02 1.438286969770852011e+02
9.680000000000000000e+02 1.458646013827841159e+02
9.690000000000000000e+02 1.479251496001337216e+02
9.700000000000000000e+02 1.500105844924716223e+02
9.710000000000000000e+02 1.521211506952551815e+02
9.720000000000000000e+02 1.542570946233348081e+02
9.730000000000000000e+02 1.564186644782179485e+02
9.740000000000000000e+02 1.586061102553208855e+02
9.750000000000000000e+02 1.608196837512118407e+02
9.760000000000000000e+02 1.630596385708412868e+02
9.770000000000000000e+02 1.653262301347618290e+02
9.780000000000000000e+02 1.676197156863361215e+02
9.790000000000000000e+02 1.699403542989337268e+02
9.800000000000000000e+02 1.722884068831151865e+02
9.810000000000000000e+02 1.746641361938037278e+02
9.820000000000000000e+02 1.770678068374453460e+02
9.830000000000000000e+02 1.794996852791560116e+02
9.840000000000000000e+02 1.819600398498536151e+02
9.850000000000000000e+02 1.844491407533809308e+02
9.860000000000000000e+02 1.869672600736107029e+02
9.870000000000000000e+02 1.895146717815404145e+02
9.880000000000000000e+02 1.920916517423706296e+02
9.890000000000000000e+02 1.946984777225706296e+02
9.900000000000000000e+02 1.973354293969292144e+02
9.910000000000000000e+02 2.000027883555905817e+02
9.920000000000000000e+02 2.027008381110752850e+02
9.930000000000000000e+02 2.054298641052865264e+02
9.940000000000000000e+02 2.081901537165007596e+02
9.950000000000000000e+02 2.109819962663422928e+02
9.960000000000000000e+02 2.138056830267426562e+02
9.970000000000000000e+02 2.166615072268833160e+02
9.980000000000000000e+02 2.195497640601232945e+02
9.990000000000000000e+02 2.224707506909081189e+02
