# BB temperature (K); Intensity through filter (ph/s/m^2/mas^2)
1.000000000000000000e+01 0.000000000000000000e+00
1.100000000000000000e+01 0.000000000000000000e+00
1.200000000000000000e+01 0.000000000000000000e+00
1.300000000000000000e+01 0.000000000000000000e+00
1.400000000000000000e+01 0.000000000000000000e+00
1.500000000000000000e+01 0.000000000000000000e+00
1.600000000000000000e+01 0.000000000000000000e+00
1.700000000000000000e+01 0.000000000000000000e+00
1.800000000000000000e+01 0.000000000000000000e+00
1.900000000000000000e+01 0.000000000000000000e+00
2.000000000000000000e+01 0.000000000000000000e+00
2.100000000000000000e+01 1.746367562632602517e-111
2.200000000000000000e+01 2.287134210245301400e-106
2.300000000000000000e+01 1.076981265490192783e-101
2.400000000000000000e+01 2.072027899526969377e-97
2.500000000000000000e+01 1.813355265975227670e-93
2.600000000000000000e+01 7.905427143513588648e-90
2.700000000000000000e+01 1.854953658114503045e-86
2.800000000000000000e+01 2.503311252754935944e-83
2.900000000000000000e+01 2.057339618103405577e-80
3.000000000000000000e+01 1.082008222443990666e-77
3.100000000000000000e+01 3.802205240860927362e-75
3.200000000000000000e+01 9.270962649701737888e-73
3.300000000000000000e+01 1.621489600957676752e-70
3.400000000000000000e+01 2.094708836234047506e-68
3.500000000000000000e+01 2.051256668105273966e-66
3.600000000000000000e+01 1.558182569360648031e-64
3.700000000000000000e+01 9.372413289816720865e-63
3.800000000000000000e+01 4.546865115287914270e-61
3.900000000000000000e+01 1.808729452364522939e-59
4.000000000000000000e+01 5.988146081326807993e-58
4.100000000000000000e+01 1.672226738453596746e-56
4.200000000000000000e+01 3.987072026998270278e-55
4.300000000000000000e+01 8.206370932910214535e-54
4.400000000000000000e+01 1.472766539939864516e-52
4.500000000000000000e+01 2.325753899704876479e-51
4.600000000000000000e+01 3.258801156689449636e-50
4.700000000000000000e+01 4.082496239872759763e-49
4.800000000000000000e+01 4.604702333797616939e-48
4.900000000000000000e+01 4.706214516847151984e-47
5.000000000000000000e+01 4.384298419171491931e-46
5.100000000000000000e+01 3.743257249835727813e-45
5.200000000000000000e+01 2.943755876168480242e-44
5.300000000000000000e+01 2.142265877407557979e-43
5.400000000000000000e+01 1.448878894602361643e-42
5.500000000000000000e+01 9.143446690328278557e-42
5.600000000000000000e+01 5.404000133143804447e-41
5.700000000000000000e+01 3.001539196753528579e-40
5.800000000000000000e+01 1.571768599372855325e-39
5.900000000000000000e+01 7.783008163202856660e-39
6.000000000000000000e+01 3.654538768535515606e-38
6.100000000000000000e+01 1.631459982574687257e-37
6.200000000000000000e+01 6.941265038086230998e-37
6.300000000000000000e+01 2.821055170214940339e-36
6.400000000000000000e+01 1.097553612870288904e-35
6.500000000000000000e+01 4.095947696620561747e-35
6.600000000000000000e+01 1.468987115858965423e-34
6.700000000000000000e+01 5.072102457548013848e-34
6.800000000000000000e+01 1.688848523970569863e-33
6.900000000000000000e+01 5.431380081381666274e-33
7.000000000000000000e+01 1.689630095162715491e-32
7.100000000000000000e+01 5.091477862802314410e-32
7.200000000000000000e+01 1.488133624260398253e-31
7.300000000000000000e+01 4.224053861728085694e-31
7.400000000000000000e+01 1.165790938318479774e-30
7.500000000000000000e+01 3.131861083407539132e-30
7.600000000000000000e+01 8.198533653263244623e-30
7.700000000000000000e+01 2.093433262915246321e-29
7.800000000000000000e+01 5.218987675840697230e-29
7.900000000000000000e+01 1.271486133929899002e-28
8.000000000000000000e+01 3.029768980441642480e-28
8.100000000000000000e+01 7.067011493374914805e-28
8.200000000000000000e+01 1.614838188596276588e-27
8.300000000000000000e+01 3.617523833141579583e-27
8.400000000000000000e+01 7.950416687904684293e-27
8.500000000000000000e+01 1.715366737053919444e-26
8.600000000000000000e+01 3.635729807816799864e-26
8.700000000000000000e+01 7.574602661940213777e-26
8.800000000000000000e+01 1.552086026242325079e-25
8.900000000000000000e+01 3.129695156989104219e-25
9.000000000000000000e+01 6.213702763711433586e-25
9.100000000000000000e+01 1.215298032259033840e-24
9.200000000000000000e+01 2.342669747955292802e-24
9.300000000000000000e+01 4.452852019843033984e-24
9.400000000000000000e+01 8.349466282085160568e-24
9.500000000000000000e+01 1.545107133813947944e-23
9.600000000000000000e+01 2.823035472685327601e-23
9.700000000000000000e+01 5.094516895076953939e-23
9.800000000000000000e+01 9.084116997684986269e-23
9.900000000000000000e+01 1.601079725213243927e-22
1.000000000000000000e+02 2.790261585526492027e-22
1.010000000000000000e+02 4.809764610290397858e-22
1.020000000000000000e+02 8.203311376618607811e-22
1.030000000000000000e+02 1.384762080943370451e-21
1.040000000000000000e+02 2.314252229274061965e-21
1.050000000000000000e+02 3.830185824790690893e-21
1.060000000000000000e+02 6.279455883934373052e-21
1.070000000000000000e+02 1.020075062168618779e-20
1.080000000000000000e+02 1.642331706104440702e-20
1.090000000000000000e+02 2.621288851373875234e-20
1.100000000000000000e+02 4.148555405795121711e-20
1.110000000000000000e+02 6.511873828662043241e-20
1.120000000000000000e+02 1.013999294390042108e-19
1.130000000000000000e+02 1.566693600008590404e-19
1.140000000000000000e+02 2.402338195440766276e-19
1.150000000000000000e+02 3.656568509380469659e-19
1.160000000000000000e+02 5.525678976184495770e-19
1.170000000000000000e+02 8.291822541308248561e-19
1.180000000000000000e+02 1.235788351905085594e-18
1.190000000000000000e+02 1.829543274652588384e-18
1.200000000000000000e+02 2.691026774593065559e-18
1.210000000000000000e+02 3.933145043582740655e-18
1.220000000000000000e+02 5.713156185426542541e-18
1.230000000000000000e+02 8.248819643880222719e-18
1.240000000000000000e+02 1.183996381136994310e-17
1.250000000000000000e+02 1.689713424757254543e-17
1.260000000000000000e+02 2.397944691025306421e-17
1.270000000000000000e+02 3.384434754081716563e-17
1.280000000000000000e+02 4.751269487502946506e-17
1.290000000000000000e+02 6.635347133935458246e-17
1.300000000000000000e+02 9.219351537470506791e-17
1.310000000000000000e+02 1.274590056660108431e-16
1.320000000000000000e+02 1.753570575072529015e-16
1.330000000000000000e+02 2.401077713975904299e-16
1.340000000000000000e+02 3.272394688196139827e-16
1.350000000000000000e+02 4.439627351690287534e-16
1.360000000000000000e+02 5.996423514752363427e-16
1.370000000000000000e+02 8.063903339896518147e-16
1.380000000000000000e+02 1.079808227069058512e-15
1.390000000000000000e+02 1.439912638719253042e-15
1.400000000000000000e+02 1.912284915481740677e-15
1.410000000000000000e+02 2.529493988630981282e-15
1.420000000000000000e+02 3.332850972047479343e-15
1.430000000000000000e+02 4.374565261188861180e-15
1.440000000000000000e+02 5.720384904158024283e-15
1.450000000000000000e+02 7.452819148120028931e-15
1.460000000000000000e+02 9.675058593734918098e-15
1.470000000000000000e+02 1.251572863375044255e-14
1.480000000000000000e+02 1.613463515886478646e-14
1.490000000000000000e+02 2.072968826851505585e-14
1.500000000000000000e+02 2.654522034727389097e-14
1.510000000000000000e+02 3.388194981888455926e-14
1.520000000000000000e+02 4.310888167053356638e-14
1.530000000000000000e+02 5.467748099376882497e-14
1.540000000000000000e+02 6.913850690467208547e-14
1.550000000000000000e+02 8.716195192070889556e-14
1.560000000000000000e+02 1.095605968702188778e-13
1.570000000000000000e+02 1.373177644285076920e-13
1.580000000000000000e+02 1.716199361998856062e-13
1.590000000000000000e+02 2.138949897393110645e-13
1.600000000000000000e+02 2.658569139269426226e-13
1.610000000000000000e+02 3.295579746262243781e-13
1.620000000000000000e+02 4.074494285801698834e-13
1.630000000000000000e+02 5.024520230977284462e-13
1.640000000000000000e+02 6.180376733766202136e-13
1.650000000000000000e+02 7.583238794827425182e-13
1.660000000000000000e+02 9.281826322986611432e-13
1.670000000000000000e+02 1.133365763461415329e-12
1.680000000000000000e+02 1.380648919785718137e-12
1.690000000000000000e+02 1.677996589320668521e-12
1.700000000000000000e+02 2.034750875477987295e-12
1.710000000000000000e+02 2.461847009111135894e-12
1.720000000000000000e+02 2.972058907580867907e-12
1.730000000000000000e+02 3.580278436324317123e-12
1.740000000000000000e+02 4.303832403906787383e-12
1.750000000000000000e+02 5.162841727674147721e-12
1.760000000000000000e+02 6.180627645673252017e-12
1.770000000000000000e+02 7.384170323235760083e-12
1.780000000000000000e+02 8.804625711324933965e-12
1.790000000000000000e+02 1.047790706024751010e-11
1.800000000000000000e+02 1.244533807847707396e-11
1.810000000000000000e+02 1.475438535397912390e-11
1.820000000000000000e+02 1.745947832643895063e-11
1.830000000000000000e+02 2.062292581504374443e-11
1.840000000000000000e+02 2.431593886982983566e-11
1.850000000000000000e+02 2.861977052693586076e-11
1.860000000000000000e+02 3.362698391125240767e-11
1.870000000000000000e+02 3.944286104575234073e-11
1.880000000000000000e+02 4.618696569702547203e-11
1.890000000000000000e+02 5.399487461298938715e-11
1.900000000000000000e+02 6.302009259312950347e-11
1.910000000000000000e+02 7.343616797561022275e-11
1.920000000000000000e+02 8.543902633081901892e-11
1.930000000000000000e+02 9.924954141890741655e-11
1.940000000000000000e+02 1.151163638011748293e-10
1.950000000000000000e+02 1.333190288931090199e-10
1.960000000000000000e+02 1.541713677118834644e-10
1.970000000000000000e+02 1.780252451043580041e-10
1.980000000000000000e+02 2.052746518442777465e-10
1.990000000000000000e+02 2.363601786604570201e-10
2.000000000000000000e+02 2.717739020022124231e-10
2.010000000000000000e+02 3.120647131649712788e-10
2.020000000000000000e+02 3.578441242885516731e-10
2.030000000000000000e+02 4.097925867036460164e-10
2.040000000000000000e+02 4.686663591389784086e-10
2.050000000000000000e+02 5.353049654127893813e-10
2.060000000000000000e+02 6.106392834178392266e-10
2.070000000000000000e+02 6.957003094691114732e-10
2.080000000000000000e+02 7.916286444176546614e-10
2.090000000000000000e+02 8.996847503423021271e-10
2.100000000000000000e+02 1.021260029112904397e-09
2.110000000000000000e+02 1.157888776673654636e-09
2.120000000000000000e+02 1.311261069522300806e-09
2.130000000000000000e+02 1.483236642559724532e-09
2.140000000000000000e+02 1.675859820253384101e-09
2.150000000000000000e+02 1.891375565896357862e-09
2.160000000000000000e+02 2.132246716649778956e-09
2.170000000000000000e+02 2.401172475028892441e-09
2.180000000000000000e+02 2.701108230530027316e-09
2.190000000000000000e+02 3.035286788195803424e-09
2.200000000000000000e+02 3.407241084076864459e-09
2.210000000000000000e+02 3.820828470768262540e-09
2.220000000000000000e+02 4.280256659475121510e-09
2.230000000000000000e+02 4.790111408393165254e-09
2.240000000000000000e+02 5.355386050572333331e-09
2.250000000000000000e+02 5.981512957863968515e-09
2.260000000000000000e+02 6.674397041030650579e-09
2.270000000000000000e+02 7.440451389620498711e-09
2.280000000000000000e+02 8.286635158771511250e-09
2.290000000000000000e+02 9.220493813713249429e-09
2.300000000000000000e+02 1.025020184637029818e-08
2.310000000000000000e+02 1.138460808214109763e-08
2.320000000000000000e+02 1.263328369862385350e-08
2.330000000000000000e+02 1.400657308178572497e-08
2.340000000000000000e+02 1.551564764881857014e-08
2.350000000000000000e+02 1.717256277069152571e-08
2.360000000000000000e+02 1.899031793119501947e-08
2.370000000000000000e+02 2.098292026306837362e-08
2.380000000000000000e+02 2.316545160561199462e-08
2.390000000000000000e+02 2.555413923200275078e-08
2.400000000000000000e+02 2.816643039835307060e-08
2.410000000000000000e+02 3.102107087038056287e-08
2.420000000000000000e+02 3.413818758738099375e-08
2.430000000000000000e+02 3.753937562702212131e-08
2.440000000000000000e+02 4.124778963829773338e-08
2.450000000000000000e+02 4.528823991379699905e-08
2.460000000000000000e+02 4.968729327625447293e-08
2.470000000000000000e+02 5.447337895814781672e-08
2.480000000000000000e+02 5.967689965690471899e-08
2.490000000000000000e+02 6.533034795206597714e-08
2.500000000000000000e+02 7.146842827452804274e-08
2.510000000000000000e+02 7.812818462175798593e-08
2.520000000000000000e+02 8.534913421663689695e-08
2.530000000000000000e+02 9.317340731134322937e-08
2.540000000000000000e+02 1.016458933414447694e-07
2.550000000000000000e+02 1.108143936391208472e-07
2.560000000000000000e+02 1.207297809181963334e-07
2.570000000000000000e+02 1.314461657474348040e-07
2.580000000000000000e+02 1.430210702323208184e-07
2.590000000000000000e+02 1.555156091293589632e-07
2.600000000000000000e+02 1.689946786207460924e-07
2.610000000000000000e+02 1.835271529811330015e-07
2.620000000000000000e+02 1.991860893720997734e-07
2.630000000000000000e+02 2.160489410039226912e-07
2.640000000000000000e+02 2.341977789082427037e-07
2.650000000000000000e+02 2.537195225693411212e-07
2.660000000000000000e+02 2.747061796659260393e-07
2.670000000000000000e+02 2.972550951796341924e-07
2.680000000000000000e+02 3.214692101308822330e-07
2.690000000000000000e+02 3.474573302072607218e-07
2.700000000000000000e+02 3.753344045544124463e-07
2.710000000000000000e+02 4.052218150042358441e-07
2.720000000000000000e+02 4.372476760203941858e-07
2.730000000000000000e+02 4.715471456464617165e-07
2.740000000000000000e+02 5.082627477476651153e-07
2.750000000000000000e+02 5.475447058430891741e-07
2.760000000000000000e+02 5.895512888314532009e-07
2.770000000000000000e+02 6.344491689201641502e-07
2.780000000000000000e+02 6.824137920743308189e-07
2.790000000000000000e+02 7.336297613098687052e-07
2.800000000000000000e+02 7.882912331626986171e-07
2.810000000000000000e+02 8.466023276744900541e-07
2.820000000000000000e+02 9.087775522443694050e-07
2.830000000000000000e+02 9.750422397056301110e-07
2.840000000000000000e+02 1.045633000996767676e-06
2.850000000000000000e+02 1.120798192807153085e-06
2.860000000000000000e+02 1.200798400589490381e-06
2.870000000000000000e+02 1.285906937343813755e-06
2.880000000000000000e+02 1.376410358591390519e-06
2.890000000000000000e+02 1.472608993971433291e-06
2.900000000000000000e+02 1.574817495909174230e-06
2.910000000000000000e+02 1.683365405820593475e-06
2.920000000000000000e+02 1.798597738337143755e-06
2.930000000000000000e+02 1.920875584053073444e-06
2.940000000000000000e+02 2.050576731318701105e-06
2.950000000000000000e+02 2.188096307625209957e-06
2.960000000000000000e+02 2.333847441150325093e-06
2.970000000000000000e+02 2.488261943059789596e-06
2.980000000000000000e+02 2.651791011186887092e-06
2.990000000000000000e+02 2.824905955741490047e-06
3.000000000000000000e+02 3.008098947731499071e-06
3.010000000000000000e+02 3.201883790812959841e-06
3.020000000000000000e+02 3.406796717320960254e-06
3.030000000000000000e+02 3.623397209271692853e-06
3.040000000000000000e+02 3.852268845166768833e-06
3.050000000000000000e+02 4.094020173474540376e-06
3.060000000000000000e+02 4.349285613709478421e-06
3.070000000000000000e+02 4.618726386080224323e-06
3.080000000000000000e+02 4.903031470729476126e-06
3.090000000000000000e+02 5.202918597644990388e-06
3.100000000000000000e+02 5.519135268380481960e-06
3.110000000000000000e+02 5.852459810788513965e-06
3.120000000000000000e+02 6.203702468034748312e-06
3.130000000000000000e+02 6.573706523234141400e-06
3.140000000000000000e+02 6.963349461125403708e-06
3.150000000000000000e+02 7.373544168280167080e-06
3.160000000000000000e+02 7.805240173428166866e-06
3.170000000000000000e+02 8.259424929569653557e-06
3.180000000000000000e+02 8.737125139641197576e-06
3.190000000000000000e+02 9.239408127601590271e-06
3.200000000000000000e+02 9.767383256910560526e-06
3.210000000000000000e+02 1.032220339848506853e-05
3.220000000000000000e+02 1.090506645033610696e-05
3.230000000000000000e+02 1.151721691121347482e-05
3.240000000000000000e+02 1.215994751071727936e-05
3.250000000000000000e+02 1.283460089847320807e-05
3.260000000000000000e+02 1.354257139511387537e-05
3.270000000000000000e+02 1.428530680796180090e-05
3.280000000000000000e+02 1.506431031447011415e-05
3.290000000000000000e+02 1.588114241664627174e-05
3.300000000000000000e+02 1.673742296986110368e-05
3.310000000000000000e+02 1.763483328963197220e-05
3.320000000000000000e+02 1.857511834016362757e-05
3.330000000000000000e+02 1.956008900863508336e-05
3.340000000000000000e+02 2.059162446943502093e-05
3.350000000000000000e+02 2.167167464277254115e-05
3.360000000000000000e+02 2.280226275232479370e-05
3.370000000000000000e+02 2.398548798682830207e-05
3.380000000000000000e+02 2.522352827077776116e-05
3.390000000000000000e+02 2.651864314966347606e-05
3.400000000000000000e+02 2.787317679545895464e-05
3.410000000000000000e+02 2.928956113836202375e-05
3.420000000000000000e+02 3.077031913109736731e-05
3.430000000000000000e+02 3.231806815240586970e-05
3.440000000000000000e+02 3.393552355667736809e-05
3.450000000000000000e+02 3.562550237702764475e-05
3.460000000000000000e+02 3.739092718947937492e-05
3.470000000000000000e+02 3.923483014628002303e-05
3.480000000000000000e+02 4.116035718677785507e-05
3.490000000000000000e+02 4.317077243468046290e-05
3.500000000000000000e+02 4.526946279093974231e-05
3.510000000000000000e+02 4.745994273194229570e-05
3.520000000000000000e+02 4.974585932313627486e-05
3.530000000000000000e+02 5.213099745869449519e-05
3.540000000000000000e+02 5.461928533829966650e-05
3.550000000000000000e+02 5.721480019264190916e-05
3.560000000000000000e+02 5.992177426974036104e-05
3.570000000000000000e+02 6.274460109474242918e-05
3.580000000000000000e+02 6.568784201641286226e-05
3.590000000000000000e+02 6.875623305410512504e-05
3.600000000000000000e+02 7.195469205960681525e-05
3.610000000000000000e+02 7.528832620886890571e-05
3.620000000000000000e+02 7.876243983927099142e-05
3.630000000000000000e+02 8.238254264873466127e-05
3.640000000000000000e+02 8.615435827367945703e-05
3.650000000000000000e+02 9.008383326352309341e-05
3.660000000000000000e+02 9.417714647015176560e-05
3.670000000000000000e+02 9.844071887153909119e-05
3.680000000000000000e+02 1.028812238494631963e-04
3.690000000000000000e+02 1.075055979420700927e-04
3.700000000000000000e+02 1.123210520928503216e-04
3.710000000000000000e+02 1.173350834184423746e-04
3.720000000000000000e+02 1.225554875185454391e-04
3.730000000000000000e+02 1.279903713521190578e-04
3.740000000000000000e+02 1.336481667049672591e-04
3.750000000000000000e+02 1.395376442747519458e-04
3.760000000000000000e+02 1.456679284004518257e-04
3.770000000000000000e+02 1.520485124642821694e-04
3.780000000000000000e+02 1.586892749951170892e-04
3.790000000000000000e+02 1.656004965035095980e-04
3.800000000000000000e+02 1.727928770794828620e-04
3.810000000000000000e+02 1.802775547853789683e-04
3.820000000000000000e+02 1.880661248771835973e-04
3.830000000000000000e+02 1.961706598889141151e-04
3.840000000000000000e+02 2.046037306158495644e-04
3.850000000000000000e+02 2.133784280336070282e-04
3.860000000000000000e+02 2.225083861913181331e-04
3.870000000000000000e+02 2.320078061184440267e-04
3.880000000000000000e+02 2.418914807860779610e-04
3.890000000000000000e+02 2.521748211649247695e-04
3.900000000000000000e+02 2.628738834235225968e-04
3.910000000000000000e+02 2.740053973116700174e-04
3.920000000000000000e+02 2.855867957754580069e-04
3.930000000000000000e+02 2.976362458517690587e-04
3.940000000000000000e+02 3.101726808916005864e-04
3.950000000000000000e+02 3.232158341630967388e-04
3.960000000000000000e+02 3.367862738867268804e-04
3.970000000000000000e+02 3.509054397566444992e-04
3.980000000000000000e+02 3.655956810038699665e-04
3.990000000000000000e+02 3.808802960586027625e-04
4.000000000000000000e+02 3.967835738706461520e-04
4.010000000000000000e+02 4.133308369486403313e-04
4.020000000000000000e+02 4.305484861805550689e-04
4.030000000000000000e+02 4.484640474996595683e-04
4.040000000000000000e+02 4.671062204620083595e-04
4.050000000000000000e+02 4.865049288033145491e-04
4.060000000000000000e+02 5.066913730449601342e-04
4.070000000000000000e+02 5.276980852207981392e-04
4.080000000000000000e+02 5.495589857983320834e-04
4.090000000000000000e+02 5.723094428698341334e-04
4.100000000000000000e+02 5.959863336909522122e-04
4.110000000000000000e+02 6.206281086463974559e-04
4.120000000000000000e+02 6.462748577243540658e-04
4.130000000000000000e+02 6.729683795833520804e-04
4.140000000000000000e+02 7.007522532974620137e-04
4.150000000000000000e+02 7.296719128678272152e-04
4.160000000000000000e+02 7.597747245907258062e-04
4.170000000000000000e+02 7.911100673745749198e-04
4.180000000000000000e+02 8.237294161005256042e-04
4.190000000000000000e+02 8.576864281235712902e-04
4.200000000000000000e+02 8.930370330133937306e-04
4.210000000000000000e+02 9.298395256364985328e-04
4.220000000000000000e+02 9.681546626835477263e-04
4.230000000000000000e+02 1.008045762748187475e-03
4.240000000000000000e+02 1.049578810066078465e-03
4.250000000000000000e+02 1.092822562025274214e-03
4.260000000000000000e+02 1.137848660561564763e-03
4.270000000000000000e+02 1.184731747554889584e-03
4.280000000000000000e+02 1.233549584345452902e-03
4.290000000000000000e+02 1.284383175490699932e-03
4.300000000000000000e+02 1.337316896886899019e-03
4.310000000000000000e+02 1.392438628381657221e-03
4.320000000000000000e+02 1.449839891006320450e-03
4.330000000000000000e+02 1.509615988959830436e-03
4.340000000000000000e+02 1.571866156478297655e-03
4.350000000000000000e+02 1.636693709727213460e-03
4.360000000000000000e+02 1.704206203855936682e-03
4.370000000000000000e+02 1.774515595356808504e-03
4.380000000000000000e+02 1.847738409873998702e-03
4.390000000000000000e+02 1.923995915609956735e-03
4.400000000000000000e+02 2.003414302480104568e-03
4.410000000000000000e+02 2.086124867169217908e-03
4.420000000000000000e+02 2.172264204245764104e-03
4.430000000000000000e+02 2.261974403493289924e-03
4.440000000000000000e+02 2.355403253620800847e-03
4.450000000000000000e+02 2.452704452516924535e-03
4.460000000000000000e+02 2.554037824215558104e-03
4.470000000000000000e+02 2.659569542743553741e-03
4.480000000000000000e+02 2.769472363023912399e-03
4.490000000000000000e+02 2.883925859010866202e-03
4.500000000000000000e+02 3.003116669236139714e-03
4.510000000000000000e+02 3.127238749948660530e-03
4.520000000000000000e+02 3.256493636032822825e-03
4.530000000000000000e+02 3.391090709893500137e-03
4.540000000000000000e+02 3.531247478498792183e-03
4.550000000000000000e+02 3.677189858774636017e-03
4.560000000000000000e+02 3.829152471548165695e-03
4.570000000000000000e+02 3.987378944239872679e-03
4.580000000000000000e+02 4.152122222507433763e-03
4.590000000000000000e+02 4.323644891047132531e-03
4.600000000000000000e+02 4.502219503761761485e-03
4.610000000000000000e+02 4.688128923506781204e-03
4.620000000000000000e+02 4.881666671629670065e-03
4.630000000000000000e+02 5.083137287520069977e-03
4.640000000000000000e+02 5.292856698391671180e-03
4.650000000000000000e+02 5.511152599519347425e-03
4.660000000000000000e+02 5.738364845158345356e-03
4.670000000000000000e+02 5.974845850375034607e-03
4.680000000000000000e+02 6.220961004021793861e-03
4.690000000000000000e+02 6.477089093091488621e-03
4.700000000000000000e+02 6.743622738689966298e-03
4.710000000000000000e+02 7.020968843867752412e-03
4.720000000000000000e+02 7.309549053555334033e-03
4.730000000000000000e+02 7.609800226848866846e-03
4.740000000000000000e+02 7.922174921896438238e-03
4.750000000000000000e+02 8.247141893637552346e-03
4.760000000000000000e+02 8.585186604651569992e-03
4.770000000000000000e+02 8.936811749373425526e-03
4.780000000000000000e+02 9.302537791937990491e-03
4.790000000000000000e+02 9.682903517916965908e-03
4.800000000000000000e+02 1.007846660021521727e-02
4.810000000000000000e+02 1.048980417939597391e-02
4.820000000000000000e+02 1.091751345870711418e-02
4.830000000000000000e+02 1.136221231408347798e-02
4.840000000000000000e+02 1.182453991940276422e-02
4.850000000000000000e+02 1.230515738727517606e-02
4.860000000000000000e+02 1.280474842564969552e-02
4.870000000000000000e+02 1.332402001052221570e-02
4.880000000000000000e+02 1.386370307503367871e-02
4.890000000000000000e+02 1.442455321524840905e-02
4.900000000000000000e+02 1.500735141290570826e-02
4.910000000000000000e+02 1.561290477544015690e-02
4.920000000000000000e+02 1.624204729356809249e-02
4.930000000000000000e+02 1.689564061674079729e-02
4.940000000000000000e+02 1.757457484676660034e-02
4.950000000000000000e+02 1.827976934990683394e-02
4.960000000000000000e+02 1.901217358775269400e-02
4.970000000000000000e+02 1.977276796719216329e-02
4.980000000000000000e+02 2.056256470977873077e-02
4.990000000000000000e+02 2.138260874081516008e-02
5.000000000000000000e+02 2.223397859846832150e-02
5.010000000000000000e+02 2.311778736323253855e-02
5.020000000000000000e+02 2.403518360806155760e-02
5.030000000000000000e+02 2.498735236949061606e-02
5.040000000000000000e+02 2.597551614007204135e-02
5.050000000000000000e+02 2.700093588245063014e-02
5.060000000000000000e+02 2.806491206540510236e-02
5.070000000000000000e+02 2.916878572218550500e-02
5.080000000000000000e+02 3.031393953147702713e-02
5.090000000000000000e+02 3.150179892132268233e-02
5.100000000000000000e+02 3.273383319633899058e-02
5.110000000000000000e+02 3.401155668856019332e-02
5.120000000000000000e+02 3.533652993224823541e-02
5.130000000000000000e+02 3.671036086300707990e-02
5.140000000000000000e+02 3.813470604154108046e-02
5.150000000000000000e+02 3.961127190239902007e-02
5.160000000000000000e+02 4.114181602804612564e-02
5.170000000000000000e+02 4.272814844860806094e-02
5.180000000000000000e+02 4.437213296763154596e-02
5.190000000000000000e+02 4.607568851420791589e-02
5.200000000000000000e+02 4.784079052180648800e-02
5.210000000000000000e+02 4.966947233416590252e-02
5.220000000000000000e+02 5.156382663859217230e-02
5.230000000000000000e+02 5.352600692701353635e-02
5.240000000000000000e+02 5.555822898514243408e-02
5.250000000000000000e+02 5.766277241009609006e-02
5.260000000000000000e+02 5.984198215682744876e-02
5.270000000000000000e+02 6.209827011371907290e-02
5.280000000000000000e+02 6.443411670769327859e-02
5.290000000000000000e+02 6.685207253919156489e-02
5.300000000000000000e+02 6.935476004737781142e-02
5.310000000000000000e+02 7.194487520591889840e-02
5.320000000000000000e+02 7.462518924969746559e-02
5.330000000000000000e+02 7.739855043281150537e-02
5.340000000000000000e+02 8.026788581821589497e-02
5.350000000000000000e+02 8.323620309935940431e-02
5.360000000000000000e+02 8.630659245417361680e-02
5.370000000000000000e+02 8.948222843176750763e-02
5.380000000000000000e+02 9.276637187218182701e-02
5.390000000000000000e+02 9.616237185955894828e-02
5.400000000000000000e+02 9.967366770908020479e-02
5.410000000000000000e+02 1.033037909880264033e-01
5.420000000000000000e+02 1.070563675713126217e-01
5.430000000000000000e+02 1.109351197318514393e-01
5.440000000000000000e+02 1.149438682660955668e-01
5.450000000000000000e+02 1.190865346551119586e-01
5.460000000000000000e+02 1.233671432615370128e-01
5.470000000000000000e+02 1.277898235627639156e-01
5.480000000000000000e+02 1.323588124207089323e-01
5.490000000000000000e+02 1.370784563885075191e-01
5.500000000000000000e+02 1.419532140544838839e-01
5.510000000000000000e+02 1.469876584237415906e-01
5.520000000000000000e+02 1.521864793377196712e-01
5.530000000000000000e+02 1.575544859320569813e-01
5.540000000000000000e+02 1.630966091331061130e-01
5.550000000000000000e+02 1.688179041934390889e-01
5.560000000000000000e+02 1.747235532666819302e-01
5.570000000000000000e+02 1.808188680220179090e-01
5.580000000000000000e+02 1.871092922986919982e-01
5.590000000000000000e+02 1.936004048008529432e-01
5.600000000000000000e+02 2.002979218330671052e-01
5.610000000000000000e+02 2.072077000768282051e-01
5.620000000000000000e+02 2.143357394083984513e-01
5.630000000000000000e+02 2.216881857583042348e-01
5.640000000000000000e+02 2.292713340128099964e-01
5.650000000000000000e+02 2.370916309576952263e-01
5.660000000000000000e+02 2.451556782646526489e-01
5.670000000000000000e+02 2.534702355206251978e-01
5.680000000000000000e+02 2.620422233003998347e-01
5.690000000000000000e+02 2.708787262827671016e-01
5.700000000000000000e+02 2.799869964105613507e-01
5.710000000000000000e+02 2.893744560948852684e-01
5.720000000000000000e+02 2.990487014638265606e-01
5.730000000000000000e+02 3.090175056559699152e-01
5.740000000000000000e+02 3.192888221590006737e-01
5.750000000000000000e+02 3.298707881936997488e-01
5.760000000000000000e+02 3.407717281436253853e-01
5.770000000000000000e+02 3.520001570307640937e-01
5.780000000000000000e+02 3.635647840374527928e-01
5.790000000000000000e+02 3.754745160748438337e-01
5.800000000000000000e+02 3.877384613981988415e-01
5.810000000000000000e+02 4.003659332692952599e-01
5.820000000000000000e+02 4.133664536662085554e-01
5.830000000000000000e+02 4.267497570407549068e-01
5.840000000000000000e+02 4.405257941238518993e-01
5.850000000000000000e+02 4.547047357790667821e-01
5.860000000000000000e+02 4.692969769046123618e-01
5.870000000000000000e+02 4.843131403840483795e-01
5.880000000000000000e+02 4.997640810859390048e-01
5.890000000000000000e+02 5.156608899127197443e-01
5.900000000000000000e+02 5.320148978990182353e-01
5.910000000000000000e+02 5.488376803596703990e-01
5.920000000000000000e+02 5.661410610876675964e-01
5.930000000000000000e+02 5.839371166022773174e-01
5.940000000000000000e+02 6.022381804475576139e-01
5.950000000000000000e+02 6.210568475414931511e-01
5.960000000000000000e+02 6.404059785759793622e-01
5.970000000000000000e+02 6.602987044678702011e-01
5.980000000000000000e+02 6.807484308612943291e-01
5.990000000000000000e+02 7.017688426814621128e-01
6.000000000000000000e+02 7.233739087401578338e-01
6.010000000000000000e+02 7.455778863931193934e-01
6.020000000000000000e+02 7.683953262494979120e-01
6.030000000000000000e+02 7.918410769335995081e-01
6.040000000000000000e+02 8.159302898990754560e-01
6.050000000000000000e+02 8.406784242957631159e-01
6.060000000000000000e+02 8.661012518893380641e-01
6.070000000000000000e+02 8.922148620339557246e-01
6.080000000000000000e+02 9.190356666980542544e-01
6.090000000000000000e+02 9.465804055434700048e-01
6.100000000000000000e+02 9.748661510580318712e-01
6.110000000000000000e+02 1.003910313741782856e+00
6.120000000000000000e+02 1.033730647346975617e+00
6.130000000000000000e+02 1.064345254171989108e+00
6.140000000000000000e+02 1.095772590409293867e+00
6.150000000000000000e+02 1.128031471547609854e+00
6.160000000000000000e+02 1.161141077828375945e+00
6.170000000000000000e+02 1.195120959756649670e+00
6.180000000000000000e+02 1.229991043666570638e+00
6.190000000000000000e+02 1.265771637341468470e+00
6.200000000000000000e+02 1.302483435688762459e+00
6.210000000000000000e+02 1.340147526469705808e+00
6.220000000000000000e+02 1.378785396084115877e+00
6.230000000000000000e+02 1.418418935410143966e+00
6.240000000000000000e+02 1.459070445699189200e+00
6.250000000000000000e+02 1.500762644526031364e+00
6.260000000000000000e+02 1.543518671794247954e+00
6.270000000000000000e+02 1.587362095796997385e+00
6.280000000000000000e+02 1.632316919333215655e+00
6.290000000000000000e+02 1.678407585879293951e+00
6.300000000000000000e+02 1.725658985816286739e+00
6.310000000000000000e+02 1.774096462712686506e+00
6.320000000000000000e+02 1.823745819662817125e+00
6.330000000000000000e+02 1.874633325680875817e+00
6.340000000000000000e+02 1.926785722150649027e+00
6.350000000000000000e+02 1.980230229330919967e+00
6.360000000000000000e+02 2.034994552916605581e+00
6.370000000000000000e+02 2.091106890655615835e+00
6.380000000000000000e+02 2.148595939021427093e+00
6.390000000000000000e+02 2.207490899941420892e+00
6.400000000000000000e+02 2.267821487580913509e+00
6.410000000000000000e+02 2.329617935182924260e+00
6.420000000000000000e+02 2.392911001963629047e+00
6.430000000000000000e+02 2.457731980063484034e+00
6.440000000000000000e+02 2.524112701553994143e+00
6.450000000000000000e+02 2.592085545500093957e+00
6.460000000000000000e+02 2.661683445078078858e+00
6.470000000000000000e+02 2.732939894749078835e+00
6.480000000000000000e+02 2.805888957487972402e+00
6.490000000000000000e+02 2.880565272067722837e+00
6.500000000000000000e+02 2.957004060399056833e+00
6.510000000000000000e+02 3.035241134925398487e+00
6.520000000000000000e+02 3.115312906073017363e+00
6.530000000000000000e+02 3.197256389756277795e+00
6.540000000000000000e+02 3.281109214937905971e+00
6.550000000000000000e+02 3.366909631244213497e+00
6.560000000000000000e+02 3.454696516635096692e+00
6.570000000000000000e+02 3.544509385128832957e+00
6.580000000000000000e+02 3.636388394581409056e+00
6.590000000000000000e+02 3.730374354520399116e+00
6.600000000000000000e+02 3.826508734033186254e+00
6.610000000000000000e+02 3.924833669709438588e+00
6.620000000000000000e+02 4.025391973637665544e+00
6.630000000000000000e+02 4.128227141455758087e+00
6.640000000000000000e+02 4.233383360455328592e+00
6.650000000000000000e+02 4.340905517739740205e+00
6.660000000000000000e+02 4.450839208435595218e+00
6.670000000000000000e+02 4.563230743957591429e+00
6.680000000000000000e+02 4.678127160326547518e+00
6.690000000000000000e+02 4.795576226540408271e+00
6.700000000000000000e+02 4.915626452998055562e+00
6.710000000000000000e+02 5.038327099975759005e+00
6.720000000000000000e+02 5.163728186156028244e+00
6.730000000000000000e+02 5.291880497208709677e+00
6.740000000000000000e+02 5.422835594424115335e+00
6.750000000000000000e+02 5.556645823397931672e+00
6.760000000000000000e+02 5.693364322767763497e+00
6.770000000000000000e+02 5.833045033000996860e+00
6.780000000000000000e+02 5.975742705233902718e+00
6.790000000000000000e+02 6.121512910161518661e+00
6.800000000000000000e+02 6.270412046978340648e+00
6.810000000000000000e+02 6.422497352369319401e+00
6.820000000000000000e+02 6.577826909551165002e+00
6.830000000000000000e+02 6.736459657363445430e+00
6.840000000000000000e+02 6.898455399409436417e+00
6.850000000000000000e+02 7.063874813246344253e+00
6.860000000000000000e+02 7.232779459624622653e+00
6.870000000000000000e+02 7.405231791776174965e+00
6.880000000000000000e+02 7.581295164751109539e+00
6.890000000000000000e+02 7.761033844802752490e+00
6.900000000000000000e+02 7.944513018820693162e+00
6.910000000000000000e+02 8.131798803811411958e+00
6.920000000000000000e+02 8.322958256426428392e+00
6.930000000000000000e+02 8.518059382537396473e+00
6.940000000000000000e+02 8.717171146858042619e+00
6.950000000000000000e+02 8.920363482612465589e+00
6.960000000000000000e+02 9.127707301249639471e+00
6.970000000000000000e+02 9.339274502203620543e+00
6.980000000000000000e+02 9.555137982699255517e+00
6.990000000000000000e+02 9.775371647602955960e+00
7.000000000000000000e+02 1.000005041931829552e+01
7.010000000000000000e+02 1.022925024772598945e+01
7.020000000000000000e+02 1.046304812016788510e+01
7.030000000000000000e+02 1.070152207147481427e+01
7.040000000000000000e+02 1.094475119403757368e+01
7.050000000000000000e+02 1.119281564792104966e+01
7.060000000000000000e+02 1.144579667102086873e+01
7.070000000000000000e+02 1.170377658926226871e+01
7.080000000000000000e+02 1.196683882684078881e+01
7.090000000000000000e+02 1.223506791650450864e+01
7.100000000000000000e+02 1.250854950987718262e+01
7.110000000000000000e+02 1.278737038782220914e+01
7.120000000000000000e+02 1.307161847084674378e+01
7.130000000000000000e+02 1.336138282954570045e+01
7.140000000000000000e+02 1.365675369508523751e+01
7.150000000000000000e+02 1.395782246972526508e+01
7.160000000000000000e+02 1.426468173738048328e+01
7.170000000000000000e+02 1.457742527421976320e+01
7.180000000000000000e+02 1.489614805930322028e+01
7.190000000000000000e+02 1.522094628525657001e+01
7.200000000000000000e+02 1.555191736898248145e+01
7.210000000000000000e+02 1.588915996240836215e+01
7.220000000000000000e+02 1.623277396327020838e+01
7.230000000000000000e+02 1.658286052593191329e+01
7.240000000000000000e+02 1.693952207223980011e+01
7.250000000000000000e+02 1.730286230241188150e+01
7.260000000000000000e+02 1.767298620596118042e+01
7.270000000000000000e+02 1.805000007265293860e+01
7.280000000000000000e+02 1.843401150349501449e+01
7.290000000000000000e+02 1.882512942176123261e+01
7.300000000000000000e+02 1.922346408404690976e+01
7.310000000000000000e+02 1.962912709135646594e+01
7.320000000000000000e+02 2.004223140022217819e+01
7.330000000000000000e+02 2.046289133385409897e+01
7.340000000000000000e+02 2.089122259332018672e+01
7.350000000000000000e+02 2.132734226875653860e+01
7.360000000000000000e+02 2.177136885060699711e+01
7.370000000000000000e+02 2.222342224089164731e+01
7.380000000000000000e+02 2.268362376450388851e+01
7.390000000000000000e+02 2.315209618053539131e+01
7.400000000000000000e+02 2.362896369362845661e+01
7.410000000000000000e+02 2.411435196535539305e+01
7.420000000000000000e+02 2.460838812562425559e+01
7.430000000000000000e+02 2.511120078411057222e+01
7.440000000000000000e+02 2.562292004171438720e+01
7.450000000000000000e+02 2.614367750204224805e+01
7.460000000000000000e+02 2.667360628291342550e+01
7.470000000000000000e+02 2.721284102789022086e+01
7.480000000000000000e+02 2.776151791783129141e+01
7.490000000000000000e+02 2.831977468246788021e+01
7.500000000000000000e+02 2.888775061200240302e+01
7.510000000000000000e+02 2.946558656872846527e+01
7.520000000000000000e+02 3.005342499867239070e+01
7.530000000000000000e+02 3.065140994325509993e+01
7.540000000000000000e+02 3.125968705097424660e+01
7.550000000000000000e+02 3.187840358910588279e+01
7.560000000000000000e+02 3.250770845542503906e+01
7.570000000000000000e+02 3.314775218994489592e+01
7.580000000000000000e+02 3.379868698667381466e+01
7.590000000000000000e+02 3.446066670538962740e+01
7.600000000000000000e+02 3.513384688343091966e+01
7.610000000000000000e+02 3.581838474750448853e+01
7.620000000000000000e+02 3.651443922550831189e+01
7.630000000000000000e+02 3.722217095836999334e+01
7.640000000000000000e+02 3.794174231189960267e+01
7.650000000000000000e+02 3.867331738865635060e+01
7.660000000000000000e+02 3.941706203982914758e+01
7.670000000000000000e+02 4.017314387712956147e+01
7.680000000000000000e+02 4.094173228469772141e+01
7.690000000000000000e+02 4.172299843101906447e+01
7.700000000000000000e+02 4.251711528085327529e+01
7.710000000000000000e+02 4.332425760717305963e+01
7.720000000000000000e+02 4.414460200311353333e+01
7.730000000000000000e+02 4.497832689393049321e+01
7.740000000000000000e+02 4.582561254896823755e+01
7.750000000000000000e+02 4.668664109363523806e+01
7.760000000000000000e+02 4.756159652138763505e+01
7.770000000000000000e+02 4.845066470572010786e+01
7.780000000000000000e+02 4.935403341216321849e+01
7.790000000000000000e+02 5.027189231028666683e+01
7.800000000000000000e+02 5.120443298570817348e+01
7.810000000000000000e+02 5.215184895210720839e+01
7.820000000000000000e+02 5.311433566324264177e+01
7.830000000000000000e+02 5.409209052497477899e+01
7.840000000000000000e+02 5.508531290728983265e+01
7.850000000000000000e+02 5.609420415632730084e+01
7.860000000000000000e+02 5.711896760640929216e+01
7.870000000000000000e+02 5.815980859207101616e+01
7.880000000000000000e+02 5.921693446009231820e+01
7.890000000000000000e+02 6.029055458152922142e+01
7.900000000000000000e+02 6.138088036374519874e+01
7.910000000000000000e+02 6.248812526244145005e+01
7.920000000000000000e+02 6.361250479368573707e+01
7.930000000000000000e+02 6.475423654593885203e+01
7.940000000000000000e+02 6.591354019207854265e+01
7.950000000000000000e+02 6.709063750142034621e+01
7.960000000000000000e+02 6.828575235173396152e+01
7.970000000000000000e+02 6.949911074125591881e+01
7.980000000000000000e+02 7.073094080069661516e+01
7.990000000000000000e+02 7.198147280524179337e+01
8.000000000000000000e+02 7.325093918654822289e+01
8.010000000000000000e+02 7.453957454473223265e+01
8.020000000000000000e+02 7.584761566035082581e+01
8.030000000000000000e+02 7.717530150637522013e+01
8.040000000000000000e+02 7.852287326015539293e+01
8.050000000000000000e+02 7.989057431537577258e+01
8.060000000000000000e+02 8.127865029400138042e+01
8.070000000000000000e+02 8.268734905821338543e+01
8.080000000000000000e+02 8.411692072233377360e+01
8.090000000000000000e+02 8.556761766473927366e+01
8.100000000000000000e+02 8.703969453976218063e+01
8.110000000000000000e+02 8.853340828957965414e+01
8.120000000000000000e+02 9.004901815608920401e+01
8.130000000000000000e+02 9.158678569277066117e+01
8.140000000000000000e+02 9.314697477653402302e+01
8.150000000000000000e+02 9.472985161955190847e+01
8.160000000000000000e+02 9.633568478107738997e+01
8.170000000000000000e+02 9.796474517924491465e+01
8.180000000000000000e+02 9.961730610285522403e+01
8.190000000000000000e+02 1.012936432231432349e+02
8.200000000000000000e+02 1.029940346055276592e+02
8.210000000000000000e+02 1.047187607213427043e+02
8.220000000000000000e+02 1.064681044595508439e+02
8.230000000000000000e+02 1.082423511384366321e+02
8.240000000000000000e+02 1.100417885172795138e+02
8.250000000000000000e+02 1.118667068080072653e+02
8.260000000000000000e+02 1.137173986868276074e+02
8.270000000000000000e+02 1.155941593058385308e+02
8.280000000000000000e+02 1.174972863046163525e+02
8.290000000000000000e+02 1.194270798217810068e+02
8.300000000000000000e+02 1.213838425065379880e+02
8.310000000000000000e+02 1.233678795301966602e+02
8.320000000000000000e+02 1.253794985976639822e+02
8.330000000000000000e+02 1.274190099589133780e+02
8.340000000000000000e+02 1.294867264204283117e+02
8.350000000000000000e+02 1.315829633566193877e+02
8.360000000000000000e+02 1.337080387212152459e+02
8.370000000000000000e+02 1.358622730586267267e+02
8.380000000000000000e+02 1.380459895152821446e+02
8.390000000000000000e+02 1.402595138509362016e+02
8.400000000000000000e+02 1.425031744499486308e+02
8.410000000000000000e+02 1.447773023325343900e+02
8.420000000000000000e+02 1.470822311659838988e+02
8.430000000000000000e+02 1.494182972758533765e+02
8.440000000000000000e+02 1.517858396571234039e+02
8.450000000000000000e+02 1.541851999853277277e+02
8.460000000000000000e+02 1.566167226276485565e+02
8.470000000000000000e+02 1.590807546539805912e+02
8.480000000000000000e+02 1.615776458479618896e+02
8.490000000000000000e+02 1.641077487179714467e+02
8.500000000000000000e+02 1.666714185080925290e+02
8.510000000000000000e+02 1.692690132090419866e+02
8.520000000000000000e+02 1.719008935690646354e+02
8.530000000000000000e+02 1.745674231047920557e+02
8.540000000000000000e+02 1.772689681120654939e+02
8.550000000000000000e+02 1.800058976767230376e+02
8.560000000000000000e+02 1.827785836853487922e+02
8.570000000000000000e+02 1.855874008359849938e+02
8.580000000000000000e+02 1.884327266488076020e+02
8.590000000000000000e+02 1.913149414767609926e+02
8.600000000000000000e+02 1.942344285161566972e+02
8.610000000000000000e+02 1.971915738172300223e+02
8.620000000000000000e+02 2.001867662946596624e+02
8.630000000000000000e+02 2.032203977380443689e+02
8.640000000000000000e+02 2.062928628223408509e+02
8.650000000000000000e+02 2.094045591182596979e+02
8.660000000000000000e+02 2.125558871026193799e+02
8.670000000000000000e+02 2.157472501686589226e+02
8.680000000000000000e+02 2.189790546363068700e+02
8.690000000000000000e+02 2.222517097624084386e+02
8.700000000000000000e+02 2.255656277509082486e+02
8.710000000000000000e+02 2.289212237629892854e+02
8.720000000000000000e+02 2.323189159271676374e+02
8.730000000000000000e+02 2.357591253493426109e+02
8.740000000000000000e+02 2.392422761228007175e+02
8.750000000000000000e+02 2.427687953381745274e+02
8.760000000000000000e+02 2.463391130933560191e+02
8.770000000000000000e+02 2.499536625033613291e+02
8.780000000000000000e+02 2.536128797101509633e+02
8.790000000000000000e+02 2.573172038924005278e+02
8.800000000000000000e+02 2.610670772752247899e+02
8.810000000000000000e+02 2.648629451398523429e+02
8.820000000000000000e+02 2.687052558332529770e+02
8.830000000000000000e+02 2.725944607777148576e+02
8.840000000000000000e+02 2.765310144803727894e+02
8.850000000000000000e+02 2.805153745426852652e+02
8.860000000000000000e+02 2.845480016698631403e+02
8.870000000000000000e+02 2.886293596802460115e+02
8.880000000000000000e+02 2.927599155146281760e+02
8.890000000000000000e+02 2.969401392455324071e+02
8.900000000000000000e+02 3.011705040864325724e+02
8.910000000000000000e+02 3.054514864009235566e+02
8.920000000000000000e+02 3.097835657118383779e+02
8.930000000000000000e+02 3.141672247103124960e+02
8.940000000000000000e+02 3.186029492647942334e+02
8.950000000000000000e+02 3.230912284300015358e+02
8.960000000000000000e+02 3.276325544558251295e+02
8.970000000000000000e+02 3.322274227961762563e+02
8.980000000000000000e+02 3.368763321177800663e+02
8.990000000000000000e+02 3.415797843089123944e+02
9.000000000000000000e+02 3.463382844880838434e+02
9.010000000000000000e+02 3.511523410126641238e+02
9.020000000000000000e+02 3.560224654874535872e+02
9.030000000000000000e+02 3.609491727731946753e+02
9.040000000000000000e+02 3.659329809950288563e+02
9.050000000000000000e+02 3.709744115508963773e+02
9.060000000000000000e+02 3.760739891198751366e+02
9.070000000000000000e+02 3.812322416704651573e+02
9.080000000000000000e+02 3.864497004688132051e+02
9.090000000000000000e+02 3.917269000868779472e+02
9.100000000000000000e+02 3.970643784105379837e+02
9.110000000000000000e+02 4.024626766476371245e+02
9.120000000000000000e+02 4.079223393359764032e+02
9.130000000000000000e+02 4.134439143512373676e+02
9.140000000000000000e+02 4.190279529148532447e+02
9.150000000000000000e+02 4.246750096018146223e+02
9.160000000000000000e+02 4.303856423484161837e+02
9.170000000000000000e+02 4.361604124599416537e+02
9.180000000000000000e+02 4.419998846182876377e+02
9.190000000000000000e+02 4.479046268895256731e+02
9.200000000000000000e+02 4.538752107314024329e+02
9.210000000000000000e+02 4.599122110007763808e+02
9.220000000000000000e+02 4.660162059609946823e+02
9.230000000000000000e+02 4.721877772892041776e+02
9.240000000000000000e+02 4.784275100835989747e+02
9.250000000000000000e+02 4.847359928706106302e+02
9.260000000000000000e+02 4.911138176120260823e+02
9.270000000000000000e+02 4.975615797120483421e+02
9.280000000000000000e+02 5.040798780242890302e+02
9.290000000000000000e+02 5.106693148586988968e+02
9.300000000000000000e+02 5.173304959884330856e+02
9.310000000000000000e+02 5.240640306566500612e+02
9.320000000000000000e+02 5.308705315832477254e+02
9.330000000000000000e+02 5.377506149715336505e+02
9.340000000000000000e+02 5.447049005148264769e+02
9.350000000000000000e+02 5.517340114029971119e+02
9.360000000000000000e+02 5.588385743289387619e+02
9.370000000000000000e+02 5.660192194949735267e+02
9.380000000000000000e+02 5.732765806191922593e+02
9.390000000000000000e+02 5.806112949417267828e+02
9.400000000000000000e+02 5.880240032309550315e+02
9.410000000000000000e+02 5.955153497896396857e+02
9.420000000000000000e+02 6.030859824610014357e+02
9.430000000000000000e+02 6.107365526347198283e+02
9.440000000000000000e+02 6.184677152528715851e+02
9.450000000000000000e+02 6.262801288157969566e+02
9.460000000000000000e+02 6.341744553879012756e+02
9.470000000000000000e+02 6.421513606033856831e+02
9.480000000000000000e+02 6.502115136719102111e+02
9.490000000000000000e+02 6.583555873841888797e+02
9.500000000000000000e+02 6.665842581175162422e+02
9.510000000000000000e+02 6.748982058412215110e+02
9.520000000000000000e+02 6.832981141220598147e+02
9.530000000000000000e+02 6.917846701295272851e+02
9.540000000000000000e+02 7.003585646411115704e+02
9.550000000000000000e+02 7.090204920474712935e+02
9.560000000000000000e+02 7.177711503575434335e+02
9.570000000000000000e+02 7.266112412035854504e+02
9.580000000000000000e+02 7.355414698461427179e+02
9.590000000000000000e+02 7.445625451789478575e+02
9.600000000000000000e+02 7.536751797337512926e+02
9.610000000000000000e+02 7.628800896850773370e+02
9.620000000000000000e+02 7.721779948549130950e+02
9.630000000000000000e+02 7.815696187173252838e+02
9.640000000000000000e+02 7.910556884030053197e+02
9.650000000000000000e+02 8.006369347037465332e+02
9.660000000000000000e+02 8.103140920768452133e+02
9.670000000000000000e+02 8.200878986494368519e+02
9.680000000000000000e+02 8.299590962227537148e+02
9.690000000000000000e+02 8.399284302763180676e+02
9.700000000000000000e+02 8.499966499720585489e+02
9.710000000000000000e+02 8.601645081583583305e+02
9.720000000000000000e+02 8.704327613740293828e+02
9.730000000000000000e+02 8.808021698522150018e+02
9.740000000000000000e+02 8.912734975242235578e+02
9.750000000000000000e+02 9.018475120232856170e+02
9.760000000000000000e+02 9.125249846882408065e+02
9.770000000000000000e+02 9.233066905671557834e+02
9.780000000000000000e+02 9.341934084208644435e+02
9.790000000000000000e+02 9.451859207264390079e+02
9.800000000000000000e+02 9.562850136805890315e+02
9.810000000000000000e+02 9.674914772029869710e+02
9.820000000000000000e+02 9.788061049395204236e+02
9.830000000000000000e+02 9.902296942654738814e+02
9.840000000000000000e+02 1.001763046288637611e+03
9.850000000000000000e+02 1.013406965852340022e+03
9.860000000000000000e+02 1.025162261538414214e+03
9.870000000000000000e+02 1.037029745670085049e+03
9.880000000000000000e+02 1.049010234314787795e+03
9.890000000000000000e+02 1.061104547286913657e+03
9.900000000000000000e+02 1.073313508150476764e+03
9.910000000000000000e+02 1.085637944221718044e+03
9.920000000000000000e+02 1.098078686571629760e+03
9.930000000000000000e+02 1.110636570028403185e+03
9.940000000000000000e+02 1.123312433179817162e+03
9.950000000000000000e+02 1.136107118375537084e+03
9.960000000000000000e+02 1.149021471729352925e+03
9.970000000000000000e+02 1.162056343121339069e+03
9.980000000000000000e+02 1.175212586199939778e+03
9.990000000000000000e+02 1.188491058383989866e+03
