# BB temperature (K); Intensity through filter (ph/s/m^2/mas^2)
1.000000000000000000e+01 0.000000000000000000e+00
1.100000000000000000e+01 0.000000000000000000e+00
1.200000000000000000e+01 0.000000000000000000e+00
1.300000000000000000e+01 0.000000000000000000e+00
1.400000000000000000e+01 0.000000000000000000e+00
1.500000000000000000e+01 0.000000000000000000e+00
1.600000000000000000e+01 0.000000000000000000e+00
1.700000000000000000e+01 0.000000000000000000e+00
1.800000000000000000e+01 0.000000000000000000e+00
1.900000000000000000e+01 0.000000000000000000e+00
2.000000000000000000e+01 0.000000000000000000e+00
2.100000000000000000e+01 2.730352499035852254e-28
2.200000000000000000e+01 8.940517432584356751e-27
2.300000000000000000e+01 2.165901508386461408e-25
2.400000000000000000e+01 4.030549086508324435e-24
2.500000000000000000e+01 5.946318665342284663e-23
2.600000000000000000e+01 7.143196137144905843e-22
2.700000000000000000e+01 7.147963827559257607e-21
2.800000000000000000e+01 6.075637591793552630e-20
2.900000000000000000e+01 4.460956523583459989e-19
3.000000000000000000e+01 2.870943187453942038e-18
3.100000000000000000e+01 1.640209772672383844e-17
3.200000000000000000e+01 8.411654011166293419e-17
3.300000000000000000e+01 3.910346458202891410e-16
3.400000000000000000e+01 1.662061249580103544e-15
3.500000000000000000e+01 6.508719406579999935e-15
3.600000000000000000e+01 2.364349026709752385e-14
3.700000000000000000e+01 8.015444251952393787e-14
3.800000000000000000e+01 2.549761594254811347e-13
3.900000000000000000e+01 7.647904708513891198e-13
4.000000000000000000e+01 2.172502483233083831e-12
4.100000000000000000e+01 5.867752373821213981e-12
4.200000000000000000e+01 1.512281032943075543e-11
4.300000000000000000e+01 3.731244898519710214e-11
4.400000000000000000e+01 8.839321525550193141e-11
4.500000000000000000e+01 2.016033503180351148e-10
4.600000000000000000e+01 4.437706233284627330e-10
4.700000000000000000e+01 9.448853324852760531e-10
4.800000000000000000e+01 1.950096088936817595e-09
4.900000000000000000e+01 3.908525501341746260e-09
5.000000000000000000e+01 7.620930212330227313e-09
5.100000000000000000e+01 1.447904674235393714e-08
5.200000000000000000e+01 2.684443293003050367e-08
5.300000000000000000e+01 4.863485394775052600e-08
5.400000000000000000e+01 8.621303705652469995e-08
5.500000000000000000e+01 1.497073175400373073e-07
5.600000000000000000e+01 2.549377932630313312e-07
5.700000000000000000e+01 4.261766105287247485e-07
5.800000000000000000e+01 7.000384160888105427e-07
5.900000000000000000e+01 1.130878244797531821e-06
6.000000000000000000e+01 1.798170434315457834e-06
6.100000000000000000e+01 2.816454610335296660e-06
6.200000000000000000e+01 4.348564119459120798e-06
6.300000000000000000e+01 6.622998897903345043e-06
6.400000000000000000e+01 9.956468637247708786e-06
6.500000000000000000e+01 1.478281277291031680e-05
6.600000000000000000e+01 2.168970032116057864e-05
6.700000000000000000e+01 3.146472347092592418e-05
6.800000000000000000e+01 4.515272214462298720e-05
6.900000000000000000e+01 6.412641004637725328e-05
7.000000000000000000e+01 9.017261314126203612e-05
7.100000000000000000e+01 1.255966757866484645e-04
7.200000000000000000e+01 1.733478342662577126e-04
7.300000000000000000e+01 2.371685984010040717e-04
7.400000000000000000e+01 3.217714151936490940e-04
7.500000000000000000e+01 4.330461099821279790e-04
7.600000000000000000e+01 5.783018062036001132e-04
7.700000000000000000e+01 7.665472105697026433e-04
7.800000000000000000e+01 1.008813312357997871e-03
7.900000000000000000e+01 1.318522680023058620e-03
8.000000000000000000e+01 1.711909642136654353e-03
8.100000000000000000e+01 2.208495709883216435e-03
8.200000000000000000e+01 2.831624632510161034e-03
8.300000000000000000e+01 3.609061473294087295e-03
8.400000000000000000e+01 4.573660050280581139e-03
8.500000000000000000e+01 5.764103002369918086e-03
8.600000000000000000e+01 7.225718616878660031e-03
8.700000000000000000e+01 9.011378389673051215e-03
8.800000000000000000e+01 1.118247908403539707e-02
8.900000000000000000e+01 1.381001281078471886e-02
9.000000000000000000e+01 1.697572837149629102e-02
9.100000000000000000e+01 2.077338679105519489e-02
9.200000000000000000e+01 2.531011361773450458e-02
9.300000000000000000e+01 3.070785019135123875e-02
9.400000000000000000e+01 3.710490567596036460e-02
9.500000000000000000e+01 4.465761122637871422e-02
9.600000000000000000e+01 5.354207721115697427e-02
9.700000000000000000e+01 6.395605395214204458e-02
9.800000000000000000e+01 7.612089596628783539e-02
9.900000000000000000e+01 9.028362921270084718e-02
1.000000000000000000e+02 1.067191203608630207e-01
1.010000000000000000e+02 1.257323466083118124e-01
1.020000000000000000e+02 1.476607640914368025e-01
1.030000000000000000e+02 1.728767724549970519e-01
1.040000000000000000e+02 2.017902726778356692e-01
1.050000000000000000e+02 2.348513147972325910e-01
1.060000000000000000e+02 2.725528317353460017e-01
1.070000000000000000e+02 3.154334550109590962e-01
1.080000000000000000e+02 3.640804077207344114e-01
1.090000000000000000e+02 4.191324697985916448e-01
1.100000000000000000e+02 4.812830102115879249e-01
1.110000000000000000e+02 5.512830804274678753e-01
1.120000000000000000e+02 6.299445631942395263e-01
1.130000000000000000e+02 7.181433704068506119e-01
1.140000000000000000e+02 8.168226836011425185e-01
1.150000000000000000e+02 9.269962304113447127e-01
1.160000000000000000e+02 1.049751590154789804e+00
1.170000000000000000e+02 1.186253521566422720e+00
1.180000000000000000e+02 1.337747305595909264e+00
1.190000000000000000e+02 1.505562096101450642e+00
1.200000000000000000e+02 1.691114271226265453e+00
1.210000000000000000e+02 1.895910778225423643e+00
1.220000000000000000e+02 2.121552464521519354e+00
1.230000000000000000e+02 2.369737387806518658e+00
1.240000000000000000e+02 2.642264098072980794e+00
1.250000000000000000e+02 2.941034884549418749e+00
1.260000000000000000e+02 3.268058980630704990e+00
1.270000000000000000e+02 3.625455720033485374e+00
1.280000000000000000e+02 4.015457637567435789e+00
1.290000000000000000e+02 4.440413508094048112e+00
1.300000000000000000e+02 4.902791317444202157e+00
1.310000000000000000e+02 5.405181159282302694e+00
1.320000000000000000e+02 5.950298052136854920e+00
1.330000000000000000e+02 6.540984671063276856e+00
1.340000000000000000e+02 7.180213988663106228e+00
1.350000000000000000e+02 7.871091820452821075e+00
1.360000000000000000e+02 8.616859269854007408e+00
1.370000000000000000e+02 9.420895068362757030e+00
1.380000000000000000e+02 1.028671780674893554e+01
1.390000000000000000e+02 1.121798805343343375e+01
1.400000000000000000e+02 1.221851035649291184e+01
1.410000000000000000e+02 1.329223512604514035e+01
1.420000000000000000e+02 1.444326039407281570e+01
1.430000000000000000e+02 1.567583344904844189e+01
1.440000000000000000e+02 1.699435234302669073e+01
1.450000000000000000e+02 1.840336726917180243e+01
1.460000000000000000e+02 1.990758180798634314e+01
1.470000000000000000e+02 2.151185404080165853e+01
1.480000000000000000e+02 2.322119752937995685e+01
1.490000000000000000e+02 2.504078216076192120e+01
1.500000000000000000e+02 2.697593485677109726e+01
1.510000000000000000e+02 2.903214014785704222e+01
1.520000000000000000e+02 3.121504061122224982e+01
1.530000000000000000e+02 3.353043717343283703e+01
1.540000000000000000e+02 3.598428927795965393e+01
1.550000000000000000e+02 3.858271491833396283e+01
1.560000000000000000e+02 4.133199053783057053e+01
1.570000000000000000e+02 4.423855079680999580e+01
1.580000000000000000e+02 4.730898820906062952e+01
1.590000000000000000e+02 5.055005264868139392e+01
1.600000000000000000e+02 5.396865072923441886e+01
1.610000000000000000e+02 5.757184505707648725e+01
1.620000000000000000e+02 6.136685336094753751e+01
1.630000000000000000e+02 6.536104750005239339e+01
1.640000000000000000e+02 6.956195235302165258e+01
1.650000000000000000e+02 7.397724459027530486e+01
1.660000000000000000e+02 7.861475133244172753e+01
1.670000000000000000e+02 8.348244869760311815e+01
1.680000000000000000e+02 8.858846024024755650e+01
1.690000000000000000e+02 9.394105528490641177e+01
1.700000000000000000e+02 9.954864715754703752e+01
1.710000000000000000e+02 1.054197913178695813e+02
1.720000000000000000e+02 1.115631833957300501e+02
1.730000000000000000e+02 1.179876571349733325e+02
1.740000000000000000e+02 1.247021822480153190e+02
1.750000000000000000e+02 1.317158621845587732e+02
1.760000000000000000e+02 1.390379318178657400e+02
1.770000000000000000e+02 1.466777550520406237e+02
1.780000000000000000e+02 1.546448223537998956e+02
1.790000000000000000e+02 1.629487482122214601e+02
1.800000000000000000e+02 1.715992685299752623e+02
1.810000000000000000e+02 1.806062379495395760e+02
1.820000000000000000e+02 1.899796271179034193e+02
1.830000000000000000e+02 1.997295198932472715e+02
1.840000000000000000e+02 2.098661104970767326e+02
1.850000000000000000e+02 2.203997006152659424e+02
1.860000000000000000e+02 2.313406964514402659e+02
1.870000000000000000e+02 2.426996057360982206e+02
1.880000000000000000e+02 2.544870346948364670e+02
1.890000000000000000e+02 2.667136849790059046e+02
1.900000000000000000e+02 2.793903505620803003e+02
1.910000000000000000e+02 2.925279146049738301e+02
1.920000000000000000e+02 3.061373462934953977e+02
1.930000000000000000e+02 3.202296976510725699e+02
1.940000000000000000e+02 3.348161003298222909e+02
1.950000000000000000e+02 3.499077623829887216e+02
1.960000000000000000e+02 3.655159650217046874e+02
1.970000000000000000e+02 3.816520593589724513e+02
1.980000000000000000e+02 3.983274631436951267e+02
1.990000000000000000e+02 4.155536574875181373e+02
2.000000000000000000e+02 4.333421835871795338e+02
2.010000000000000000e+02 4.517046394449911872e+02
2.020000000000000000e+02 4.706526765900067630e+02
2.030000000000000000e+02 4.901979968023570677e+02
2.040000000000000000e+02 5.103523488431647479e+02
2.050000000000000000e+02 5.311275251923725591e+02
2.060000000000000000e+02 5.525353587967488238e+02
2.070000000000000000e+02 5.745877198302598572e+02
2.080000000000000000e+02 5.972965124689218328e+02
2.090000000000000000e+02 6.206736716821736763e+02
2.100000000000000000e+02 6.447311600427358371e+02
2.110000000000000000e+02 6.694809645568492442e+02
2.120000000000000000e+02 6.949350935167091166e+02
2.130000000000000000e+02 7.211055733768408800e+02
2.140000000000000000e+02 7.480044456560933668e+02
2.150000000000000000e+02 7.756437638668403451e+02
2.160000000000000000e+02 8.040355904729298118e+02
2.170000000000000000e+02 8.331919938778324877e+02
2.180000000000000000e+02 8.631250454443783156e+02
2.190000000000000000e+02 8.938468165474022271e+02
2.200000000000000000e+02 9.253693756605496219e+02
2.210000000000000000e+02 9.577047854784235597e+02
2.220000000000000000e+02 9.908651000751973470e+02
2.230000000000000000e+02 1.024862362100741393e+03
2.240000000000000000e+02 1.059708600015258071e+03
2.250000000000000000e+02 1.095415825363351360e+03
2.260000000000000000e+02 1.131996030088398811e+03
2.270000000000000000e+02 1.169461183888035066e+03
2.280000000000000000e+02 1.207823231611492929e+03
2.290000000000000000e+02 1.247094090699497201e+03
2.300000000000000000e+02 1.287285648667345185e+03
2.310000000000000000e+02 1.328409760631759809e+03
2.320000000000000000e+02 1.370478246882041049e+03
2.330000000000000000e+02 1.413502890495994734e+03
2.340000000000000000e+02 1.457495435001068017e+03
2.350000000000000000e+02 1.502467582081066894e+03
2.360000000000000000e+02 1.548430989328790247e+03
2.370000000000000000e+02 1.595397268044868724e+03
2.380000000000000000e+02 1.643377981083043323e+03
2.390000000000000000e+02 1.692384640742086731e+03
2.400000000000000000e+02 1.742428706704522938e+03
2.410000000000000000e+02 1.793521584022262687e+03
2.420000000000000000e+02 1.845674621149228869e+03
2.430000000000000000e+02 1.898899108021013944e+03
2.440000000000000000e+02 1.953206274181576646e+03
2.450000000000000000e+02 2.008607286956938879e+03
2.460000000000000000e+02 2.065113249675823226e+03
2.470000000000000000e+02 2.122735199937135349e+03
2.480000000000000000e+02 2.181484107924162345e+03
2.490000000000000000e+02 2.241370874765319968e+03
2.500000000000000000e+02 2.302406330941285887e+03
2.510000000000000000e+02 2.364601234738273888e+03
2.520000000000000000e+02 2.427966270747240287e+03
2.530000000000000000e+02 2.492512048408738337e+03
2.540000000000000000e+02 2.558249100603139141e+03
2.550000000000000000e+02 2.625187882285909836e+03
2.560000000000000000e+02 2.693338769167616192e+03
2.570000000000000000e+02 2.762712056438292620e+03
2.580000000000000000e+02 2.833317957535817641e+03
2.590000000000000000e+02 2.905166602957895520e+03
2.600000000000000000e+02 2.978268039117242097e+03
2.610000000000000000e+02 3.052632227239544591e+03
2.620000000000000000e+02 3.128269042303771130e+03
2.630000000000000000e+02 3.205188272024355228e+03
2.640000000000000000e+02 3.283399615874808205e+03
2.650000000000000000e+02 3.362912684152270231e+03
2.660000000000000000e+02 3.443736997082506150e+03
2.670000000000000000e+02 3.525881983964851770e+03
2.680000000000000000e+02 3.609356982356594017e+03
2.690000000000000000e+02 3.694171237296260642e+03
2.700000000000000000e+02 3.780333900565301519e+03
2.710000000000000000e+02 3.867854029987599461e+03
2.720000000000000000e+02 3.956740588766296241e+03
2.730000000000000000e+02 4.047002444857352657e+03
2.740000000000000000e+02 4.138648370379312837e+03
2.750000000000000000e+02 4.231687041058678005e+03
2.760000000000000000e+02 4.326127035710364908e+03
2.770000000000000000e+02 4.421976835752629995e+03
2.780000000000000000e+02 4.519244824755931404e+03
2.790000000000000000e+02 4.617939288025105270e+03
2.800000000000000000e+02 4.718068412214333875e+03
2.810000000000000000e+02 4.819640284974257156e+03
2.820000000000000000e+02 4.922662894630716437e+03
2.830000000000000000e+02 5.027144129894474645e+03
2.840000000000000000e+02 5.133091779601403687e+03
2.850000000000000000e+02 5.240513532482493247e+03
2.860000000000000000e+02 5.349416976963141678e+03
2.870000000000000000e+02 5.459809600991119623e+03
2.880000000000000000e+02 5.571698791892644294e+03
2.890000000000000000e+02 5.685091836255973249e+03
2.900000000000000000e+02 5.799995919841963769e+03
2.910000000000000000e+02 5.916418127520980306e+03
2.920000000000000000e+02 6.034365443235637940e+03
2.930000000000000000e+02 6.153844749988754302e+03
2.940000000000000000e+02 6.274862829855987911e+03
2.950000000000000000e+02 6.397426364022594498e+03
2.960000000000000000e+02 6.521541932843708310e+03
2.970000000000000000e+02 6.647216015927651824e+03
2.980000000000000000e+02 6.774454992241685432e+03
2.990000000000000000e+02 6.903265140239659559e+03
3.000000000000000000e+02 7.033652638011031740e+03
3.010000000000000000e+02 7.165623563450729307e+03
3.020000000000000000e+02 7.299183894449299260e+03
3.030000000000000000e+02 7.434339509102832380e+03
3.040000000000000000e+02 7.571096185942169541e+03
3.050000000000000000e+02 7.709459604180818133e+03
3.060000000000000000e+02 7.849435343981132064e+03
3.070000000000000000e+02 7.991028886738227811e+03
3.080000000000000000e+02 8.134245615381105381e+03
3.090000000000000000e+02 8.279090814690560364e+03
3.100000000000000000e+02 8.425569671633336839e+03
3.110000000000000000e+02 8.573687275712069095e+03
3.120000000000000000e+02 8.723448619330552901e+03
3.130000000000000000e+02 8.874858598173839709e+03
3.140000000000000000e+02 9.027922011602755447e+03
3.150000000000000000e+02 9.182643563062341855e+03
3.160000000000000000e+02 9.339027860503794727e+03
3.170000000000000000e+02 9.497079416819464313e+03
3.180000000000000000e+02 9.656802650290461315e+03
3.190000000000000000e+02 9.818201885046484676e+03
3.200000000000000000e+02 9.981281351537421870e+03
3.210000000000000000e+02 1.014604518701630150e+04
3.220000000000000000e+02 1.031249743603322895e+04
3.230000000000000000e+02 1.048064205093986311e+04
3.240000000000000000e+02 1.065048289240407576e+04
3.250000000000000000e+02 1.082202372993441531e+04
3.260000000000000000e+02 1.099526824241392023e+04
3.270000000000000000e+02 1.117022001864304002e+04
3.280000000000000000e+02 1.134688255789115647e+04
3.290000000000000000e+02 1.152525927045646858e+04
3.300000000000000000e+02 1.170535347823380289e+04
3.310000000000000000e+02 1.188716841529005615e+04
3.320000000000000000e+02 1.207070722844688498e+04
3.330000000000000000e+02 1.225597297787037860e+04
3.340000000000000000e+02 1.244296863766730166e+04
3.350000000000000000e+02 1.263169709648768185e+04
3.360000000000000000e+02 1.282216115813329998e+04
3.370000000000000000e+02 1.301436354217197731e+04
3.380000000000000000e+02 1.320830688455710697e+04
3.390000000000000000e+02 1.340399373825237126e+04
3.400000000000000000e+02 1.360142657386118663e+04
3.410000000000000000e+02 1.380060778026067965e+04
3.420000000000000000e+02 1.400153966523992312e+04
3.430000000000000000e+02 1.420422445614210119e+04
3.440000000000000000e+02 1.440866430051037423e+04
3.450000000000000000e+02 1.461486126673723811e+04
3.460000000000000000e+02 1.482281734471701202e+04
3.470000000000000000e+02 1.503253444650131132e+04
3.480000000000000000e+02 1.524401440695720703e+04
3.490000000000000000e+02 1.545725898442787002e+04
3.500000000000000000e+02 1.567226986139542896e+04
3.510000000000000000e+02 1.588904864514587825e+04
3.520000000000000000e+02 1.610759686843575037e+04
3.530000000000000000e+02 1.632791599016039254e+04
3.540000000000000000e+02 1.655000739602361500e+04
3.550000000000000000e+02 1.677387239920850334e+04
3.560000000000000000e+02 1.699951224104924404e+04
3.570000000000000000e+02 1.722692809170363034e+04
3.580000000000000000e+02 1.745612105082632843e+04
3.590000000000000000e+02 1.768709214824238734e+04
3.600000000000000000e+02 1.791984234462110544e+04
3.610000000000000000e+02 1.815437253214989323e+04
3.620000000000000000e+02 1.839068353520804521e+04
3.630000000000000000e+02 1.862877611104024254e+04
3.640000000000000000e+02 1.886865095042966641e+04
3.650000000000000000e+02 1.911030867837041660e+04
3.660000000000000000e+02 1.935374985473933702e+04
3.670000000000000000e+02 1.959897497496684082e+04
3.680000000000000000e+02 1.984598447070677503e+04
3.690000000000000000e+02 2.009477871050512113e+04
3.700000000000000000e+02 2.034535800046739678e+04
3.710000000000000000e+02 2.059772258492457695e+04
3.720000000000000000e+02 2.085187264709758165e+04
3.730000000000000000e+02 2.110780830975999561e+04
3.740000000000000000e+02 2.136552963589901265e+04
3.750000000000000000e+02 2.162503662937454283e+04
3.760000000000000000e+02 2.188632923557620234e+04
3.770000000000000000e+02 2.214940734207829155e+04
3.780000000000000000e+02 2.241427077929246661e+04
3.790000000000000000e+02 2.268091932111811911e+04
3.800000000000000000e+02 2.294935268559035103e+04
3.810000000000000000e+02 2.321957053552539583e+04
3.820000000000000000e+02 2.349157247916347114e+04
3.830000000000000000e+02 2.376535807080897939e+04
3.840000000000000000e+02 2.404092681146778705e+04
3.850000000000000000e+02 2.431827814948184459e+04
3.860000000000000000e+02 2.459741148116073600e+04
3.870000000000000000e+02 2.487832615141027782e+04
3.880000000000000000e+02 2.516102145435805141e+04
3.890000000000000000e+02 2.544549663397575569e+04
3.900000000000000000e+02 2.573175088469834736e+04
3.910000000000000000e+02 2.601978335203995448e+04
3.920000000000000000e+02 2.630959313320643196e+04
3.930000000000000000e+02 2.660117927770442839e+04
3.940000000000000000e+02 2.689454078794722591e+04
3.950000000000000000e+02 2.718967661985682207e+04
3.960000000000000000e+02 2.748658568346265383e+04
3.970000000000000000e+02 2.778526684349659990e+04
3.980000000000000000e+02 2.808571891998440333e+04
3.990000000000000000e+02 2.838794068883339423e+04
4.000000000000000000e+02 2.869193088241642909e+04
4.010000000000000000e+02 2.899768819015214103e+04
4.020000000000000000e+02 2.930521125908129761e+04
4.030000000000000000e+02 2.961449869443938223e+04
4.040000000000000000e+02 2.992554906022525756e+04
4.050000000000000000e+02 3.023836087976593262e+04
4.060000000000000000e+02 3.055293263627740453e+04
4.070000000000000000e+02 3.086926277342148751e+04
4.080000000000000000e+02 3.118734969585873841e+04
4.090000000000000000e+02 3.150719176979728218e+04
4.100000000000000000e+02 3.182878732353761370e+04
4.110000000000000000e+02 3.215213464801339796e+04
4.120000000000000000e+02 3.247723199732814828e+04
4.130000000000000000e+02 3.280407758928777912e+04
4.140000000000000000e+02 3.313266960592916439e+04
4.150000000000000000e+02 3.346300619404439203e+04
4.160000000000000000e+02 3.379508546570106409e+04
4.170000000000000000e+02 3.412890549875835859e+04
4.180000000000000000e+02 3.446446433737890038e+04
4.190000000000000000e+02 3.480175999253652844e+04
4.200000000000000000e+02 3.514079044251991581e+04
4.210000000000000000e+02 3.548155363343185309e+04
4.220000000000000000e+02 3.582404747968457377e+04
4.230000000000000000e+02 3.616826986449067772e+04
4.240000000000000000e+02 3.651421864034998725e+04
4.250000000000000000e+02 3.686189162953221239e+04
4.260000000000000000e+02 3.721128662455537415e+04
4.270000000000000000e+02 3.756240138865997142e+04
4.280000000000000000e+02 3.791523365627916792e+04
4.290000000000000000e+02 3.826978113350456988e+04
4.300000000000000000e+02 3.862604149854794377e+04
4.310000000000000000e+02 3.898401240219871397e+04
4.320000000000000000e+02 3.934369146827732038e+04
4.330000000000000000e+02 3.970507629408434150e+04
4.340000000000000000e+02 4.006816445084553561e+04
4.350000000000000000e+02 4.043295348415268381e+04
4.360000000000000000e+02 4.079944091440034390e+04
4.370000000000000000e+02 4.116762423721833329e+04
4.380000000000000000e+02 4.153750092390031932e+04
4.390000000000000000e+02 4.190906842182811670e+04
4.400000000000000000e+02 4.228232415489185951e+04
4.410000000000000000e+02 4.265726552390633151e+04
4.420000000000000000e+02 4.303388990702294541e+04
4.430000000000000000e+02 4.341219466013781494e+04
4.440000000000000000e+02 4.379217711729578150e+04
4.450000000000000000e+02 4.417383459109032992e+04
4.460000000000000000e+02 4.455716437305958243e+04
4.470000000000000000e+02 4.494216373407825449e+04
4.480000000000000000e+02 4.532882992474561615e+04
4.490000000000000000e+02 4.571716017576957529e+04
4.500000000000000000e+02 4.610715169834664994e+04
4.510000000000000000e+02 4.649880168453820806e+04
4.520000000000000000e+02 4.689210730764266918e+04
4.530000000000000000e+02 4.728706572256387153e+04
4.540000000000000000e+02 4.768367406617555389e+04
4.550000000000000000e+02 4.808192945768202480e+04
4.560000000000000000e+02 4.848182899897490279e+04
4.570000000000000000e+02 4.888336977498621854e+04
4.580000000000000000e+02 4.928654885403749358e+04
4.590000000000000000e+02 4.969136328818537731e+04
4.600000000000000000e+02 5.009781011356316594e+04
4.610000000000000000e+02 5.050588635071893077e+04
4.620000000000000000e+02 5.091558900494971749e+04
4.630000000000000000e+02 5.132691506663219479e+04
4.640000000000000000e+02 5.173986151154961408e+04
4.650000000000000000e+02 5.215442530121510936e+04
4.660000000000000000e+02 5.257060338319141010e+04
4.670000000000000000e+02 5.298839269140705437e+04
4.680000000000000000e+02 5.340779014646879659e+04
4.690000000000000000e+02 5.382879265597079939e+04
4.700000000000000000e+02 5.425139711480006372e+04
4.710000000000000000e+02 5.467560040543851210e+04
4.720000000000000000e+02 5.510139939826147747e+04
4.730000000000000000e+02 5.552879095183291065e+04
4.740000000000000000e+02 5.595777191319702251e+04
4.750000000000000000e+02 5.638833911816664477e+04
4.760000000000000000e+02 5.682048939160814189e+04
4.770000000000000000e+02 5.725421954772302706e+04
4.780000000000000000e+02 5.768952639032628940e+04
4.790000000000000000e+02 5.812640671312135237e+04
4.800000000000000000e+02 5.856485729997177259e+04
4.810000000000000000e+02 5.900487492516978818e+04
4.820000000000000000e+02 5.944645635370162199e+04
4.830000000000000000e+02 5.988959834150941606e+04
4.840000000000000000e+02 6.033429763575028483e+04
4.850000000000000000e+02 6.078055097505205777e+04
4.860000000000000000e+02 6.122835508976585697e+04
4.870000000000000000e+02 6.167770670221580076e+04
4.880000000000000000e+02 6.212860252694537485e+04
4.890000000000000000e+02 6.258103927096097323e+04
4.900000000000000000e+02 6.303501363397234672e+04
4.910000000000000000e+02 6.349052230863001751e+04
4.920000000000000000e+02 6.394756198075978318e+04
4.930000000000000000e+02 6.440612932959434693e+04
4.940000000000000000e+02 6.486622102800187713e+04
4.950000000000000000e+02 6.532783374271182402e+04
4.960000000000000000e+02 6.579096413453777495e+04
4.970000000000000000e+02 6.625560885859749396e+04
4.980000000000000000e+02 6.672176456453032733e+04
4.990000000000000000e+02 6.718942789671140781e+04
5.000000000000000000e+02 6.765859549446357414e+04
5.010000000000000000e+02 6.812926399226623471e+04
5.020000000000000000e+02 6.860143001996162639e+04
5.030000000000000000e+02 6.907509020295839582e+04
5.040000000000000000e+02 6.955024116243241588e+04
5.050000000000000000e+02 7.002687951552524464e+04
5.060000000000000000e+02 7.050500187553954311e+04
5.070000000000000000e+02 7.098460485213226639e+04
5.080000000000000000e+02 7.146568505150516285e+04
5.090000000000000000e+02 7.194823907659265387e+04
5.100000000000000000e+02 7.243226352724738535e+04
5.110000000000000000e+02 7.291775500042297062e+04
5.120000000000000000e+02 7.340471009035475436e+04
5.130000000000000000e+02 7.389312538873759331e+04
5.140000000000000000e+02 7.438299748490161437e+04
5.150000000000000000e+02 7.487432296598539688e+04
5.160000000000000000e+02 7.536709841710678302e+04
5.170000000000000000e+02 7.586132042153137445e+04
5.180000000000000000e+02 7.635698556083875883e+04
5.190000000000000000e+02 7.685409041508636437e+04
5.200000000000000000e+02 7.735263156297094247e+04
5.210000000000000000e+02 7.785260558198801300e+04
5.220000000000000000e+02 7.835400904858889407e+04
5.230000000000000000e+02 7.885683853833556350e+04
5.240000000000000000e+02 7.936109062605342478e+04
5.250000000000000000e+02 7.986676188598178851e+04
5.260000000000000000e+02 8.037384889192215633e+04
5.270000000000000000e+02 8.088234821738464234e+04
5.280000000000000000e+02 8.139225643573205161e+04
5.290000000000000000e+02 8.190357012032186321e+04
5.300000000000000000e+02 8.241628584464642336e+04
5.310000000000000000e+02 8.293040018247079570e+04
5.320000000000000000e+02 8.344590970796871989e+04
5.330000000000000000e+02 8.396281099585667835e+04
5.340000000000000000e+02 8.448110062152589671e+04
5.350000000000000000e+02 8.500077516117221967e+04
5.360000000000000000e+02 8.552183119192448794e+04
5.370000000000000000e+02 8.604426529197054333e+04
5.380000000000000000e+02 8.656807404068160395e+04
5.390000000000000000e+02 8.709325401873482042e+04
5.400000000000000000e+02 8.761980180823373666e+04
5.410000000000000000e+02 8.814771399282713537e+04
5.420000000000000000e+02 8.867698715782602085e+04
5.430000000000000000e+02 8.920761789031873923e+04
5.440000000000000000e+02 8.973960277928445430e+04
5.450000000000000000e+02 9.027293841570474615e+04
5.460000000000000000e+02 9.080762139267359453e+04
5.470000000000000000e+02 9.134364830550557235e+04
5.480000000000000000e+02 9.188101575184235116e+04
5.490000000000000000e+02 9.241972033175763499e+04
5.500000000000000000e+02 9.295975864786026068e+04
5.510000000000000000e+02 9.350112730539581389e+04
5.520000000000000000e+02 9.404382291234655713e+04
5.530000000000000000e+02 9.458784207952984434e+04
5.540000000000000000e+02 9.513318142069473106e+04
5.550000000000000000e+02 9.567983755261737679e+04
5.560000000000000000e+02 9.622780709519452648e+04
5.570000000000000000e+02 9.677708667153579881e+04
5.580000000000000000e+02 9.732767290805421362e+04
5.590000000000000000e+02 9.787956243455524964e+04
5.600000000000000000e+02 9.843275188432463619e+04
5.610000000000000000e+02 9.898723789421451511e+04
5.620000000000000000e+02 9.954301710472816194e+04
5.630000000000000000e+02 1.001000861601032957e+05
5.640000000000000000e+02 1.006584417083940498e+05
5.650000000000000000e+02 1.012180804015514441e+05
5.660000000000000000e+02 1.017789988955026056e+05
5.670000000000000000e+02 1.023411938502285193e+05
5.680000000000000000e+02 1.029046619298404839e+05
5.690000000000000000e+02 1.034693998026551999e+05
5.700000000000000000e+02 1.040354041412686347e+05
5.710000000000000000e+02 1.046026716226286080e+05
5.720000000000000000e+02 1.051711989281057904e+05
5.730000000000000000e+02 1.057409827435639600e+05
5.740000000000000000e+02 1.063120197594285128e+05
5.750000000000000000e+02 1.068843066707539983e+05
5.760000000000000000e+02 1.074578401772904763e+05
5.770000000000000000e+02 1.080326169835484616e+05
5.780000000000000000e+02 1.086086337988628802e+05
5.790000000000000000e+02 1.091858873374556715e+05
5.800000000000000000e+02 1.097643743184974010e+05
5.810000000000000000e+02 1.103440914661675924e+05
5.820000000000000000e+02 1.109250355097139545e+05
5.830000000000000000e+02 1.115072031835106754e+05
5.840000000000000000e+02 1.120905912271151610e+05
5.850000000000000000e+02 1.126751963853242050e+05
5.860000000000000000e+02 1.132610154082287772e+05
5.870000000000000000e+02 1.138480450512676907e+05
5.880000000000000000e+02 1.144362820752805565e+05
5.890000000000000000e+02 1.150257232465592679e+05
5.900000000000000000e+02 1.156163653368987434e+05
5.910000000000000000e+02 1.162082051236466359e+05
5.920000000000000000e+02 1.168012393897518778e+05
5.930000000000000000e+02 1.173954649238124548e+05
5.940000000000000000e+02 1.179908785201220162e+05
5.950000000000000000e+02 1.185874769787156692e+05
5.960000000000000000e+02 1.191852571054146392e+05
5.970000000000000000e+02 1.197842157118701871e+05
5.980000000000000000e+02 1.203843496156065521e+05
5.990000000000000000e+02 1.209856556400628178e+05
6.000000000000000000e+02 1.215881306146341376e+05
6.010000000000000000e+02 1.221917713747118105e+05
6.020000000000000000e+02 1.227965747617227171e+05
6.030000000000000000e+02 1.234025376231676491e+05
6.040000000000000000e+02 1.240096568126589118e+05
6.050000000000000000e+02 1.246179291899571544e+05
6.060000000000000000e+02 1.252273516210071830e+05
6.070000000000000000e+02 1.258379209779730882e+05
6.080000000000000000e+02 1.264496341392725008e+05
6.090000000000000000e+02 1.270624879896099592e+05
6.100000000000000000e+02 1.276764794200097676e+05
6.110000000000000000e+02 1.282916053278476757e+05
6.120000000000000000e+02 1.289078626168821356e+05
6.130000000000000000e+02 1.295252481972845562e+05
6.140000000000000000e+02 1.301437589856689447e+05
6.150000000000000000e+02 1.307633919051208213e+05
6.160000000000000000e+02 1.313841438852251158e+05
6.170000000000000000e+02 1.320060118620938447e+05
6.180000000000000000e+02 1.326289927783926832e+05
6.190000000000000000e+02 1.332530835833667952e+05
6.200000000000000000e+02 1.338782812328663713e+05
6.210000000000000000e+02 1.345045826893711055e+05
6.220000000000000000e+02 1.351319849220140895e+05
6.230000000000000000e+02 1.357604849066050956e+05
6.240000000000000000e+02 1.363900796256532194e+05
6.250000000000000000e+02 1.370207660683889117e+05
6.260000000000000000e+02 1.376525412307849911e+05
6.270000000000000000e+02 1.382854021155776572e+05
6.280000000000000000e+02 1.389193457322863978e+05
6.290000000000000000e+02 1.395543690972334007e+05
6.300000000000000000e+02 1.401904692335625296e+05
6.310000000000000000e+02 1.408276431712573103e+05
6.320000000000000000e+02 1.414658879471590626e+05
6.330000000000000000e+02 1.421052006049833726e+05
6.340000000000000000e+02 1.427455781953370315e+05
6.350000000000000000e+02 1.433870177757338388e+05
6.360000000000000000e+02 1.440295164106098819e+05
6.370000000000000000e+02 1.446730711713386117e+05
6.380000000000000000e+02 1.453176791362447839e+05
6.390000000000000000e+02 1.459633373906186607e+05
6.400000000000000000e+02 1.466100430267286429e+05
6.410000000000000000e+02 1.472577931438347441e+05
6.420000000000000000e+02 1.479065848482000001e+05
6.430000000000000000e+02 1.485564152531027794e+05
6.440000000000000000e+02 1.492072814788476098e+05
6.450000000000000000e+02 1.498591806527760928e+05
6.460000000000000000e+02 1.505121099092770019e+05
6.470000000000000000e+02 1.511660663897961203e+05
6.480000000000000000e+02 1.518210472428454668e+05
6.490000000000000000e+02 1.524770496240121429e+05
6.500000000000000000e+02 1.531340706959666568e+05
6.510000000000000000e+02 1.537921076284708688e+05
6.520000000000000000e+02 1.544511575983854709e+05
6.530000000000000000e+02 1.551112177896770590e+05
6.540000000000000000e+02 1.557722853934246232e+05
6.550000000000000000e+02 1.564343576078258338e+05
6.560000000000000000e+02 1.570974316382027755e+05
6.570000000000000000e+02 1.577615046970073017e+05
6.580000000000000000e+02 1.584265740038259828e+05
6.590000000000000000e+02 1.590926367853845877e+05
6.600000000000000000e+02 1.597596902755523915e+05
6.610000000000000000e+02 1.604277317153458716e+05
6.620000000000000000e+02 1.610967583529321128e+05
6.630000000000000000e+02 1.617667674436316884e+05
6.640000000000000000e+02 1.624377562499216874e+05
6.650000000000000000e+02 1.631097220414374897e+05
6.660000000000000000e+02 1.637826620949749195e+05
6.670000000000000000e+02 1.644565736944920500e+05
6.680000000000000000e+02 1.651314541311100766e+05
6.690000000000000000e+02 1.658073007031142770e+05
6.700000000000000000e+02 1.664841107159547391e+05
6.710000000000000000e+02 1.671618814822463610e+05
6.720000000000000000e+02 1.678406103217688214e+05
6.730000000000000000e+02 1.685202945614661439e+05
6.740000000000000000e+02 1.692009315354460559e+05
6.750000000000000000e+02 1.698825185849785630e+05
6.760000000000000000e+02 1.705650530584950466e+05
6.770000000000000000e+02 1.712485323115862557e+05
6.780000000000000000e+02 1.719329537070004153e+05
6.790000000000000000e+02 1.726183146146411600e+05
6.800000000000000000e+02 1.733046124115646817e+05
6.810000000000000000e+02 1.739918444819769938e+05
6.820000000000000000e+02 1.746800082172309631e+05
6.830000000000000000e+02 1.753691010158227873e+05
6.840000000000000000e+02 1.760591202833883581e+05
6.850000000000000000e+02 1.767500634326993604e+05
6.860000000000000000e+02 1.774419278836590529e+05
6.870000000000000000e+02 1.781347110632978147e+05
6.880000000000000000e+02 1.788284104057687218e+05
6.890000000000000000e+02 1.795230233523420466e+05
6.900000000000000000e+02 1.802185473514006881e+05
6.910000000000000000e+02 1.809149798584342934e+05
6.920000000000000000e+02 1.816123183360338444e+05
6.930000000000000000e+02 1.823105602538857202e+05
6.940000000000000000e+02 1.830097030887654400e+05
6.950000000000000000e+02 1.837097443245314935e+05
6.960000000000000000e+02 1.844106814521188207e+05
6.970000000000000000e+02 1.851125119695317117e+05
6.980000000000000000e+02 1.858152333818370826e+05
6.990000000000000000e+02 1.865188432011572877e+05
7.000000000000000000e+02 1.872233389466625522e+05
7.010000000000000000e+02 1.879287181445634051e+05
7.020000000000000000e+02 1.886349783281030250e+05
7.030000000000000000e+02 1.893421170375488873e+05
7.040000000000000000e+02 1.900501318201849936e+05
7.050000000000000000e+02 1.907590202303030819e+05
7.060000000000000000e+02 1.914687798291944200e+05
7.070000000000000000e+02 1.921794081851407245e+05
7.080000000000000000e+02 1.928909028734054882e+05
7.090000000000000000e+02 1.936032614762246958e+05
7.100000000000000000e+02 1.943164815827975981e+05
7.110000000000000000e+02 1.950305607892773405e+05
7.120000000000000000e+02 1.957454966987612424e+05
7.130000000000000000e+02 1.964612869212811638e+05
7.140000000000000000e+02 1.971779290737931733e+05
7.150000000000000000e+02 1.978954207801681187e+05
7.160000000000000000e+02 1.986137596711807710e+05
7.170000000000000000e+02 1.993329433844997548e+05
7.180000000000000000e+02 2.000529695646767796e+05
7.190000000000000000e+02 2.007738358631363953e+05
7.200000000000000000e+02 2.014955399381644966e+05
7.210000000000000000e+02 2.022180794548978738e+05
7.220000000000000000e+02 2.029414520853128925e+05
7.230000000000000000e+02 2.036656555082142877e+05
7.240000000000000000e+02 2.043906874092237849e+05
7.250000000000000000e+02 2.051165454807686037e+05
7.260000000000000000e+02 2.058432274220697873e+05
7.270000000000000000e+02 2.065707309391305025e+05
7.280000000000000000e+02 2.072990537447240786e+05
7.290000000000000000e+02 2.080281935583822196e+05
7.300000000000000000e+02 2.087581481063826941e+05
7.310000000000000000e+02 2.094889151217369945e+05
7.320000000000000000e+02 2.102204923441783176e+05
7.330000000000000000e+02 2.109528775201490498e+05
7.340000000000000000e+02 2.116860684027879324e+05
7.350000000000000000e+02 2.124200627519177506e+05
7.360000000000000000e+02 2.131548583340323530e+05
7.370000000000000000e+02 2.138904529222839628e+05
7.380000000000000000e+02 2.146268442964699934e+05
7.390000000000000000e+02 2.153640302430201846e+05
7.400000000000000000e+02 2.161020085549833893e+05
7.410000000000000000e+02 2.168407770320144482e+05
7.420000000000000000e+02 2.175803334803605976e+05
7.430000000000000000e+02 2.183206757128482859e+05
7.440000000000000000e+02 2.190618015488695819e+05
7.450000000000000000e+02 2.198037088143685542e+05
7.460000000000000000e+02 2.205463953418278834e+05
7.470000000000000000e+02 2.212898589702544850e+05
7.480000000000000000e+02 2.220340975451664417e+05
7.490000000000000000e+02 2.227791089185786259e+05
7.500000000000000000e+02 2.235248909489889047e+05
7.510000000000000000e+02 2.242714415013639082e+05
7.520000000000000000e+02 2.250187584471252630e+05
7.530000000000000000e+02 2.257668396641349245e+05
7.540000000000000000e+02 2.265156830366816430e+05
7.550000000000000000e+02 2.272652864554656844e+05
7.560000000000000000e+02 2.280156478175852681e+05
7.570000000000000000e+02 2.287667650265218981e+05
7.580000000000000000e+02 2.295186359921256371e+05
7.590000000000000000e+02 2.302712586306007288e+05
7.600000000000000000e+02 2.310246308644910459e+05
7.610000000000000000e+02 2.317787506226653932e+05
7.620000000000000000e+02 2.325336158403026056e+05
7.630000000000000000e+02 2.332892244588769390e+05
7.640000000000000000e+02 2.340455744261432847e+05
7.650000000000000000e+02 2.348026636961220647e+05
7.660000000000000000e+02 2.355604902290847676e+05
7.670000000000000000e+02 2.363190519915383775e+05
7.680000000000000000e+02 2.370783469562109094e+05
7.690000000000000000e+02 2.378383731020359264e+05
7.700000000000000000e+02 2.385991284141377546e+05
7.710000000000000000e+02 2.393606108838162036e+05
7.720000000000000000e+02 2.401228185085314617e+05
7.730000000000000000e+02 2.408857492918887292e+05
7.740000000000000000e+02 2.416494012436231715e+05
7.750000000000000000e+02 2.424137723795845523e+05
7.760000000000000000e+02 2.431788607217219542e+05
7.770000000000000000e+02 2.439446642980681499e+05
7.780000000000000000e+02 2.447111811427248467e+05
7.790000000000000000e+02 2.454784092958465335e+05
7.800000000000000000e+02 2.462463468036256090e+05
7.810000000000000000e+02 2.470149917182766658e+05
7.820000000000000000e+02 2.477843420980210067e+05
7.830000000000000000e+02 2.485543960070712201e+05
7.840000000000000000e+02 2.493251515156155510e+05
7.850000000000000000e+02 2.500966066998023016e+05
7.860000000000000000e+02 2.508687596417243476e+05
7.870000000000000000e+02 2.516416084294036264e+05
7.880000000000000000e+02 2.524151511567751586e+05
7.890000000000000000e+02 2.531893859236717981e+05
7.900000000000000000e+02 2.539643108358083700e+05
7.910000000000000000e+02 2.547399240047659841e+05
7.920000000000000000e+02 2.555162235479762603e+05
7.930000000000000000e+02 2.562932075887059909e+05
7.940000000000000000e+02 2.570708742560409883e+05
7.950000000000000000e+02 2.578492216848706012e+05
7.960000000000000000e+02 2.586282480158718245e+05
7.970000000000000000e+02 2.594079513954936992e+05
7.980000000000000000e+02 2.601883299759414222e+05
7.990000000000000000e+02 2.609693819151606003e+05
8.000000000000000000e+02 2.617511053768214770e+05
8.010000000000000000e+02 2.625334985303032445e+05
8.020000000000000000e+02 2.633165595506778918e+05
8.030000000000000000e+02 2.641002866186949541e+05
8.040000000000000000e+02 2.648846779207653599e+05
8.050000000000000000e+02 2.656697316489454824e+05
8.060000000000000000e+02 2.664554460009218310e+05
8.070000000000000000e+02 2.672418191799945198e+05
8.080000000000000000e+02 2.680288493950622506e+05
8.090000000000000000e+02 2.688165348606058978e+05
8.100000000000000000e+02 2.696048737966729677e+05
8.110000000000000000e+02 2.703938644288617070e+05
8.120000000000000000e+02 2.711835049883052707e+05
8.130000000000000000e+02 2.719737937116561225e+05
8.140000000000000000e+02 2.727647288410697365e+05
8.150000000000000000e+02 2.735563086241894634e+05
8.160000000000000000e+02 2.743485313141301740e+05
8.170000000000000000e+02 2.751413951694625430e+05
8.180000000000000000e+02 2.759348984541977406e+05
8.190000000000000000e+02 2.767290394377711345e+05
8.200000000000000000e+02 2.775238163950266317e+05
8.210000000000000000e+02 2.783192276062010787e+05
8.220000000000000000e+02 2.791152713569081970e+05
8.230000000000000000e+02 2.799119459381232737e+05
8.240000000000000000e+02 2.807092496461672126e+05
8.250000000000000000e+02 2.815071807826905278e+05
8.260000000000000000e+02 2.823057376546580927e+05
8.270000000000000000e+02 2.831049185743331327e+05
8.280000000000000000e+02 2.839047218592617428e+05
8.290000000000000000e+02 2.847051458322569379e+05
8.300000000000000000e+02 2.855061888213833445e+05
8.310000000000000000e+02 2.863078491599411354e+05
8.320000000000000000e+02 2.871101251864507212e+05
8.330000000000000000e+02 2.879130152446372085e+05
8.340000000000000000e+02 2.887165176834139857e+05
8.350000000000000000e+02 2.895206308568685781e+05
8.360000000000000000e+02 2.903253531242455356e+05
8.370000000000000000e+02 2.911306828499318799e+05
8.380000000000000000e+02 2.919366184034412727e+05
8.390000000000000000e+02 2.927431581593986484e+05
8.400000000000000000e+02 2.935503004975240328e+05
8.410000000000000000e+02 2.943580438026178745e+05
8.420000000000000000e+02 2.951663864645452704e+05
8.430000000000000000e+02 2.959753268782207742e+05
8.440000000000000000e+02 2.967848634435920976e+05
8.450000000000000000e+02 2.975949945656259079e+05
8.460000000000000000e+02 2.984057186542914715e+05
8.470000000000000000e+02 2.992170341245456366e+05
8.480000000000000000e+02 3.000289393963178736e+05
8.490000000000000000e+02 3.008414328944943263e+05
8.500000000000000000e+02 3.016545130489028525e+05
8.510000000000000000e+02 3.024681782942978316e+05
8.520000000000000000e+02 3.032824270703442162e+05
8.530000000000000000e+02 3.040972578216035618e+05
8.540000000000000000e+02 3.049126689975174959e+05
8.550000000000000000e+02 3.057286590523936902e+05
8.560000000000000000e+02 3.065452264453896787e+05
8.570000000000000000e+02 3.073623696404984221e+05
8.580000000000000000e+02 3.081800871065329993e+05
8.590000000000000000e+02 3.089983773171113571e+05
8.600000000000000000e+02 3.098172387506417581e+05
8.610000000000000000e+02 3.106366698903067736e+05
8.620000000000000000e+02 3.114566692240493139e+05
8.630000000000000000e+02 3.122772352445573779e+05
8.640000000000000000e+02 3.130983664492486860e+05
8.650000000000000000e+02 3.139200613402559538e+05
8.660000000000000000e+02 3.147423184244124568e+05
8.670000000000000000e+02 3.155651362132361974e+05
8.680000000000000000e+02 3.163885132229164010e+05
8.690000000000000000e+02 3.172124479742972180e+05
8.700000000000000000e+02 3.180369389928642777e+05
8.710000000000000000e+02 3.188619848087287392e+05
8.720000000000000000e+02 3.196875839566137292e+05
8.730000000000000000e+02 3.205137349758386263e+05
8.740000000000000000e+02 3.213404364103052067e+05
8.750000000000000000e+02 3.221676868084822781e+05
8.760000000000000000e+02 3.229954847233918845e+05
8.770000000000000000e+02 3.238238287125937641e+05
8.780000000000000000e+02 3.246527173381717294e+05
8.790000000000000000e+02 3.254821491667185910e+05
8.800000000000000000e+02 3.263121227693218971e+05
8.810000000000000000e+02 3.271426367215493228e+05
8.820000000000000000e+02 3.279736896034344099e+05
8.830000000000000000e+02 3.288052799994620727e+05
8.840000000000000000e+02 3.296374064985542209e+05
8.850000000000000000e+02 3.304700676940556732e+05
8.860000000000000000e+02 3.313032621837193728e+05
8.870000000000000000e+02 3.321369885696926503e+05
8.880000000000000000e+02 3.329712454585027881e+05
8.890000000000000000e+02 3.338060314610427013e+05
8.900000000000000000e+02 3.346413451925569098e+05
8.910000000000000000e+02 3.354771852726272773e+05
8.920000000000000000e+02 3.363135503251590417e+05
8.930000000000000000e+02 3.371504389783667866e+05
8.940000000000000000e+02 3.379878498647602974e+05
8.950000000000000000e+02 3.388257816211305908e+05
8.960000000000000000e+02 3.396642328885357711e+05
8.970000000000000000e+02 3.405032023122875835e+05
8.980000000000000000e+02 3.413426885419370374e+05
8.990000000000000000e+02 3.421826902312606690e+05
9.000000000000000000e+02 3.430232060382468626e+05
9.010000000000000000e+02 3.438642346250817063e+05
9.020000000000000000e+02 3.447057746581357205e+05
9.030000000000000000e+02 3.455478248079498881e+05
9.040000000000000000e+02 3.463903837492216844e+05
9.050000000000000000e+02 3.472334501607917482e+05
9.060000000000000000e+02 3.480770227256303770e+05
9.070000000000000000e+02 3.489211001308234408e+05
9.080000000000000000e+02 3.497656810675595189e+05
9.090000000000000000e+02 3.506107642311153468e+05
9.100000000000000000e+02 3.514563483208438265e+05
9.110000000000000000e+02 3.523024320401587756e+05
9.120000000000000000e+02 3.531490140965233441e+05
9.130000000000000000e+02 3.539960932014349382e+05
9.140000000000000000e+02 3.548436680704131140e+05
9.150000000000000000e+02 3.556917374229858397e+05
9.160000000000000000e+02 3.565402999826759915e+05
9.170000000000000000e+02 3.573893544769884902e+05
9.180000000000000000e+02 3.582388996373968548e+05
9.190000000000000000e+02 3.590889341993303387e+05
9.200000000000000000e+02 3.599394569021600764e+05
9.210000000000000000e+02 3.607904664891868597e+05
9.220000000000000000e+02 3.616419617076276336e+05
9.230000000000000000e+02 3.624939413086024579e+05
9.240000000000000000e+02 3.633464040471216431e+05
9.250000000000000000e+02 3.641993486820728867e+05
9.260000000000000000e+02 3.650527739762077108e+05
9.270000000000000000e+02 3.659066786961297039e+05
9.280000000000000000e+02 3.667610616122806096e+05
9.290000000000000000e+02 3.676159214989282773e+05
9.300000000000000000e+02 3.684712571341532748e+05
9.310000000000000000e+02 3.693270672998366645e+05
9.320000000000000000e+02 3.701833507816467318e+05
9.330000000000000000e+02 3.710401063690272276e+05
9.340000000000000000e+02 3.718973328551837476e+05
9.350000000000000000e+02 3.727550290370717412e+05
9.360000000000000000e+02 3.736131937153834733e+05
9.370000000000000000e+02 3.744718256945362664e+05
9.380000000000000000e+02 3.753309237826592871e+05
9.390000000000000000e+02 3.761904867915815557e+05
9.400000000000000000e+02 3.770505135368190822e+05
9.410000000000000000e+02 3.779110028375628754e+05
9.420000000000000000e+02 3.787719535166663700e+05
9.430000000000000000e+02 3.796333644006336690e+05
9.440000000000000000e+02 3.804952343196062720e+05
9.450000000000000000e+02 3.813575621073517250e+05
9.460000000000000000e+02 3.822203466012509889e+05
9.470000000000000000e+02 3.830835866422864492e+05
9.480000000000000000e+02 3.839472810750297504e+05
9.490000000000000000e+02 3.848114287476297468e+05
9.500000000000000000e+02 3.856760285118003958e+05
9.510000000000000000e+02 3.865410792228087084e+05
9.520000000000000000e+02 3.874065797394625260e+05
9.530000000000000000e+02 3.882725289240995771e+05
9.540000000000000000e+02 3.891389256425744388e+05
9.550000000000000000e+02 3.900057687642470119e+05
9.560000000000000000e+02 3.908730571619707043e+05
9.570000000000000000e+02 3.917407897120810812e+05
9.580000000000000000e+02 3.926089652943835245e+05
9.590000000000000000e+02 3.934775827921417076e+05
9.600000000000000000e+02 3.943466410920658964e+05
9.610000000000000000e+02 3.952161390843011322e+05
9.620000000000000000e+02 3.960860756624161149e+05
9.630000000000000000e+02 3.969564497233912698e+05
9.640000000000000000e+02 3.978272601676068152e+05
9.650000000000000000e+02 3.986985058988321107e+05
9.660000000000000000e+02 3.995701858242133749e+05
9.670000000000000000e+02 4.004422988542632665e+05
9.680000000000000000e+02 4.013148439028477878e+05
9.690000000000000000e+02 4.021878198871769127e+05
9.700000000000000000e+02 4.030612257277917815e+05
9.710000000000000000e+02 4.039350603485541651e+05
9.720000000000000000e+02 4.048093226766348234e+05
9.730000000000000000e+02 4.056840116425024462e+05
9.740000000000000000e+02 4.065591261799125350e+05
9.750000000000000000e+02 4.074346652258960530e+05
9.760000000000000000e+02 4.083106277207484818e+05
9.770000000000000000e+02 4.091870126080185873e+05
9.780000000000000000e+02 4.100638188344975933e+05
9.790000000000000000e+02 4.109410453502081218e+05
9.800000000000000000e+02 4.118186911083927844e+05
9.810000000000000000e+02 4.126967550655038795e+05
9.820000000000000000e+02 4.135752361811920418e+05
9.830000000000000000e+02 4.144541334182957071e+05
9.840000000000000000e+02 4.153334457428300520e+05
9.850000000000000000e+02 4.162131721239761100e+05
9.860000000000000000e+02 4.170933115340703516e+05
9.870000000000000000e+02 4.179738629485934507e+05
9.880000000000000000e+02 4.188548253461602144e+05
9.890000000000000000e+02 4.197361977085082908e+05
9.900000000000000000e+02 4.206179790204882156e+05
9.910000000000000000e+02 4.215001682700521778e+05
9.920000000000000000e+02 4.223827644482437172e+05
9.930000000000000000e+02 4.232657665491873631e+05
9.940000000000000000e+02 4.241491735700780409e+05
9.950000000000000000e+02 4.250329845111703617e+05
9.960000000000000000e+02 4.259171983757687267e+05
9.970000000000000000e+02 4.268018141702163848e+05
9.980000000000000000e+02 4.276868309038855950e+05
9.990000000000000000e+02 4.285722475891669164e+05
