# BB temperature (K); Intensity through filter (ph/s/m^2/mas^2)
1.000000000000000000e+01 0.000000000000000000e+00
1.100000000000000000e+01 0.000000000000000000e+00
1.200000000000000000e+01 0.000000000000000000e+00
1.300000000000000000e+01 0.000000000000000000e+00
1.400000000000000000e+01 0.000000000000000000e+00
1.500000000000000000e+01 0.000000000000000000e+00
1.600000000000000000e+01 0.000000000000000000e+00
1.700000000000000000e+01 0.000000000000000000e+00
1.800000000000000000e+01 0.000000000000000000e+00
1.900000000000000000e+01 0.000000000000000000e+00
2.000000000000000000e+01 0.000000000000000000e+00
2.100000000000000000e+01 7.448142930789856751e-83
2.200000000000000000e+01 8.048898917664590785e-79
2.300000000000000000e+01 3.886260535969445698e-75
2.400000000000000000e+01 9.271101872605963045e-72
2.500000000000000000e+01 1.189166832580533068e-68
2.600000000000000000e+01 8.809046813990213591e-66
2.700000000000000000e+01 4.005459569202698395e-63
2.800000000000000000e+01 1.177868677826140736e-60
2.900000000000000000e+01 2.343251043099416418e-58
3.000000000000000000e+01 3.279202348810612551e-56
3.100000000000000000e+01 3.339712356915760861e-54
3.200000000000000000e+01 2.550121225416473494e-52
3.300000000000000000e+01 1.498572824991233151e-50
3.400000000000000000e+01 6.935527377388207501e-49
3.500000000000000000e+01 2.580125048162524077e-47
3.600000000000000000e+01 7.856900088713460244e-46
3.700000000000000000e+01 1.990435930284745969e-44
3.800000000000000000e+01 4.256266119659432088e-43
3.900000000000000000e+01 7.782958819046219511e-42
4.000000000000000000e+01 1.231354754679487648e-40
4.100000000000000000e+01 1.703473691616506832e-39
4.200000000000000000e+01 2.080443383236194511e-38
4.300000000000000000e+01 2.262627194977306936e-37
4.400000000000000000e+01 2.208680674966059678e-36
4.500000000000000000e+01 1.949116004880301035e-35
4.600000000000000000e+01 1.565229859123959493e-34
4.700000000000000000e+01 1.150701755033034001e-33
4.800000000000000000e+01 7.787231502579205370e-33
4.900000000000000000e+01 4.875683962509906890e-32
5.000000000000000000e+01 2.837534709152098832e-31
5.100000000000000000e+01 1.541568175100338305e-30
5.200000000000000000e+01 7.849100339877088453e-30
5.300000000000000000e+01 3.759262975426447253e-29
5.400000000000000000e+01 1.699353419608903051e-28
5.500000000000000000e+01 7.273249213508675220e-28
5.600000000000000000e+01 2.956005160366070887e-27
5.700000000000000000e+01 1.143913612895979969e-26
5.800000000000000000e+01 4.225623108610727753e-26
5.900000000000000000e+01 1.493556412377157238e-25
6.000000000000000000e+01 5.062226387137870771e-25
6.100000000000000000e+01 1.648707913895072819e-24
6.200000000000000000e+01 5.169681179370503313e-24
6.300000000000000000e+01 1.563451355893253695e-23
6.400000000000000000e+01 4.568140314124816795e-23
6.500000000000000000e+01 1.291569399149809080e-22
6.600000000000000000e+01 3.538884982218251715e-22
6.700000000000000000e+01 9.410097436497575916e-22
6.800000000000000000e+01 2.431496344041266919e-21
6.900000000000000000e+01 6.112863040025016755e-21
7.000000000000000000e+01 1.496980672299359832e-20
7.100000000000000000e+01 3.574938136101376282e-20
7.200000000000000000e+01 8.334036087703191949e-20
7.300000000000000000e+01 1.898478232284549184e-19
7.400000000000000000e+01 4.229850558748529003e-19
7.500000000000000000e+01 9.225666398258246258e-19
7.600000000000000000e+01 1.971459126823675379e-18
7.700000000000000000e+01 4.130857734386678851e-18
7.800000000000000000e+01 8.493419788187422707e-18
7.900000000000000000e+01 1.714848464362716848e-17
8.000000000000000000e+01 3.402241371302473884e-17
8.100000000000000000e+01 6.637148835799423205e-17
8.200000000000000000e+01 1.273920231843577065e-16
8.300000000000000000e+01 2.407140769537351481e-16
8.400000000000000000e+01 4.480242955969888770e-16
8.500000000000000000e+01 8.218136302392850538e-16
8.600000000000000000e+01 1.486404360599309914e-15
8.700000000000000000e+01 2.652177078671694087e-15
8.800000000000000000e+01 4.670576744488168952e-15
8.900000000000000000e+01 8.121429831395069691e-15
9.000000000000000000e+01 1.394991350845310813e-14
9.100000000000000000e+01 2.367895794966199803e-14
9.200000000000000000e+01 3.973499255816985093e-14
9.300000000000000000e+01 6.594219581057506234e-14
9.400000000000000000e+01 1.082646880968835664e-13
9.500000000000000000e+01 1.759099479507940767e-13
9.600000000000000000e+01 2.829534525891835549e-13
9.700000000000000000e+01 4.507084543360166715e-13
9.800000000000000000e+01 7.111514551651875501e-13
9.900000000000000000e+01 1.111830415754014383e-12
1.000000000000000000e+02 1.722837998139055278e-12
1.010000000000000000e+02 2.646637446387594285e-12
1.020000000000000000e+02 4.031798073749217637e-12
1.030000000000000000e+02 6.092048069902970193e-12
1.040000000000000000e+02 9.132505717604396030e-12
1.050000000000000000e+02 1.358553199288260289e-11
1.060000000000000000e+02 2.005938921211126122e-11
1.070000000000000000e+02 2.940382947007164300e-11
1.080000000000000000e+02 4.279791793045884544e-11
1.090000000000000000e+02 6.186687274245208160e-11
1.100000000000000000e+02 8.883653808037247945e-11
1.110000000000000000e+02 1.267363728431836811e-10
1.120000000000000000e+02 1.796646202119537433e-10
1.130000000000000000e+02 2.531327212371843176e-10
1.140000000000000000e+02 3.545101624404018944e-10
1.150000000000000000e+02 4.935959329304159432e-10
1.160000000000000000e+02 6.833487585004671130e-10
1.170000000000000000e+02 9.408154457823659725e-10
1.180000000000000000e+02 1.288305197002746196e-09
1.190000000000000000e+02 1.754867856009564238e-09
1.200000000000000000e+02 2.378145953912340187e-09
1.210000000000000000e+02 3.206684398374977311e-09
1.220000000000000000e+02 4.302797981734709586e-09
1.230000000000000000e+02 5.746115885341991803e-09
1.240000000000000000e+02 7.637944375839027847e-09
1.250000000000000000e+02 1.010661429888559936e-08
1.260000000000000000e+02 1.331400918361138875e-08
1.270000000000000000e+02 1.746350321506764133e-08
1.280000000000000000e+02 2.280957648249003178e-08
1.290000000000000000e+02 2.966941827076154946e-08
1.300000000000000000e+02 3.843687826555066174e-08
1.310000000000000000e+02 4.959918095515793789e-08
1.320000000000000000e+02 6.375688083077630171e-08
1.330000000000000000e+02 8.164760583784916534e-08
1.340000000000000000e+02 1.041742145687542343e-07
1.350000000000000000e+02 1.324380795916479408e-07
1.360000000000000000e+02 1.677783057865429131e-07
1.370000000000000000e+02 2.118177993336404380e-07
1.380000000000000000e+02 2.665172208153415346e-07
1.390000000000000000e+02 3.342379855123718743e-07
1.400000000000000000e+02 4.178156161680821978e-07
1.410000000000000000e+02 5.206449090432523629e-07
1.420000000000000000e+02 6.467785437704471737e-07
1.430000000000000000e+02 8.010409521253467320e-07
1.440000000000000000e+02 9.891594611404213353e-07
1.450000000000000000e+02 1.217914942761395811e-06
1.460000000000000000e+02 1.495314436241587520e-06
1.470000000000000000e+02 1.830788461414963850e-06
1.480000000000000000e+02 2.235416011591475031e-06
1.490000000000000000e+02 2.722180504752077129e-06
1.500000000000000000e+02 3.306260281623277151e-06
1.510000000000000000e+02 4.005357569676755122e-06
1.520000000000000000e+02 4.840070183675799715e-06
1.530000000000000000e+02 5.834310606570423245e-06
1.540000000000000000e+02 7.015777489762399742e-06
1.550000000000000000e+02 8.416485029391369477e-06
1.560000000000000000e+02 1.007335611563673852e-05
1.570000000000000000e+02 1.202888561531703528e-05
1.580000000000000000e+02 1.433188063445045700e-05
1.590000000000000000e+02 1.703828511698911235e-05
1.600000000000000000e+02 2.021209666863863169e-05
1.610000000000000000e+02 2.392638405042231083e-05
1.620000000000000000e+02 2.826441436524859091e-05
1.630000000000000000e+02 3.332089956190387495e-05
1.640000000000000000e+02 3.920337250423257573e-05
1.650000000000000000e+02 4.603370349830224678e-05
1.660000000000000000e+02 5.394976883649662533e-05
1.670000000000000000e+02 6.310728360405667915e-05
1.680000000000000000e+02 7.368181169981311864e-05
1.690000000000000000e+02 8.587096674784409347e-05
1.700000000000000000e+02 9.989681831956840534e-05
1.710000000000000000e+02 1.160085186452713746e-04
1.720000000000000000e+02 1.344851657690803175e-04
1.730000000000000000e+02 1.556389198907025815e-04
1.740000000000000000e+02 1.798183904394426230e-04
1.750000000000000000e+02 2.074123122396951985e-04
1.760000000000000000e+02 2.388535299507301346e-04
1.770000000000000000e+02 2.746233107955431537e-04
1.780000000000000000e+02 3.152560064321635364e-04
1.790000000000000000e+02 3.613440856643237130e-04
1.800000000000000000e+02 4.135435605350003003e-04
1.810000000000000000e+02 4.725798291941559273e-04
1.820000000000000000e+02 5.392539597791041290e-04
1.830000000000000000e+02 6.144494403903176223e-04
1.840000000000000000e+02 6.991394210851832039e-04
1.850000000000000000e+02 7.943944746451204325e-04
1.860000000000000000e+02 9.013909036955232131e-04
1.870000000000000000e+02 1.021419622571098597e-03
1.880000000000000000e+02 1.155895643119162625e-03
1.890000000000000000e+02 1.306368194418276426e-03
1.900000000000000000e+02 1.474531507157059900e-03
1.910000000000000000e+02 1.662236294166008271e-03
1.920000000000000000e+02 1.871501959321545403e-03
1.930000000000000000e+02 2.104529567744315485e-03
1.940000000000000000e+02 2.363715610890667652e-03
1.950000000000000000e+02 2.651666600785534608e-03
1.960000000000000000e+02 2.971214528264330516e-03
1.970000000000000000e+02 3.325433220679173754e-03
1.980000000000000000e+02 3.717655635078844813e-03
1.990000000000000000e+02 4.151492123390411286e-03
2.000000000000000000e+02 4.630849706611787561e-03
2.010000000000000000e+02 5.159952395466819650e-03
2.020000000000000000e+02 5.743362595376080154e-03
2.030000000000000000e+02 6.386003633956137057e-03
2.040000000000000000e+02 7.093183449575714630e-03
2.050000000000000000e+02 7.870619479767877041e-03
2.060000000000000000e+02 8.724464788521599928e-03
2.070000000000000000e+02 9.661335471652666637e-03
2.080000000000000000e+02 1.068833937958168015e-02
2.090000000000000000e+02 1.181310619692499224e-02
2.100000000000000000e+02 1.304381891833162645e-02
2.110000000000000000e+02 1.438924675997506342e-02
2.120000000000000000e+02 1.585877954603214998e-02
2.130000000000000000e+02 1.746246360935201081e-02
2.140000000000000000e+02 1.921103924533498417e-02
2.150000000000000000e+02 2.111597975780489522e-02
2.160000000000000000e+02 2.318953213536739666e-02
2.170000000000000000e+02 2.544475939640179415e-02
2.180000000000000000e+02 2.789558464043467162e-02
2.190000000000000000e+02 3.055683684318954985e-02
2.200000000000000000e+02 3.344429843209923564e-02
2.210000000000000000e+02 3.657475467850507256e-02
2.220000000000000000e+02 3.996604494215231368e-02
2.230000000000000000e+02 4.363711580292162912e-02
2.240000000000000000e+02 4.760807611401558781e-02
2.250000000000000000e+02 5.190025401004540184e-02
2.260000000000000000e+02 5.653625590263895717e-02
2.270000000000000000e+02 6.154002749531534838e-02
2.280000000000000000e+02 6.693691684844728373e-02
2.290000000000000000e+02 7.275373952415888079e-02
2.300000000000000000e+02 7.901884583998675105e-02
2.310000000000000000e+02 8.576219025906411941e-02
2.320000000000000000e+02 9.301540294347716842e-02
2.330000000000000000e+02 1.008118634962868188e-01
2.340000000000000000e+02 1.091867769165106722e-01
2.350000000000000000e+02 1.181772517901229225e-01
2.360000000000000000e+02 1.278223807388495226e-01
2.370000000000000000e+02 1.381633231472227108e-01
2.380000000000000000e+02 1.492433901870052759e-01
2.390000000000000000e+02 1.611081321567095215e-01
2.400000000000000000e+02 1.738054281525170663e-01
2.410000000000000000e+02 1.873855780854534747e-01
2.420000000000000000e+02 2.019013970581964301e-01
2.430000000000000000e+02 2.174083121133861540e-01
2.440000000000000000e+02 2.339644613637759385e-01
2.450000000000000000e+02 2.516307955130064888e-01
2.460000000000000000e+02 2.704711817742079250e-01
2.470000000000000000e+02 2.905525101920398701e-01
2.480000000000000000e+02 3.119448023721627106e-01
2.490000000000000000e+02 3.347213226205031922e-01
2.500000000000000000e+02 3.589586914930343875e-01
2.510000000000000000e+02 3.847370017551342558e-01
2.520000000000000000e+02 4.121399367479176568e-01
2.530000000000000000e+02 4.412548911572674037e-01
2.540000000000000000e+02 4.721730941796074554e-01
2.550000000000000000e+02 5.049897350767752480e-01
2.560000000000000000e+02 5.398040911106705142e-01
2.570000000000000000e+02 5.767196578466624590e-01
2.580000000000000000e+02 6.158442818130636098e-01
2.590000000000000000e+02 6.572902955022827953e-01
2.600000000000000000e+02 7.011746546976151961e-01
2.610000000000000000e+02 7.476190781079299352e-01
2.620000000000000000e+02 7.967501892908886996e-01
2.630000000000000000e+02 8.486996608436516709e-01
2.640000000000000000e+02 9.036043608384096704e-01
2.650000000000000000e+02 9.616065014784463960e-01
2.660000000000000000e+02 1.022853789948843017e+00
2.670000000000000000e+02 1.087499581434326679e+00
2.680000000000000000e+02 1.155703034275214591e+00
2.690000000000000000e+02 1.227629267230851973e+00
2.700000000000000000e+02 1.303449518818394104e+00
2.710000000000000000e+02 1.383341308693307736e+00
2.720000000000000000e+02 1.467488601036468721e+00
2.730000000000000000e+02 1.556081969911279783e+00
2.740000000000000000e+02 1.649318766552808402e+00
2.750000000000000000e+02 1.747403288549556288e+00
2.760000000000000000e+02 1.850546950877073549e+00
2.770000000000000000e+02 1.958968458741336738e+00
2.780000000000000000e+02 2.072893982188455553e+00
2.790000000000000000e+02 2.192557332436041229e+00
2.800000000000000000e+02 2.318200139880301602e+00
2.810000000000000000e+02 2.450072033731739207e+00
2.820000000000000000e+02 2.588430823231140376e+00
2.830000000000000000e+02 2.733542680396452873e+00
2.840000000000000000e+02 2.885682324249969621e+00
2.850000000000000000e+02 3.045133206474298415e+00
2.860000000000000000e+02 3.212187698444447292e+00
2.870000000000000000e+02 3.387147279582475079e+00
2.880000000000000000e+02 3.570322726980160510e+00
2.890000000000000000e+02 3.762034306234256942e+00
2.900000000000000000e+02 3.962611963438041229e+00
2.910000000000000000e+02 4.172395518272034032e+00
2.920000000000000000e+02 4.391734858136008945e+00
2.930000000000000000e+02 4.620990133263616961e+00
2.940000000000000000e+02 4.860531952760361207e+00
2.950000000000000000e+02 5.110741581504848696e+00
2.960000000000000000e+02 5.372011137852782170e+00
2.970000000000000000e+02 5.644743792082502765e+00
2.980000000000000000e+02 5.929353965520334668e+00
2.990000000000000000e+02 6.226267530283609020e+00
3.000000000000000000e+02 6.535922009578661651e+00
3.010000000000000000e+02 6.858766778490814175e+00
3.020000000000000000e+02 7.195263265202873626e+00
3.030000000000000000e+02 7.545885152578478916e+00
3.040000000000000000e+02 7.911118580046243132e+00
3.050000000000000000e+02 8.291462345720443494e+00
3.060000000000000000e+02 8.687428108693847406e+00
3.070000000000000000e+02 9.099540591438010750e+00
3.080000000000000000e+02 9.528337782246392607e+00
3.090000000000000000e+02 9.974371137655385411e+00
3.100000000000000000e+02 1.043820578477851591e+01
3.110000000000000000e+02 1.092042072348893100e+01
3.120000000000000000e+02 1.142160902838531555e+01
3.130000000000000000e+02 1.194237805047660927e+01
3.140000000000000000e+02 1.248334961852079239e+01
3.150000000000000000e+02 1.304516023995334706e+01
3.160000000000000000e+02 1.362846130134110645e+01
3.170000000000000000e+02 1.423391926829735432e+01
3.180000000000000000e+02 1.486221588479445721e+01
3.190000000000000000e+02 1.551404837181045870e+01
3.200000000000000000e+02 1.619012962524645260e+01
3.210000000000000000e+02 1.689118841305187857e+01
3.220000000000000000e+02 1.761796957149535459e+01
3.230000000000000000e+02 1.837123420051891287e+01
3.240000000000000000e+02 1.915175985811416126e+01
3.250000000000000000e+02 1.996034075365927052e+01
3.260000000000000000e+02 2.079778794015600951e+01
3.270000000000000000e+02 2.166492950530719241e+01
3.280000000000000000e+02 2.256261076137454680e+01
3.290000000000000000e+02 2.349169443375854982e+01
3.300000000000000000e+02 2.445306084824174775e+01
3.310000000000000000e+02 2.544760811683798707e+01
3.320000000000000000e+02 2.647625232219061076e+01
3.330000000000000000e+02 2.753992770046338379e+01
3.340000000000000000e+02 2.863958682266861544e+01
3.350000000000000000e+02 2.977620077437768842e+01
3.360000000000000000e+02 3.095075933375989052e+01
3.370000000000000000e+02 3.216427114789646424e+01
3.380000000000000000e+02 3.341776390731718749e+01
3.390000000000000000e+02 3.471228451870820209e+01
3.400000000000000000e+02 3.604889927573987052e+01
3.410000000000000000e+02 3.742869402796513612e+01
3.420000000000000000e+02 3.885277434773919225e+01
3.430000000000000000e+02 4.032226569511203706e+01
3.440000000000000000e+02 4.183831358064718842e+01
3.450000000000000000e+02 4.340208372611974852e+01
3.460000000000000000e+02 4.501476222304867747e+01
3.470000000000000000e+02 4.667755568901864649e+01
3.480000000000000000e+02 4.839169142174811356e+01
3.490000000000000000e+02 5.015841755086105280e+01
3.500000000000000000e+02 5.197900318732069991e+01
3.510000000000000000e+02 5.385473857048489776e+01
3.520000000000000000e+02 5.578693521274326628e+01
3.530000000000000000e+02 5.777692604169799750e+01
3.540000000000000000e+02 5.982606553985020525e+01
3.550000000000000000e+02 6.193572988175591831e+01
3.560000000000000000e+02 6.410731706861564305e+01
3.570000000000000000e+02 6.634224706026350304e+01
3.580000000000000000e+02 6.864196190452221913e+01
3.590000000000000000e+02 7.100792586389172811e+01
3.600000000000000000e+02 7.344162553953994177e+01
3.610000000000000000e+02 7.594456999256559016e+01
3.620000000000000000e+02 7.851829086250369016e+01
3.630000000000000000e+02 8.116434248304548760e+01
3.640000000000000000e+02 8.388430199494585793e+01
3.650000000000000000e+02 8.667976945609203199e+01
3.660000000000000000e+02 8.955236794870856443e+01
3.670000000000000000e+02 9.250374368367450018e+01
3.680000000000000000e+02 9.553556610193018628e+01
3.690000000000000000e+02 9.864952797295121911e+01
3.700000000000000000e+02 1.018473454902694897e+02
3.710000000000000000e+02 1.051307583640206502e+02
3.720000000000000000e+02 1.085015299105001532e+02
3.730000000000000000e+02 1.119614471387094170e+02
3.740000000000000000e+02 1.155123208338758900e+02
3.750000000000000000e+02 1.191559856379312521e+02
3.760000000000000000e+02 1.228943001269328050e+02
3.770000000000000000e+02 1.267291468854152328e+02
3.780000000000000000e+02 1.306624325776592173e+02
3.790000000000000000e+02 1.346960880158657119e+02
3.800000000000000000e+02 1.388320682252257541e+02
3.810000000000000000e+02 1.430723525058748464e+02
3.820000000000000000e+02 1.474189444917252558e+02
3.830000000000000000e+02 1.518738722061663111e+02
3.840000000000000000e+02 1.564391881146281946e+02
3.850000000000000000e+02 1.611169691740016958e+02
3.860000000000000000e+02 1.659093168789103743e+02
3.870000000000000000e+02 1.708183573048303288e+02
3.880000000000000000e+02 1.758462411480558387e+02
3.890000000000000000e+02 1.809951437625068706e+02
3.900000000000000000e+02 1.862672651933802683e+02
3.910000000000000000e+02 1.916648302076413870e+02
3.920000000000000000e+02 1.971900883213587576e+02
3.930000000000000000e+02 2.028453138238830036e+02
3.940000000000000000e+02 2.086328057988716296e+02
3.950000000000000000e+02 2.145548881421643159e+02
3.960000000000000000e+02 2.206139095765114746e+02
3.970000000000000000e+02 2.268122436631616665e+02
3.980000000000000000e+02 2.331522888103139053e+02
3.990000000000000000e+02 2.396364682784405886e+02
4.000000000000000000e+02 2.462672301824892998e+02
4.010000000000000000e+02 2.530470474909711527e+02
4.020000000000000000e+02 2.599784180219441510e+02
4.030000000000000000e+02 2.670638644359025307e+02
4.040000000000000000e+02 2.743059342255804722e+02
4.050000000000000000e+02 2.817071997026840222e+02
4.060000000000000000e+02 2.892702579815604054e+02
4.070000000000000000e+02 2.969977309598178294e+02
4.080000000000000000e+02 3.048922652959118977e+02
4.090000000000000000e+02 3.129565323837071560e+02
4.100000000000000000e+02 3.211932283240346351e+02
4.110000000000000000e+02 3.296050738932538025e+02
4.120000000000000000e+02 3.381948145088418300e+02
4.130000000000000000e+02 3.469652201920208654e+02
4.140000000000000000e+02 3.559190855274433147e+02
4.150000000000000000e+02 3.650592296199527027e+02
4.160000000000000000e+02 3.743884960484371049e+02
4.170000000000000000e+02 3.839097528167952760e+02
4.180000000000000000e+02 3.936258923020345719e+02
4.190000000000000000e+02 4.035398311995187441e+02
4.200000000000000000e+02 4.136545104653903877e+02
4.210000000000000000e+02 4.239728952561836195e+02
4.220000000000000000e+02 4.344979748656528500e+02
4.230000000000000000e+02 4.452327626588370890e+02
4.240000000000000000e+02 4.561802960033830914e+02
4.250000000000000000e+02 4.673436361981505343e+02
4.260000000000000000e+02 4.787258683991215094e+02
4.270000000000000000e+02 4.903301015426392837e+02
4.280000000000000000e+02 5.021594682659999194e+02
4.290000000000000000e+02 5.142171248254212514e+02
4.300000000000000000e+02 5.265062510114137240e+02
4.310000000000000000e+02 5.390300500615815054e+02
4.320000000000000000e+02 5.517917485708729828e+02
4.330000000000000000e+02 5.647945963993161058e+02
4.340000000000000000e+02 5.780418665772549502e+02
4.350000000000000000e+02 5.915368552081237112e+02
4.360000000000000000e+02 6.052828813687767706e+02
4.370000000000000000e+02 6.192832870074082621e+02
4.380000000000000000e+02 6.335414368390869413e+02
4.390000000000000000e+02 6.480607182389336458e+02
4.400000000000000000e+02 6.628445411329680610e+02
4.410000000000000000e+02 6.778963378866598077e+02
4.420000000000000000e+02 6.932195631912035196e+02
4.430000000000000000e+02 7.088176939475531526e+02
4.440000000000000000e+02 7.246942291482436076e+02
4.450000000000000000e+02 7.408526897570283154e+02
4.460000000000000000e+02 7.572966185863607507e+02
4.470000000000000000e+02 7.740295801727534126e+02
4.480000000000000000e+02 7.910551606500412163e+02
4.490000000000000000e+02 8.083769676205810129e+02
4.500000000000000000e+02 8.259986300244162294e+02
4.510000000000000000e+02 8.439237980064385738e+02
4.520000000000000000e+02 8.621561427815757952e+02
4.530000000000000000e+02 8.806993564980376732e+02
4.540000000000000000e+02 8.995571520986496807e+02
4.550000000000000000e+02 9.187332631803061531e+02
4.560000000000000000e+02 9.382314438515751363e+02
4.570000000000000000e+02 9.580554685884806077e+02
4.580000000000000000e+02 9.782091320885011783e+02
4.590000000000000000e+02 9.986962491228117642e+02
4.600000000000000000e+02 1.019520654386797901e+03
4.610000000000000000e+02 1.040686202348878169e+03
4.620000000000000000e+02 1.062196767097664406e+03
4.630000000000000000e+02 1.084056242187490625e+03
4.640000000000000000e+02 1.106268540482340768e+03
4.650000000000000000e+02 1.128837593998211560e+03
4.660000000000000000e+02 1.151767353743935018e+03
4.670000000000000000e+02 1.175061789560497800e+03
4.680000000000000000e+02 1.198724889958888070e+03
4.690000000000000000e+02 1.222760661956493777e+03
4.700000000000000000e+02 1.247173130912097577e+03
4.710000000000000000e+02 1.271966340359485457e+03
4.720000000000000000e+02 1.297144351839709771e+03
4.730000000000000000e+02 1.322711244732035311e+03
4.740000000000000000e+02 1.348671116083596871e+03
4.750000000000000000e+02 1.375028080437802146e+03
4.760000000000000000e+02 1.401786269661511142e+03
4.770000000000000000e+02 1.428949832771023694e+03
4.780000000000000000e+02 1.456522935756900551e+03
4.790000000000000000e+02 1.484509761407655560e+03
4.800000000000000000e+02 1.512914509132346666e+03
4.810000000000000000e+02 1.541741394782094858e+03
4.820000000000000000e+02 1.570994650470565603e+03
4.830000000000000000e+02 1.600678524393436192e+03
4.840000000000000000e+02 1.630797280646889476e+03
4.850000000000000000e+02 1.661355199045150812e+03
4.860000000000000000e+02 1.692356574937112100e+03
4.870000000000000000e+02 1.723805719022061112e+03
4.880000000000000000e+02 1.755706957164553160e+03
4.890000000000000000e+02 1.788064630208450808e+03
4.900000000000000000e+02 1.820883093790163002e+03
4.910000000000000000e+02 1.854166718151110672e+03
4.920000000000000000e+02 1.887919887949450867e+03
4.930000000000000000e+02 1.922147002071082852e+03
4.940000000000000000e+02 1.956852473439975256e+03
4.950000000000000000e+02 1.992040728827827706e+03
4.960000000000000000e+02 2.027716208663107636e+03
4.970000000000000000e+02 2.063883366839488644e+03
4.980000000000000000e+02 2.100546670523711327e+03
4.990000000000000000e+02 2.137710599962897504e+03
5.000000000000000000e+02 2.175379648291358990e+03
5.010000000000000000e+02 2.213558321336893187e+03
5.020000000000000000e+02 2.252251137426644163e+03
5.030000000000000000e+02 2.291462627192499895e+03
5.040000000000000000e+02 2.331197333376100232e+03
5.050000000000000000e+02 2.371459810633448342e+03
5.060000000000000000e+02 2.412254625339178347e+03
5.070000000000000000e+02 2.453586355390473727e+03
5.080000000000000000e+02 2.495459590010703778e+03
5.090000000000000000e+02 2.537878929552758109e+03
5.100000000000000000e+02 2.580848985302145593e+03
5.110000000000000000e+02 2.624374379279853201e+03
5.120000000000000000e+02 2.668459744045005209e+03
5.130000000000000000e+02 2.713109722497342773e+03
5.140000000000000000e+02 2.758328967679547986e+03
5.150000000000000000e+02 2.804122142579441061e+03
5.160000000000000000e+02 2.850493919932064273e+03
5.170000000000000000e+02 2.897448982021690426e+03
5.180000000000000000e+02 2.944992020483767647e+03
5.190000000000000000e+02 2.993127736106829161e+03
5.200000000000000000e+02 3.041860838634393531e+03
5.210000000000000000e+02 3.091196046566864425e+03
5.220000000000000000e+02 3.141138086963479964e+03
5.230000000000000000e+02 3.191691695244297534e+03
5.240000000000000000e+02 3.242861614992272735e+03
5.250000000000000000e+02 3.294652597755421084e+03
5.260000000000000000e+02 3.347069402849113430e+03
5.270000000000000000e+02 3.400116797158503687e+03
5.280000000000000000e+02 3.453799554941118913e+03
5.290000000000000000e+02 3.508122457629640394e+03
5.300000000000000000e+02 3.563090293634881164e+03
5.310000000000000000e+02 3.618707858148984087e+03
5.320000000000000000e+02 3.674979952948875507e+03
5.330000000000000000e+02 3.731911386199972185e+03
5.340000000000000000e+02 3.789506972260173825e+03
5.350000000000000000e+02 3.847771531484159368e+03
5.360000000000000000e+02 3.906709890028005248e+03
5.370000000000000000e+02 3.966326879654141521e+03
5.380000000000000000e+02 4.026627337536662708e+03
5.390000000000000000e+02 4.087616106067026067e+03
5.400000000000000000e+02 4.149298032660130957e+03
5.410000000000000000e+02 4.211677969560819292e+03
5.420000000000000000e+02 4.274760773650808005e+03
5.430000000000000000e+02 4.338551306256057615e+03
5.440000000000000000e+02 4.403054432954611912e+03
5.450000000000000000e+02 4.468275023384919223e+03
5.460000000000000000e+02 4.534217951054644800e+03
5.470000000000000000e+02 4.600888093149999804e+03
5.480000000000000000e+02 4.668290330345604161e+03
5.490000000000000000e+02 4.736429546614880564e+03
5.500000000000000000e+02 4.805310629041023276e+03
5.510000000000000000e+02 4.874938467628523540e+03
5.520000000000000000e+02 4.945317955115316181e+03
5.530000000000000000e+02 5.016453986785491907e+03
5.540000000000000000e+02 5.088351460282658081e+03
5.550000000000000000e+02 5.161015275423923413e+03
5.560000000000000000e+02 5.234450334014522923e+03
5.570000000000000000e+02 5.308661539663107760e+03
5.580000000000000000e+02 5.383653797597726225e+03
5.590000000000000000e+02 5.459432014482458726e+03
5.600000000000000000e+02 5.536001098234783058e+03
5.610000000000000000e+02 5.613365957843639990e+03
5.620000000000000000e+02 5.691531503188212810e+03
5.630000000000000000e+02 5.770502644857472660e+03
5.640000000000000000e+02 5.850284293970453291e+03
5.650000000000000000e+02 5.930881361997290696e+03
5.660000000000000000e+02 6.012298760581026727e+03
5.670000000000000000e+02 6.094541401360222153e+03
5.680000000000000000e+02 6.177614195792343708e+03
5.690000000000000000e+02 6.261522054977956032e+03
5.700000000000000000e+02 6.346269889485745807e+03
5.710000000000000000e+02 6.431862609178363527e+03
5.720000000000000000e+02 6.518305123039088357e+03
5.730000000000000000e+02 6.605602338999375206e+03
5.740000000000000000e+02 6.693759163767221253e+03
5.750000000000000000e+02 6.782780502656419230e+03
5.760000000000000000e+02 6.872671259416683824e+03
5.770000000000000000e+02 6.963436336064653915e+03
5.780000000000000000e+02 7.055080632715797947e+03
5.790000000000000000e+02 7.147609047417216971e+03
5.800000000000000000e+02 7.241026475981351723e+03
5.810000000000000000e+02 7.335337811820615570e+03
5.820000000000000000e+02 7.430547945782956958e+03
5.830000000000000000e+02 7.526661765988341358e+03
5.840000000000000000e+02 7.623684157666184547e+03
5.850000000000000000e+02 7.721620002993736307e+03
5.860000000000000000e+02 7.820474180935420009e+03
5.870000000000000000e+02 7.920251567083119880e+03
5.880000000000000000e+02 8.020957033497457815e+03
5.890000000000000000e+02 8.122595448550033325e+03
5.900000000000000000e+02 8.225171676766653036e+03
5.910000000000000000e+02 8.328690578671545154e+03
5.920000000000000000e+02 8.433157010632561651e+03
5.930000000000000000e+02 8.538575824707397260e+03
5.940000000000000000e+02 8.644951868490801644e+03
5.950000000000000000e+02 8.752289984962781091e+03
5.960000000000000000e+02 8.860595012337889784e+03
5.970000000000000000e+02 8.969871783915436026e+03
5.980000000000000000e+02 9.080125127930818053e+03
5.990000000000000000e+02 9.191359867407796628e+03
6.000000000000000000e+02 9.303580820011902688e+03
6.010000000000000000e+02 9.416792797904779945e+03
6.020000000000000000e+02 9.531000607599642535e+03
6.030000000000000000e+02 9.646209049817765845e+03
6.040000000000000000e+02 9.762422919346014169e+03
6.050000000000000000e+02 9.879647004895421560e+03
6.060000000000000000e+02 9.997886088960851339e+03
6.070000000000000000e+02 1.011714494768169607e+04
6.080000000000000000e+02 1.023742835070365254e+04
6.090000000000000000e+02 1.035874106104156817e+04
6.100000000000000000e+02 1.048108783494334239e+04
6.110000000000000000e+02 1.060447342175491212e+04
6.120000000000000000e+02 1.072890256378631057e+04
6.130000000000000000e+02 1.085437999617880814e+04
6.140000000000000000e+02 1.098091044677311402e+04
6.150000000000000000e+02 1.110849863597869080e+04
6.160000000000000000e+02 1.123714927664410970e+04
6.170000000000000000e+02 1.136686707392855715e+04
6.180000000000000000e+02 1.149765672517433086e+04
6.190000000000000000e+02 1.162952291978053290e+04
6.200000000000000000e+02 1.176247033907776495e+04
6.210000000000000000e+02 1.189650365620396769e+04
6.220000000000000000e+02 1.203162753598132076e+04
6.230000000000000000e+02 1.216784663479425581e+04
6.240000000000000000e+02 1.230516560046855011e+04
6.250000000000000000e+02 1.244358907215151339e+04
6.260000000000000000e+02 1.258312168019328783e+04
6.270000000000000000e+02 1.272376804602921038e+04
6.280000000000000000e+02 1.286553278206329742e+04
6.290000000000000000e+02 1.300842049155282439e+04
6.300000000000000000e+02 1.315243576849396777e+04
6.310000000000000000e+02 1.329758319750858027e+04
6.320000000000000000e+02 1.344386735373205011e+04
6.330000000000000000e+02 1.359129280270222989e+04
6.340000000000000000e+02 1.373986410024950601e+04
6.350000000000000000e+02 1.388958579238789571e+04
6.360000000000000000e+02 1.404046241520731746e+04
6.370000000000000000e+02 1.419249849476687996e+04
6.380000000000000000e+02 1.434569854698929703e+04
6.390000000000000000e+02 1.450006707755639400e+04
6.400000000000000000e+02 1.465560858180568539e+04
6.410000000000000000e+02 1.481232754462806042e+04
6.420000000000000000e+02 1.497022844036651986e+04
6.430000000000000000e+02 1.512931573271605157e+04
6.440000000000000000e+02 1.528959387462452469e+04
6.450000000000000000e+02 1.545106730819472796e+04
6.460000000000000000e+02 1.561374046458742123e+04
6.470000000000000000e+02 1.577761776392552747e+04
6.480000000000000000e+02 1.594270361519936159e+04
6.490000000000000000e+02 1.610900241617294887e+04
6.500000000000000000e+02 1.627651855329138380e+04
6.510000000000000000e+02 1.644525640158931492e+04
6.520000000000000000e+02 1.661522032460045375e+04
6.530000000000000000e+02 1.678641467426814779e+04
6.540000000000000000e+02 1.695884379085703040e+04
6.550000000000000000e+02 1.713251200286574385e+04
6.560000000000000000e+02 1.730742362694066469e+04
6.570000000000000000e+02 1.748358296779075681e+04
6.580000000000000000e+02 1.766099431810342139e+04
6.590000000000000000e+02 1.783966195846139090e+04
6.600000000000000000e+02 1.801959015726073267e+04
6.610000000000000000e+02 1.820078317062982751e+04
6.620000000000000000e+02 1.838324524234941418e+04
6.630000000000000000e+02 1.856698060377365255e+04
6.640000000000000000e+02 1.875199347375225989e+04
6.650000000000000000e+02 1.893828805855365863e+04
6.660000000000000000e+02 1.912586855178910264e+04
6.670000000000000000e+02 1.931473913433791313e+04
6.680000000000000000e+02 1.950490397427364587e+04
6.690000000000000000e+02 1.969636722679136074e+04
6.700000000000000000e+02 1.988913303413583708e+04
6.710000000000000000e+02 2.008320552553080415e+04
6.720000000000000000e+02 2.027858881710923379e+04
6.730000000000000000e+02 2.047528701184455349e+04
6.740000000000000000e+02 2.067330419948292911e+04
6.750000000000000000e+02 2.087264445647648245e+04
6.760000000000000000e+02 2.107331184591754572e+04
6.770000000000000000e+02 2.127531041747386553e+04
6.780000000000000000e+02 2.147864420732482176e+04
6.790000000000000000e+02 2.168331723809858158e+04
6.800000000000000000e+02 2.188933351881027556e+04
6.810000000000000000e+02 2.209669704480110522e+04
6.820000000000000000e+02 2.230541179767842550e+04
6.830000000000000000e+02 2.251548174525681316e+04
6.840000000000000000e+02 2.272691084150004099e+04
6.850000000000000000e+02 2.293970302646405980e+04
6.860000000000000000e+02 2.315386222624088259e+04
6.870000000000000000e+02 2.336939235290343277e+04
6.880000000000000000e+02 2.358629730445135647e+04
6.890000000000000000e+02 2.380458096475768980e+04
6.900000000000000000e+02 2.402424720351657015e+04
6.910000000000000000e+02 2.424529987619177336e+04
6.920000000000000000e+02 2.446774282396620765e+04
6.930000000000000000e+02 2.469157987369232796e+04
6.940000000000000000e+02 2.491681483784350348e+04
6.950000000000000000e+02 2.514345151446616728e+04
6.960000000000000000e+02 2.537149368713300646e+04
6.970000000000000000e+02 2.560094512489697445e+04
6.980000000000000000e+02 2.583180958224621645e+04
6.990000000000000000e+02 2.606409079905987892e+04
7.000000000000000000e+02 2.629779250056475939e+04
7.010000000000000000e+02 2.653291839729296771e+04
7.020000000000000000e+02 2.676947218504027842e+04
7.030000000000000000e+02 2.700745754482546909e+04
7.040000000000000000e+02 2.724687814285052809e+04
7.050000000000000000e+02 2.748773763046163731e+04
7.060000000000000000e+02 2.773003964411109337e+04
7.070000000000000000e+02 2.797378780532000383e+04
7.080000000000000000e+02 2.821898572064192194e+04
7.090000000000000000e+02 2.846563698162719083e+04
7.100000000000000000e+02 2.871374516478824080e+04
7.110000000000000000e+02 2.896331383156565425e+04
7.120000000000000000e+02 2.921434652829504194e+04
7.130000000000000000e+02 2.946684678617479949e+04
7.140000000000000000e+02 2.972081812123460259e+04
7.150000000000000000e+02 2.997626403430477149e+04
7.160000000000000000e+02 3.023318801098637050e+04
7.170000000000000000e+02 3.049159352162219875e+04
7.180000000000000000e+02 3.075148402126848669e+04
7.190000000000000000e+02 3.101286294966738205e+04
7.200000000000000000e+02 3.127573373122034900e+04
7.210000000000000000e+02 3.154009977496213105e+04
7.220000000000000000e+02 3.180596447453565270e+04
7.230000000000000000e+02 3.207333120816765222e+04
7.240000000000000000e+02 3.234220333864499844e+04
7.250000000000000000e+02 3.261258421329185148e+04
7.260000000000000000e+02 3.288447716394757299e+04
7.270000000000000000e+02 3.315788550694529840e+04
7.280000000000000000e+02 3.343281254309135693e+04
7.290000000000000000e+02 3.370926155764530995e+04
7.300000000000000000e+02 3.398723582030083344e+04
7.310000000000000000e+02 3.426673858516728797e+04
7.320000000000000000e+02 3.454777309075192170e+04
7.330000000000000000e+02 3.483034255994292471e+04
7.340000000000000000e+02 3.511445019999310171e+04
7.350000000000000000e+02 3.540009920250430878e+04
7.360000000000000000e+02 3.568729274341248674e+04
7.370000000000000000e+02 3.597603398297351669e+04
7.380000000000000000e+02 3.626632606574967940e+04
7.390000000000000000e+02 3.655817212059682788e+04
7.400000000000000000e+02 3.685157526065220009e+04
7.410000000000000000e+02 3.714653858332299569e+04
7.420000000000000000e+02 3.744306517027546215e+04
7.430000000000000000e+02 3.774115808742486115e+04
7.440000000000000000e+02 3.804082038492585707e+04
7.450000000000000000e+02 3.834205509716374945e+04
7.460000000000000000e+02 3.864486524274621479e+04
7.470000000000000000e+02 3.894925382449579774e+04
7.480000000000000000e+02 3.925522382944291894e+04
7.490000000000000000e+02 3.956277822881967586e+04
7.500000000000000000e+02 3.987191997805407300e+04
7.510000000000000000e+02 4.018265201676504512e+04
7.520000000000000000e+02 4.049497726875801163e+04
7.530000000000000000e+02 4.080889864202104218e+04
7.540000000000000000e+02 4.112441902872162609e+04
7.550000000000000000e+02 4.144154130520410399e+04
7.560000000000000000e+02 4.176026833198759414e+04
7.570000000000000000e+02 4.208060295376460999e+04
7.580000000000000000e+02 4.240254799940016528e+04
7.590000000000000000e+02 4.272610628193151933e+04
7.600000000000000000e+02 4.305128059856851178e+04
7.610000000000000000e+02 4.337807373069441383e+04
7.620000000000000000e+02 4.370648844386738347e+04
7.630000000000000000e+02 4.403652748782243725e+04
7.640000000000000000e+02 4.436819359647405508e+04
7.650000000000000000e+02 4.470148948791922885e+04
7.660000000000000000e+02 4.503641786444115860e+04
7.670000000000000000e+02 4.537298141251339257e+04
7.680000000000000000e+02 4.571118280280462932e+04
7.690000000000000000e+02 4.605102469018386910e+04
7.700000000000000000e+02 4.639250971372627100e+04
7.710000000000000000e+02 4.673564049671939574e+04
7.720000000000000000e+02 4.708041964667008142e+04
7.730000000000000000e+02 4.742684975531170494e+04
7.740000000000000000e+02 4.777493339861202548e+04
7.750000000000000000e+02 4.812467313678155188e+04
7.760000000000000000e+02 4.847607151428230281e+04
7.770000000000000000e+02 4.882913105983716378e+04
7.780000000000000000e+02 4.918385428643968044e+04
7.790000000000000000e+02 4.954024369136433234e+04
7.800000000000000000e+02 4.989830175617729401e+04
7.810000000000000000e+02 5.025803094674765453e+04
7.820000000000000000e+02 5.061943371325913904e+04
7.830000000000000000e+02 5.098251249022228149e+04
7.840000000000000000e+02 5.134726969648691738e+04
7.850000000000000000e+02 5.171370773525545519e+04
7.860000000000000000e+02 5.208182899409622769e+04
7.870000000000000000e+02 5.245163584495754185e+04
7.880000000000000000e+02 5.282313064418199065e+04
7.890000000000000000e+02 5.319631573252143426e+04
7.900000000000000000e+02 5.357119343515211949e+04
7.910000000000000000e+02 5.394776606169043953e+04
7.920000000000000000e+02 5.432603590620902833e+04
7.930000000000000000e+02 5.470600524725332798e+04
7.940000000000000000e+02 5.508767634785842529e+04
7.950000000000000000e+02 5.547105145556654315e+04
7.960000000000000000e+02 5.585613280244466296e+04
7.970000000000000000e+02 5.624292260510272172e+04
7.980000000000000000e+02 5.663142306471220945e+04
7.990000000000000000e+02 5.702163636702497024e+04
8.000000000000000000e+02 5.741356468239262176e+04
8.010000000000000000e+02 5.780721016578630224e+04
8.020000000000000000e+02 5.820257495681657019e+04
8.030000000000000000e+02 5.859966117975400994e+04
8.040000000000000000e+02 5.899847094354996807e+04
8.050000000000000000e+02 5.939900634185775561e+04
8.060000000000000000e+02 5.980126945305422123e+04
8.070000000000000000e+02 6.020526234026158636e+04
8.080000000000000000e+02 6.061098705136973149e+04
8.090000000000000000e+02 6.101844561905875889e+04
8.100000000000000000e+02 6.142764006082198466e+04
8.110000000000000000e+02 6.183857237898911990e+04
8.120000000000000000e+02 6.225124456074999034e+04
8.130000000000000000e+02 6.266565857817840151e+04
8.140000000000000000e+02 6.308181638825644040e+04
8.150000000000000000e+02 6.349971993289905367e+04
8.160000000000000000e+02 6.391937113897895324e+04
8.170000000000000000e+02 6.434077191835185658e+04
8.180000000000000000e+02 6.476392416788195987e+04
8.190000000000000000e+02 6.518882976946792041e+04
8.200000000000000000e+02 6.561549059006884636e+04
8.210000000000000000e+02 6.604390848173077393e+04
8.220000000000000000e+02 6.647408528161353024e+04
8.230000000000000000e+02 6.690602281201760343e+04
8.240000000000000000e+02 6.733972288041148568e+04
8.250000000000000000e+02 6.777518727945942373e+04
8.260000000000000000e+02 6.821241778704903845e+04
8.270000000000000000e+02 6.865141616631974466e+04
8.280000000000000000e+02 6.909218416569104011e+04
8.290000000000000000e+02 6.953472351889121637e+04
8.300000000000000000e+02 6.997903594498628809e+04
8.310000000000000000e+02 7.042512314840931504e+04
8.320000000000000000e+02 7.087298681898985524e+04
8.330000000000000000e+02 7.132262863198357809e+04
8.340000000000000000e+02 7.177405024810237228e+04
8.350000000000000000e+02 7.222725331354467198e+04
8.360000000000000000e+02 7.268223946002566663e+04
8.370000000000000000e+02 7.313901030480819463e+04
8.380000000000000000e+02 7.359756745073369530e+04
8.390000000000000000e+02 7.405791248625339358e+04
8.400000000000000000e+02 7.452004698545963038e+04
8.410000000000000000e+02 7.498397250811757112e+04
8.420000000000000000e+02 7.544969059969703085e+04
8.430000000000000000e+02 7.591720279140469211e+04
8.440000000000000000e+02 7.638651060021614830e+04
8.450000000000000000e+02 7.685761552890861640e+04
8.460000000000000000e+02 7.733051906609363505e+04
8.470000000000000000e+02 7.780522268624993740e+04
8.480000000000000000e+02 7.828172784975660034e+04
8.490000000000000000e+02 7.876003600292635383e+04
8.500000000000000000e+02 7.924014857803913765e+04
8.510000000000000000e+02 7.972206699337578902e+04
8.520000000000000000e+02 8.020579265325200686e+04
8.530000000000000000e+02 8.069132694805231586e+04
8.540000000000000000e+02 8.117867125426454004e+04
8.550000000000000000e+02 8.166782693451408704e+04
8.560000000000000000e+02 8.215879533759869810e+04
8.570000000000000000e+02 8.265157779852311069e+04
8.580000000000000000e+02 8.314617563853424508e+04
8.590000000000000000e+02 8.364259016515620169e+04
8.600000000000000000e+02 8.414082267222559312e+04
8.610000000000000000e+02 8.464087443992710905e+04
8.620000000000000000e+02 8.514274673482900835e+04
8.630000000000000000e+02 8.564644080991907686e+04
8.640000000000000000e+02 8.615195790464043966e+04
8.650000000000000000e+02 8.665929924492772261e+04
8.660000000000000000e+02 8.716846604324324289e+04
8.670000000000000000e+02 8.767945949861350527e+04
8.680000000000000000e+02 8.819228079666559643e+04
8.690000000000000000e+02 8.870693110966398672e+04
8.700000000000000000e+02 8.922341159654720104e+04
8.710000000000000000e+02 8.974172340296489710e+04
8.720000000000000000e+02 9.026186766131482727e+04
8.730000000000000000e+02 9.078384549078012060e+04
8.740000000000000000e+02 9.130765799736649205e+04
8.750000000000000000e+02 9.183330627393991745e+04
8.760000000000000000e+02 9.236079140026388632e+04
8.770000000000000000e+02 9.289011444303742610e+04
8.780000000000000000e+02 9.342127645593257330e+04
8.790000000000000000e+02 9.395427847963255772e+04
8.800000000000000000e+02 9.448912154186969565e+04
8.810000000000000000e+02 9.502580665746354498e+04
8.820000000000000000e+02 9.556433482835913310e+04
8.830000000000000000e+02 9.610470704366534483e+04
8.840000000000000000e+02 9.664692427969328128e+04
8.850000000000000000e+02 9.719098749999486608e+04
8.860000000000000000e+02 9.773689765540142253e+04
8.870000000000000000e+02 9.828465568406246894e+04
8.880000000000000000e+02 9.883426251148451411e+04
8.890000000000000000e+02 9.938571905056988180e+04
8.900000000000000000e+02 9.993902620165575354e+04
8.910000000000000000e+02 1.004941848525533278e+05
8.920000000000000000e+02 1.010511958785868046e+05
8.930000000000000000e+02 1.016100601426327630e+05
8.940000000000000000e+02 1.021707784951593785e+05
8.950000000000000000e+02 1.027333517742658441e+05
8.960000000000000000e+02 1.032977808057218208e+05
8.970000000000000000e+02 1.038640664030069602e+05
8.980000000000000000e+02 1.044322093673505442e+05
8.990000000000000000e+02 1.050022104877709498e+05
9.000000000000000000e+02 1.055740705411157105e+05
9.010000000000000000e+02 1.061477902921009663e+05
9.020000000000000000e+02 1.067233704933514673e+05
9.030000000000000000e+02 1.073008118854404747e+05
9.040000000000000000e+02 1.078801151969296188e+05
9.050000000000000000e+02 1.084612811444090621e+05
9.060000000000000000e+02 1.090443104325373715e+05
9.070000000000000000e+02 1.096292037540817691e+05
9.080000000000000000e+02 1.102159617899581790e+05
9.090000000000000000e+02 1.108045852092715359e+05
9.100000000000000000e+02 1.113950746693558613e+05
9.110000000000000000e+02 1.119874308158147760e+05
9.120000000000000000e+02 1.125816542825615616e+05
9.130000000000000000e+02 1.131777456918597309e+05
9.140000000000000000e+02 1.137757056543632207e+05
9.150000000000000000e+02 1.143755347691570496e+05
9.160000000000000000e+02 1.149772336237975542e+05
9.170000000000000000e+02 1.155808027943530324e+05
9.180000000000000000e+02 1.161862428454441688e+05
9.190000000000000000e+02 1.167935543302845326e+05
9.200000000000000000e+02 1.174027377907213377e+05
9.210000000000000000e+02 1.180137937572757946e+05
9.220000000000000000e+02 1.186267227491838566e+05
9.230000000000000000e+02 1.192415252744368336e+05
9.240000000000000000e+02 1.198582018298219919e+05
9.250000000000000000e+02 1.204767529009632271e+05
9.260000000000000000e+02 1.210971789623617224e+05
9.270000000000000000e+02 1.217194804774367367e+05
9.280000000000000000e+02 1.223436578985661472e+05
9.290000000000000000e+02 1.229697116671272670e+05
9.300000000000000000e+02 1.235976422135374742e+05
9.310000000000000000e+02 1.242274499572950008e+05
9.320000000000000000e+02 1.248591353070196637e+05
9.330000000000000000e+02 1.254926986604934937e+05
9.340000000000000000e+02 1.261281404047015676e+05
9.350000000000000000e+02 1.267654609158726817e+05
9.360000000000000000e+02 1.274046605595200817e+05
9.370000000000000000e+02 1.280457396904821508e+05
9.380000000000000000e+02 1.286886986529632559e+05
9.390000000000000000e+02 1.293335377805742755e+05
9.400000000000000000e+02 1.299802573963734467e+05
9.410000000000000000e+02 1.306288578129069792e+05
9.420000000000000000e+02 1.312793393322497432e+05
9.430000000000000000e+02 1.319317022460460430e+05
9.440000000000000000e+02 1.325859468355500721e+05
9.450000000000000000e+02 1.332420733716668328e+05
9.460000000000000000e+02 1.339000821149923722e+05
9.470000000000000000e+02 1.345599733158549061e+05
9.480000000000000000e+02 1.352217472143549239e+05
9.490000000000000000e+02 1.358854040404059924e+05
9.500000000000000000e+02 1.365509440137754136e+05
9.510000000000000000e+02 1.372183673441244464e+05
9.520000000000000000e+02 1.378876742310491391e+05
9.530000000000000000e+02 1.385588648641204927e+05
9.540000000000000000e+02 1.392319394229251484e+05
9.550000000000000000e+02 1.399068980771056667e+05
9.560000000000000000e+02 1.405837409864011861e+05
9.570000000000000000e+02 1.412624683006874693e+05
9.580000000000000000e+02 1.419430801600171835e+05
9.590000000000000000e+02 1.426255766946606454e+05
9.600000000000000000e+02 1.433099580251456646e+05
9.610000000000000000e+02 1.439962242622980848e+05
9.620000000000000000e+02 1.446843755072816857e+05
9.630000000000000000e+02 1.453744118516385206e+05
9.640000000000000000e+02 1.460663333773291088e+05
9.650000000000000000e+02 1.467601401567723951e+05
9.660000000000000000e+02 1.474558322528857097e+05
9.670000000000000000e+02 1.481534097191249894e+05
9.680000000000000000e+02 1.488528725995247660e+05
9.690000000000000000e+02 1.495542209287376609e+05
9.700000000000000000e+02 1.502574547320748097e+05
9.710000000000000000e+02 1.509625740255452693e+05
9.720000000000000000e+02 1.516695788158961805e+05
9.730000000000000000e+02 1.523784691006520879e+05
9.740000000000000000e+02 1.530892448681549577e+05
9.750000000000000000e+02 1.538019060976036999e+05
9.760000000000000000e+02 1.545164527590936341e+05
9.770000000000000000e+02 1.552328848136562738e+05
9.780000000000000000e+02 1.559512022132986167e+05
9.790000000000000000e+02 1.566714049010426970e+05
9.800000000000000000e+02 1.573934928109648463e+05
9.810000000000000000e+02 1.581174658682351874e+05
9.820000000000000000e+02 1.588433239891567791e+05
9.830000000000000000e+02 1.595710670812047319e+05
9.840000000000000000e+02 1.603006950430656725e+05
9.850000000000000000e+02 1.610322077646766265e+05
9.860000000000000000e+02 1.617656051272639015e+05
9.870000000000000000e+02 1.625008870033825515e+05
9.880000000000000000e+02 1.632380532569547941e+05
9.890000000000000000e+02 1.639771037433091551e+05
9.900000000000000000e+02 1.647180383092190896e+05
9.910000000000000000e+02 1.654608567929420969e+05
9.920000000000000000e+02 1.662055590242577600e+05
9.930000000000000000e+02 1.669521448245069187e+05
9.940000000000000000e+02 1.677006140066300286e+05
9.950000000000000000e+02 1.684509663752054621e+05
9.960000000000000000e+02 1.692032017264880415e+05
9.970000000000000000e+02 1.699573198484476015e+05
9.980000000000000000e+02 1.707133205208069412e+05
9.990000000000000000e+02 1.714712035150800948e+05
