# BB temperature (K); Intensity through filter (ph/s/m^2/mas^2)
1.000000000000000000e+01 0.000000000000000000e+00
1.100000000000000000e+01 0.000000000000000000e+00
1.200000000000000000e+01 0.000000000000000000e+00
1.300000000000000000e+01 0.000000000000000000e+00
1.400000000000000000e+01 0.000000000000000000e+00
1.500000000000000000e+01 0.000000000000000000e+00
1.600000000000000000e+01 0.000000000000000000e+00
1.700000000000000000e+01 0.000000000000000000e+00
1.800000000000000000e+01 0.000000000000000000e+00
1.900000000000000000e+01 0.000000000000000000e+00
2.000000000000000000e+01 0.000000000000000000e+00
2.100000000000000000e+01 2.153726085170047302e-21
2.200000000000000000e+01 3.334197883154701958e-20
2.300000000000000000e+01 4.072819859594933798e-19
2.400000000000000000e+01 4.043113077867006544e-18
2.500000000000000000e+01 3.343658791752702923e-17
2.600000000000000000e+01 2.352498448936511024e-16
2.700000000000000000e+01 1.433530806815752205e-15
2.800000000000000000e+01 7.682757722455300225e-15
2.900000000000000000e+01 3.669488008175325084e-14
3.000000000000000000e+01 1.579988608305252177e-13
3.100000000000000000e+01 6.194461966977776410e-13
3.200000000000000000e+01 2.230767992777169409e-12
3.300000000000000000e+01 7.436134516363406748e-12
3.400000000000000000e+01 2.310101811899062189e-11
3.500000000000000000e+01 6.728513402637828887e-11
3.600000000000000000e+01 1.847289215097652606e-10
3.700000000000000000e+01 4.803432539352608096e-10
3.800000000000000000e+01 1.188024094717005942e-09
3.900000000000000000e+01 2.805572939723223844e-09
4.000000000000000000e+01 6.348053689288150607e-09
4.100000000000000000e+01 1.380500023447114425e-08
4.200000000000000000e+01 2.893573983300915679e-08
4.300000000000000000e+01 5.860666638731221688e-08
4.400000000000000000e+01 1.149700858166786022e-07
4.500000000000000000e+01 2.189120472093417116e-07
4.600000000000000000e+01 4.053620817582403393e-07
4.700000000000000000e+01 7.312662173995034581e-07
4.800000000000000000e+01 1.287280290729902918e-06
4.900000000000000000e+01 2.214546301428514672e-06
5.000000000000000000e+01 3.728271384911777932e-06
5.100000000000000000e+01 6.150235786898114970e-06
5.200000000000000000e+01 9.952809479760252727e-06
5.300000000000000000e+01 1.581755073178601616e-05
5.400000000000000000e+01 2.471198552573617476e-05
5.500000000000000000e+01 3.798871343038370845e-05
5.600000000000000000e+01 5.751154058213659581e-05
5.700000000000000000e+01 8.581388949170135028e-05
5.800000000000000000e+01 1.262952630488739525e-04
5.900000000000000000e+01 1.834620304487813945e-04
6.000000000000000000e+01 2.632192399750777072e-04
6.100000000000000000e+01 3.732205324723081698e-04
6.200000000000000000e+01 5.232835159355630822e-04
6.300000000000000000e+01 7.258781536274920261e-04
6.400000000000000000e+01 9.966958052620297163e-04
6.500000000000000000e+01 1.355306535217954723e-03
6.600000000000000000e+01 1.825912158210256375e-03
6.700000000000000000e+01 2.438202228813196679e-03
6.800000000000000000e+01 3.228319796886442578e-03
6.900000000000000000e+01 4.239943249153704102e-03
7.000000000000000000e+01 5.525489943277858348e-03
7.100000000000000000e+01 7.147446622411445308e-03
7.200000000000000000e+01 9.179830785037427360e-03
7.300000000000000000e+01 1.170978628831746172e-02
7.400000000000000000e+01 1.483931549586821157e-02
7.500000000000000000e+01 1.868714925664417825e-02
7.600000000000000000e+01 2.339075493484420176e-02
7.700000000000000000e+01 2.910848161623429825e-02
7.800000000000000000e+01 3.602184050876380134e-02
7.900000000000000000e+01 4.433791744933222173e-02
8.000000000000000000e+01 5.429191333798642077e-02
8.100000000000000000e+01 6.614980725886486501e-02
8.200000000000000000e+01 8.021113602606987081e-02
8.300000000000000000e+01 9.681188292343134716e-02
8.400000000000000000e+01 1.163274674996955943e-01
8.500000000000000000e+01 1.391758274435709319e-01
8.600000000000000000e+01 1.658205828034899909e-01
8.700000000000000000e+01 1.967742721407054474e-01
8.800000000000000000e+01 2.326016496158825886e-01
8.900000000000000000e+01 2.739230315117932024e-01
9.000000000000000000e+01 3.214176802898963126e-01
9.100000000000000000e+01 3.758272139671477996e-01
9.200000000000000000e+01 4.379590283808207363e-01
9.300000000000000000e+01 5.086897197819525429e-01
9.400000000000000000e+01 5.889684951598067597e-01
9.500000000000000000e+01 6.798205577472341554e-01
9.600000000000000000e+01 7.823504552860673922e-01
9.700000000000000000e+01 8.977453788381467570e-01
9.800000000000000000e+01 1.027278400206215858e+00
9.900000000000000000e+01 1.172311636374302246e+00
1.000000000000000000e+02 1.334299329783609211e+00
1.010000000000000000e+02 1.514790833721442187e+00
1.020000000000000000e+02 1.715433492611230681e+00
1.030000000000000000e+02 1.937975407545264650e+00
1.040000000000000000e+02 2.184268077992171264e+00
1.050000000000000000e+02 2.456268911232579732e+00
1.060000000000000000e+02 2.756043591722945330e+00
1.070000000000000000e+02 3.085768303253564326e+00
1.080000000000000000e+02 3.447731797446968116e+00
1.090000000000000000e+02 3.844337302832061543e+00
1.100000000000000000e+02 4.278104269422671635e+00
1.110000000000000000e+02 4.751669944422122427e+00
1.120000000000000000e+02 5.267790775363822675e+00
1.130000000000000000e+02 5.829343637677744994e+00
1.140000000000000000e+02 6.439326884340677459e+00
1.150000000000000000e+02 7.100861215920838632e+00
1.160000000000000000e+02 7.817190369962314200e+00
1.170000000000000000e+02 8.591681629268963505e+00
1.180000000000000000e+02 9.427826149238970999e+00
1.190000000000000000e+02 1.032923910496815978e+01
1.200000000000000000e+02 1.129965965938090022e+01
1.210000000000000000e+02 1.234295075416063447e+01
1.220000000000000000e+02 1.346309872573686484e+01
1.230000000000000000e+02 1.466421274904059580e+01
1.240000000000000000e+02 1.595052411216623867e+01
1.250000000000000000e+02 1.732638532547285592e+01
1.260000000000000000e+02 1.879626906902320371e+01
1.270000000000000000e+02 2.036476698259379603e+01
1.280000000000000000e+02 2.203658830279400860e+01
1.290000000000000000e+02 2.381655835210800731e+01
1.300000000000000000e+02 2.570961688491911801e+01
1.310000000000000000e+02 2.772081629579461648e+01
1.320000000000000000e+02 2.985531969549884934e+01
1.330000000000000000e+02 3.211839886036585767e+01
1.340000000000000000e+02 3.451543206080086890e+01
1.350000000000000000e+02 3.705190177479159530e+01
1.360000000000000000e+02 3.973339229239955017e+01
1.370000000000000000e+02 4.256558721726774763e+01
1.380000000000000000e+02 4.555426687122413654e+01
1.390000000000000000e+02 4.870530560808509080e+01
1.400000000000000000e+02 5.202466904276640491e+01
1.410000000000000000e+02 5.551841120179560107e+01
1.420000000000000000e+02 5.919267160128806893e+01
1.430000000000000000e+02 6.305367225840218737e+01
1.440000000000000000e+02 6.710771464222662530e+01
1.450000000000000000e+02 7.136117656997760150e+01
1.460000000000000000e+02 7.582050905429467491e+01
1.470000000000000000e+02 8.049223310732472214e+01
1.480000000000000000e+02 8.538293650717247374e+01
1.490000000000000000e+02 9.049927053217649586e+01
1.500000000000000000e+02 9.584794666834123689e+01
1.510000000000000000e+02 1.014357332951180837e+02
1.520000000000000000e+02 1.072694523545887932e+02
1.530000000000000000e+02 1.133559760089522115e+02
1.540000000000000000e+02 1.197022232910644703e+02
1.550000000000000000e+02 1.263151567526236647e+02
1.560000000000000000e+02 1.332017791144290015e+02
1.570000000000000000e+02 1.403691299229799370e+02
1.580000000000000000e+02 1.478242822175153890e+02
1.590000000000000000e+02 1.555743392114236769e+02
1.600000000000000000e+02 1.636264309917874016e+02
1.610000000000000000e+02 1.719877112406561537e+02
1.620000000000000000e+02 1.806653539814726059e+02
1.630000000000000000e+02 1.896665503539079509e+02
1.640000000000000000e+02 1.989985054201960679e+02
1.650000000000000000e+02 2.086684350058894779e+02
1.660000000000000000e+02 2.186835625777965220e+02
1.670000000000000000e+02 2.290511161616958589e+02
1.680000000000000000e+02 2.397783253022663530e+02
1.690000000000000000e+02 2.508724180675128537e+02
1.700000000000000000e+02 2.623406180998135824e+02
1.710000000000000000e+02 2.741901417155663125e+02
1.720000000000000000e+02 2.864281950552595504e+02
1.730000000000000000e+02 2.990619712856555452e+02
1.740000000000000000e+02 3.120986478556274051e+02
1.750000000000000000e+02 3.255453838070586698e+02
1.760000000000000000e+02 3.394093171420818749e+02
1.770000000000000000e+02 3.536975622478014429e+02
1.780000000000000000e+02 3.684172073795232336e+02
1.790000000000000000e+02 3.835753122033951854e+02
1.800000000000000000e+02 3.991789053992424101e+02
1.810000000000000000e+02 4.152349823242723232e+02
1.820000000000000000e+02 4.317505027382161984e+02
1.830000000000000000e+02 4.487323885903694531e+02
1.840000000000000000e+02 4.661875218688948053e+02
1.850000000000000000e+02 4.841227425126556341e+02
1.860000000000000000e+02 5.025448463857580919e+02
1.870000000000000000e+02 5.214605833148905276e+02
1.880000000000000000e+02 5.408766551894688064e+02
1.890000000000000000e+02 5.607997141245148214e+02
1.900000000000000000e+02 5.812363606861213157e+02
1.910000000000000000e+02 6.021931421792857009e+02
1.920000000000000000e+02 6.236765509978255295e+02
1.930000000000000000e+02 6.456930230360260339e+02
1.940000000000000000e+02 6.682489361616139831e+02
1.950000000000000000e+02 6.913506087495841257e+02
1.960000000000000000e+02 7.150042982763640111e+02
1.970000000000000000e+02 7.392161999737465976e+02
1.980000000000000000e+02 7.639924455419717333e+02
1.990000000000000000e+02 7.893391019212975834e+02
2.000000000000000000e+02 8.152621701213631695e+02
2.010000000000000000e+02 8.417675841076007828e+02
2.020000000000000000e+02 8.688612097439282707e+02
2.030000000000000000e+02 8.965488437909120876e+02
2.040000000000000000e+02 9.248362129585733555e+02
2.050000000000000000e+02 9.537289730129697318e+02
2.060000000000000000e+02 9.832327079356705326e+02
2.070000000000000000e+02 1.013352929135220165e+03
2.080000000000000000e+02 1.044095074709658093e+03
2.090000000000000000e+02 1.075464508759157070e+03
2.100000000000000000e+02 1.107466520747815366e+03
2.110000000000000000e+02 1.140106324913631852e+03
2.120000000000000000e+02 1.173389059725682955e+03
2.130000000000000000e+02 1.207319787387501719e+03
2.140000000000000000e+02 1.241903493385663978e+03
2.150000000000000000e+02 1.277145086082565967e+03
2.160000000000000000e+02 1.313049396352392250e+03
2.170000000000000000e+02 1.349621177259245314e+03
2.180000000000000000e+02 1.386865103776433443e+03
2.190000000000000000e+02 1.424785772545884583e+03
2.200000000000000000e+02 1.463387701676685992e+03
2.210000000000000000e+02 1.502675330581722392e+03
2.220000000000000000e+02 1.542653019851408772e+03
2.230000000000000000e+02 1.583325051163507396e+03
2.240000000000000000e+02 1.624695627228029707e+03
2.250000000000000000e+02 1.666768871766231541e+03
2.260000000000000000e+02 1.709548829522706683e+03
2.270000000000000000e+02 1.753039466309604222e+03
2.280000000000000000e+02 1.797244669081996108e+03
2.290000000000000000e+02 1.842168246043440604e+03
2.300000000000000000e+02 1.887813926780777592e+03
2.310000000000000000e+02 1.934185362427227119e+03
2.320000000000000000e+02 1.981286125852855548e+03
2.330000000000000000e+02 2.029119711881495277e+03
2.340000000000000000e+02 2.077689537533211933e+03
2.350000000000000000e+02 2.126998942291424100e+03
2.360000000000000000e+02 2.177051188393804750e+03
2.370000000000000000e+02 2.227849461146085105e+03
2.380000000000000000e+02 2.279396869257926937e+03
2.390000000000000000e+02 2.331696445200008384e+03
2.400000000000000000e+02 2.384751145581511537e+03
2.410000000000000000e+02 2.438563851547201011e+03
2.420000000000000000e+02 2.493137369193292670e+03
2.430000000000000000e+02 2.548474430001342625e+03
2.440000000000000000e+02 2.604577691289386621e+03
2.450000000000000000e+02 2.661449736679584475e+03
2.460000000000000000e+02 2.719093076581632886e+03
2.470000000000000000e+02 2.777510148691226732e+03
2.480000000000000000e+02 2.836703318502872207e+03
2.490000000000000000e+02 2.896674879836357832e+03
2.500000000000000000e+02 2.957427055376213957e+03
2.510000000000000000e+02 3.018961997223497747e+03
2.520000000000000000e+02 3.081281787459269708e+03
2.530000000000000000e+02 3.144388438719134228e+03
2.540000000000000000e+02 3.208283894778217928e+03
2.550000000000000000e+02 3.272970031146012388e+03
2.560000000000000000e+02 3.338448655670476455e+03
2.570000000000000000e+02 3.404721509150849215e+03
2.580000000000000000e+02 3.471790265958606597e+03
2.590000000000000000e+02 3.539656534666035895e+03
2.600000000000000000e+02 3.608321858681887534e+03
2.610000000000000000e+02 3.677787716893621109e+03
2.620000000000000000e+02 3.748055524315722778e+03
2.630000000000000000e+02 3.819126632743627852e+03
2.640000000000000000e+02 3.891002331412777039e+03
2.650000000000000000e+02 3.963683847662353855e+03
2.660000000000000000e+02 4.037172347603257549e+03
2.670000000000000000e+02 4.111468936789884538e+03
2.680000000000000000e+02 4.186574660895317720e+03
2.690000000000000000e+02 4.262490506389485745e+03
2.700000000000000000e+02 4.339217401219955718e+03
2.710000000000000000e+02 4.416756215494919161e+03
2.720000000000000000e+02 4.495107762168070622e+03
2.730000000000000000e+02 4.574272797724969678e+03
2.740000000000000000e+02 4.654252022870580731e+03
2.750000000000000000e+02 4.735046083217639534e+03
2.760000000000000000e+02 4.816655569975551771e+03
2.770000000000000000e+02 4.899081020639474445e+03
2.780000000000000000e+02 4.982322919679339066e+03
2.790000000000000000e+02 5.066381699228464640e+03
2.800000000000000000e+02 5.151257739771552224e+03
2.810000000000000000e+02 5.236951370831729037e+03
2.820000000000000000e+02 5.323462871656451171e+03
2.830000000000000000e+02 5.410792471901947465e+03
2.840000000000000000e+02 5.498940352316041754e+03
2.850000000000000000e+02 5.587906645419054257e+03
2.860000000000000000e+02 5.677691436182630241e+03
2.870000000000000000e+02 5.768294762706221263e+03
2.880000000000000000e+02 5.859716616891075319e+03
2.890000000000000000e+02 5.951956945111503956e+03
2.900000000000000000e+02 6.045015648883251743e+03
2.910000000000000000e+02 6.138892585528809832e+03
2.920000000000000000e+02 6.233587568839469895e+03
2.930000000000000000e+02 6.329100369733987463e+03
2.940000000000000000e+02 6.425430716913685501e+03
2.950000000000000000e+02 6.522578297513864527e+03
2.960000000000000000e+02 6.620542757751347381e+03
2.970000000000000000e+02 6.719323703568075871e+03
2.980000000000000000e+02 6.818920701270584686e+03
2.990000000000000000e+02 6.919333278165271622e+03
3.000000000000000000e+02 7.020560923189311325e+03
3.010000000000000000e+02 7.122603087537144347e+03
3.020000000000000000e+02 7.225459185282418730e+03
3.030000000000000000e+02 7.329128593995281335e+03
3.040000000000000000e+02 7.433610655354951632e+03
3.050000000000000000e+02 7.538904675757476070e+03
3.060000000000000000e+02 7.645009926918585734e+03
3.070000000000000000e+02 7.751925646471580876e+03
3.080000000000000000e+02 7.859651038560196866e+03
3.090000000000000000e+02 7.968185274426339674e+03
3.100000000000000000e+02 8.077527492992685438e+03
3.110000000000000000e+02 8.187676801440034069e+03
3.120000000000000000e+02 8.298632275779422343e+03
3.130000000000000000e+02 8.410392961418892810e+03
3.140000000000000000e+02 8.522957873724928504e+03
3.150000000000000000e+02 8.636325998578466169e+03
3.160000000000000000e+02 8.750496292925488888e+03
3.170000000000000000e+02 8.865467685322164471e+03
3.180000000000000000e+02 8.981239076474454123e+03
3.190000000000000000e+02 9.097809339772251406e+03
3.200000000000000000e+02 9.215177321817940538e+03
3.210000000000000000e+02 9.333341842949428610e+03
3.220000000000000000e+02 9.452301697757589864e+03
3.230000000000000000e+02 9.572055655598127487e+03
3.240000000000000000e+02 9.692602461097852938e+03
3.250000000000000000e+02 9.813940834655360959e+03
3.260000000000000000e+02 9.936069472936093007e+03
3.270000000000000000e+02 1.005898704936181457e+04
3.280000000000000000e+02 1.018269221459448090e+04
3.290000000000000000e+02 1.030718359701449663e+04
3.300000000000000000e+02 1.043245980319340924e+04
3.310000000000000000e+02 1.055851941836098194e+04
3.320000000000000000e+02 1.068536100686672398e+04
3.330000000000000000e+02 1.081298311263584583e+04
3.340000000000000000e+02 1.094138425961966459e+04
3.350000000000000000e+02 1.107056295224048517e+04
3.360000000000000000e+02 1.120051767583095716e+04
3.370000000000000000e+02 1.133124689706794743e+04
3.380000000000000000e+02 1.146274906440095219e+04
3.390000000000000000e+02 1.159502260847500838e+04
3.400000000000000000e+02 1.172806594254824267e+04
3.410000000000000000e+02 1.186187746290398354e+04
3.420000000000000000e+02 1.199645554925748365e+04
3.430000000000000000e+02 1.213179856515735264e+04
3.440000000000000000e+02 1.226790485838159475e+04
3.450000000000000000e+02 1.240477276132844236e+04
3.460000000000000000e+02 1.254240059140185622e+04
3.470000000000000000e+02 1.268078665139187251e+04
3.480000000000000000e+02 1.281992922984970392e+04
3.490000000000000000e+02 1.295982660145772024e+04
3.500000000000000000e+02 1.310047702739430679e+04
3.510000000000000000e+02 1.324187875569360767e+04
3.520000000000000000e+02 1.338403002160026517e+04
3.530000000000000000e+02 1.352692904791912406e+04
3.540000000000000000e+02 1.367057404535997193e+04
3.550000000000000000e+02 1.381496321287734281e+04
3.560000000000000000e+02 1.396009473800543674e+04
3.570000000000000000e+02 1.410596679718817722e+04
3.580000000000000000e+02 1.425257755610446475e+04
3.590000000000000000e+02 1.439992516998864085e+04
3.600000000000000000e+02 1.454800778394625740e+04
3.610000000000000000e+02 1.469682353326512020e+04
3.620000000000000000e+02 1.484637054372172133e+04
3.630000000000000000e+02 1.499664693188301680e+04
3.640000000000000000e+02 1.514765080540371855e+04
3.650000000000000000e+02 1.529938026331898982e+04
3.660000000000000000e+02 1.545183339633273317e+04
3.670000000000000000e+02 1.560500828710140195e+04
3.680000000000000000e+02 1.575890301051343886e+04
3.690000000000000000e+02 1.591351563396440361e+04
3.700000000000000000e+02 1.606884421762772217e+04
3.710000000000000000e+02 1.622488681472128155e+04
3.720000000000000000e+02 1.638164147176972983e+04
3.730000000000000000e+02 1.653910622886266356e+04
3.740000000000000000e+02 1.669727911990865687e+04
3.750000000000000000e+02 1.685615817288524704e+04
3.760000000000000000e+02 1.701574141008484730e+04
3.770000000000000000e+02 1.717602684835672335e+04
3.780000000000000000e+02 1.733701249934493535e+04
3.790000000000000000e+02 1.749869636972252192e+04
3.800000000000000000e+02 1.766107646142166413e+04
3.810000000000000000e+02 1.782415077186015333e+04
3.820000000000000000e+02 1.798791729416404269e+04
3.830000000000000000e+02 1.815237401738659901e+04
3.840000000000000000e+02 1.831751892672351096e+04
3.850000000000000000e+02 1.848335000372458308e+04
3.860000000000000000e+02 1.864986522650167171e+04
3.870000000000000000e+02 1.881706256993323041e+04
3.880000000000000000e+02 1.898494000586520269e+04
3.890000000000000000e+02 1.915349550330859711e+04
3.900000000000000000e+02 1.932272702863347149e+04
3.910000000000000000e+02 1.949263254575971587e+04
3.920000000000000000e+02 1.966321001634433924e+04
3.930000000000000000e+02 1.983445739996554767e+04
3.940000000000000000e+02 2.000637265430357365e+04
3.950000000000000000e+02 2.017895373531822406e+04
3.960000000000000000e+02 2.035219859742331391e+04
3.970000000000000000e+02 2.052610519365796790e+04
3.980000000000000000e+02 2.070067147585478961e+04
3.990000000000000000e+02 2.087589539480498934e+04
4.000000000000000000e+02 2.105177490042056525e+04
4.010000000000000000e+02 2.122830794189344306e+04
4.020000000000000000e+02 2.140549246785167270e+04
4.030000000000000000e+02 2.158332642651279457e+04
4.040000000000000000e+02 2.176180776583433180e+04
4.050000000000000000e+02 2.194093443366141946e+04
4.060000000000000000e+02 2.212070437787173432e+04
4.070000000000000000e+02 2.230111554651762344e+04
4.080000000000000000e+02 2.248216588796552969e+04
4.090000000000000000e+02 2.266385335103284160e+04
4.100000000000000000e+02 2.284617588512196016e+04
4.110000000000000000e+02 2.302913144035195000e+04
4.120000000000000000e+02 2.321271796768748027e+04
4.130000000000000000e+02 2.339693341906534624e+04
4.140000000000000000e+02 2.358177574751847715e+04
4.150000000000000000e+02 2.376724290729747736e+04
4.160000000000000000e+02 2.395333285398977387e+04
4.170000000000000000e+02 2.414004354463638811e+04
4.180000000000000000e+02 2.432737293784634312e+04
4.190000000000000000e+02 2.451531899390878243e+04
4.200000000000000000e+02 2.470387967490279698e+04
4.210000000000000000e+02 2.489305294480497105e+04
4.220000000000000000e+02 2.508283676959483273e+04
4.230000000000000000e+02 2.527322911735797970e+04
4.240000000000000000e+02 2.546422795838712409e+04
4.250000000000000000e+02 2.565583126528107096e+04
4.260000000000000000e+02 2.584803701304152855e+04
4.270000000000000000e+02 2.604084317916788132e+04
4.280000000000000000e+02 2.623424774374999106e+04
4.290000000000000000e+02 2.642824868955896090e+04
4.300000000000000000e+02 2.662284400213594927e+04
4.310000000000000000e+02 2.681803166987901932e+04
4.320000000000000000e+02 2.701380968412816583e+04
4.330000000000000000e+02 2.721017603924838113e+04
4.340000000000000000e+02 2.740712873271091303e+04
4.350000000000000000e+02 2.760466576517272188e+04
4.360000000000000000e+02 2.780278514055410778e+04
4.370000000000000000e+02 2.800148486611458065e+04
4.380000000000000000e+02 2.820076295252707860e+04
4.390000000000000000e+02 2.840061741395033096e+04
4.400000000000000000e+02 2.860104626809965703e+04
4.410000000000000000e+02 2.880204753631608764e+04
4.420000000000000000e+02 2.900361924363380967e+04
4.430000000000000000e+02 2.920575941884605345e+04
4.440000000000000000e+02 2.940846609456940860e+04
4.450000000000000000e+02 2.961173730730652824e+04
4.460000000000000000e+02 2.981557109750740346e+04
4.470000000000000000e+02 3.001996550962900074e+04
4.480000000000000000e+02 3.022491859219356047e+04
4.490000000000000000e+02 3.043042839784533498e+04
4.500000000000000000e+02 3.063649298340594396e+04
4.510000000000000000e+02 3.084311040992831840e+04
4.520000000000000000e+02 3.105027874274922578e+04
4.530000000000000000e+02 3.125799605154048913e+04
4.540000000000000000e+02 3.146626041035879462e+04
4.550000000000000000e+02 3.167506989769423672e+04
4.560000000000000000e+02 3.188442259651752829e+04
4.570000000000000000e+02 3.209431659432599918e+04
4.580000000000000000e+02 3.230474998318820144e+04
4.590000000000000000e+02 3.251572085978743416e+04
4.600000000000000000e+02 3.272722732546399857e+04
4.610000000000000000e+02 3.293926748625620530e+04
4.620000000000000000e+02 3.315183945294025762e+04
4.630000000000000000e+02 3.336494134106902493e+04
4.640000000000000000e+02 3.357857127100957587e+04
4.650000000000000000e+02 3.379272736797966354e+04
4.660000000000000000e+02 3.400740776208315947e+04
4.670000000000000000e+02 3.422261058834425057e+04
4.680000000000000000e+02 3.443833398674079217e+04
4.690000000000000000e+02 3.465457610223640950e+04
4.700000000000000000e+02 3.487133508481174795e+04
4.710000000000000000e+02 3.508860908949458826e+04
4.720000000000000000e+02 3.530639627638906677e+04
4.730000000000000000e+02 3.552469481070387701e+04
4.740000000000000000e+02 3.574350286277951091e+04
4.750000000000000000e+02 3.596281860811459046e+04
4.760000000000000000e+02 3.618264022739125357e+04
4.770000000000000000e+02 3.640296590649966674e+04
4.780000000000000000e+02 3.662379383656161372e+04
4.790000000000000000e+02 3.684512221395320375e+04
4.800000000000000000e+02 3.706694924032681593e+04
4.810000000000000000e+02 3.728927312263201748e+04
4.820000000000000000e+02 3.751209207313585648e+04
4.830000000000000000e+02 3.773540430944223044e+04
4.840000000000000000e+02 3.795920805451043270e+04
4.850000000000000000e+02 3.818350153667300765e+04
4.860000000000000000e+02 3.840828298965276190e+04
4.870000000000000000e+02 3.863355065257906244e+04
4.880000000000000000e+02 3.885930277000332717e+04
4.890000000000000000e+02 3.908553759191393328e+04
4.900000000000000000e+02 3.931225337375020172e+04
4.910000000000000000e+02 3.953944837641584309e+04
4.920000000000000000e+02 3.976712086629166879e+04
4.930000000000000000e+02 3.999526911524759635e+04
4.940000000000000000e+02 4.022389140065402898e+04
4.950000000000000000e+02 4.045298600539255858e+04
4.960000000000000000e+02 4.068255121786604286e+04
4.970000000000000000e+02 4.091258533200805687e+04
4.980000000000000000e+02 4.114308664729168959e+04
4.990000000000000000e+02 4.137405346873782401e+04
5.000000000000000000e+02 4.160548410692274774e+04
5.010000000000000000e+02 4.183737687798518164e+04
5.020000000000000000e+02 4.206973010363282810e+04
5.030000000000000000e+02 4.230254211114821373e+04
5.040000000000000000e+02 4.253581123339413170e+04
5.050000000000000000e+02 4.276953580881844391e+04
5.060000000000000000e+02 4.300371418145841017e+04
5.070000000000000000e+02 4.323834470094450808e+04
5.080000000000000000e+02 4.347342572250367084e+04
5.090000000000000000e+02 4.370895560696208850e+04
5.100000000000000000e+02 4.394493272074756533e+04
5.110000000000000000e+02 4.418135543589125882e+04
5.120000000000000000e+02 4.441822213002917124e+04
5.130000000000000000e+02 4.465553118640289176e+04
5.140000000000000000e+02 4.489328099386017129e+04
5.150000000000000000e+02 4.513146994685487152e+04
5.160000000000000000e+02 4.537009644544661569e+04
5.170000000000000000e+02 4.560915889529982815e+04
5.180000000000000000e+02 4.584865570768260659e+04
5.190000000000000000e+02 4.608858529946499038e+04
5.200000000000000000e+02 4.632894609311690874e+04
5.210000000000000000e+02 4.656973651670574327e+04
5.220000000000000000e+02 4.681095500389352674e+04
5.230000000000000000e+02 4.705259999393366888e+04
5.240000000000000000e+02 4.729466993166749307e+04
5.250000000000000000e+02 4.753716326752024179e+04
5.260000000000000000e+02 4.778007845749682019e+04
5.270000000000000000e+02 4.802341396317721228e+04
5.280000000000000000e+02 4.826716825171147502e+04
5.290000000000000000e+02 4.851133979581451422e+04
5.300000000000000000e+02 4.875592707376047474e+04
5.310000000000000000e+02 4.900092856937683246e+04
5.320000000000000000e+02 4.924634277203815873e+04
5.330000000000000000e+02 4.949216817665960116e+04
5.340000000000000000e+02 4.973840328369012423e+04
5.350000000000000000e+02 4.998504659910537157e+04
5.360000000000000000e+02 5.023209663440028089e+04
5.370000000000000000e+02 5.047955190658143692e+04
5.380000000000000000e+02 5.072741093815920613e+04
5.390000000000000000e+02 5.097567225713949301e+04
5.400000000000000000e+02 5.122433439701532916e+04
5.410000000000000000e+02 5.147339589675817115e+04
5.420000000000000000e+02 5.172285530080903118e+04
5.430000000000000000e+02 5.197271115906920022e+04
5.440000000000000000e+02 5.222296202689097117e+04
5.450000000000000000e+02 5.247360646506791090e+04
5.460000000000000000e+02 5.272464303982509591e+04
5.470000000000000000e+02 5.297607032280896237e+04
5.480000000000000000e+02 5.322788689107711980e+04
5.490000000000000000e+02 5.348009132708780089e+04
5.500000000000000000e+02 5.373268221868918772e+04
5.510000000000000000e+02 5.398565815910857054e+04
5.520000000000000000e+02 5.423901774694124470e+04
5.530000000000000000e+02 5.449275958613928378e+04
5.540000000000000000e+02 5.474688228600007278e+04
5.550000000000000000e+02 5.500138446115469560e+04
5.560000000000000000e+02 5.525626473155619169e+04
5.570000000000000000e+02 5.551152172246755072e+04
5.580000000000000000e+02 5.576715406444962719e+04
5.590000000000000000e+02 5.602316039334886591e+04
5.600000000000000000e+02 5.627953935028488195e+04
5.610000000000000000e+02 5.653628958163779316e+04
5.620000000000000000e+02 5.679340973903563281e+04
5.630000000000000000e+02 5.705089847934139834e+04
5.640000000000000000e+02 5.730875446464002016e+04
5.650000000000000000e+02 5.756697636222531582e+04
5.660000000000000000e+02 5.782556284458660957e+04
5.670000000000000000e+02 5.808451258939543186e+04
5.680000000000000000e+02 5.834382427949189878e+04
5.690000000000000000e+02 5.860349660287117877e+04
5.700000000000000000e+02 5.886352825266961008e+04
5.710000000000000000e+02 5.912391792715097108e+04
5.720000000000000000e+02 5.938466432969237940e+04
5.730000000000000000e+02 5.964576616877030756e+04
5.740000000000000000e+02 5.990722215794630029e+04
5.750000000000000000e+02 6.016903101585277909e+04
5.760000000000000000e+02 6.043119146617860679e+04
5.770000000000000000e+02 6.069370223765462288e+04
5.780000000000000000e+02 6.095656206403909164e+04
5.790000000000000000e+02 6.121976968410303380e+04
5.800000000000000000e+02 6.148332384161555092e+04
5.810000000000000000e+02 6.174722328532892425e+04
5.820000000000000000e+02 6.201146676896379358e+04
5.830000000000000000e+02 6.227605305119414697e+04
5.840000000000000000e+02 6.254098089563232497e+04
5.850000000000000000e+02 6.280624907081385754e+04
5.860000000000000000e+02 6.307185635018237372e+04
5.870000000000000000e+02 6.333780151207427116e+04
5.880000000000000000e+02 6.360408333970342937e+04
5.890000000000000000e+02 6.387070062114597386e+04
5.900000000000000000e+02 6.413765214932468371e+04
5.910000000000000000e+02 6.440493672199361026e+04
5.920000000000000000e+02 6.467255314172258659e+04
5.930000000000000000e+02 6.494050021588159871e+04
5.940000000000000000e+02 6.520877675662517140e+04
5.950000000000000000e+02 6.547738158087675401e+04
5.960000000000000000e+02 6.574631351031297527e+04
5.970000000000000000e+02 6.601557137134787627e+04
5.980000000000000000e+02 6.628515399511715805e+04
5.990000000000000000e+02 6.655506021746242186e+04
6.000000000000000000e+02 6.682528887891520571e+04
6.010000000000000000e+02 6.709583882468106458e+04
6.020000000000000000e+02 6.736670890462386888e+04
6.030000000000000000e+02 6.763789797324963729e+04
6.040000000000000000e+02 6.790940488969064609e+04
6.050000000000000000e+02 6.818122851768946566e+04
6.060000000000000000e+02 6.845336772558289522e+04
6.070000000000000000e+02 6.872582138628589746e+04
6.080000000000000000e+02 6.899858837727560604e+04
6.090000000000000000e+02 6.927166758057521656e+04
6.100000000000000000e+02 6.954505788273792132e+04
6.110000000000000000e+02 6.981875817483068386e+04
6.120000000000000000e+02 7.009276735241829010e+04
6.130000000000000000e+02 7.036708431554712297e+04
6.140000000000000000e+02 7.064170796872896608e+04
6.150000000000000000e+02 7.091663722092499665e+04
6.160000000000000000e+02 7.119187098552945827e+04
6.170000000000000000e+02 7.146740818035375560e+04
6.180000000000000000e+02 7.174324772760993801e+04
6.190000000000000000e+02 7.201938855389486707e+04
6.200000000000000000e+02 7.229582959017377289e+04
6.210000000000000000e+02 7.257256977176434884e+04
6.220000000000000000e+02 7.284960803832033707e+04
6.230000000000000000e+02 7.312694333381560864e+04
6.240000000000000000e+02 7.340457460652774898e+04
6.250000000000000000e+02 7.368250080902207992e+04
6.260000000000000000e+02 7.396072089813552157e+04
6.270000000000000000e+02 7.423923383496032329e+04
6.280000000000000000e+02 7.451803858482805663e+04
6.290000000000000000e+02 7.479713411729343352e+04
6.300000000000000000e+02 7.507651940611822647e+04
6.310000000000000000e+02 7.535619342925510136e+04
6.320000000000000000e+02 7.563615516883169767e+04
6.330000000000000000e+02 7.591640361113434483e+04
6.340000000000000000e+02 7.619693774659222981e+04
6.350000000000000000e+02 7.647775656976115715e+04
6.360000000000000000e+02 7.675885907930768735e+04
6.370000000000000000e+02 7.704024427799304249e+04
6.380000000000000000e+02 7.732191117265715729e+04
6.390000000000000000e+02 7.760385877420273027e+04
6.400000000000000000e+02 7.788608609757928934e+04
6.410000000000000000e+02 7.816859216176722839e+04
6.420000000000000000e+02 7.845137598976188747e+04
6.430000000000000000e+02 7.873443660855783673e+04
6.440000000000000000e+02 7.901777304913286935e+04
6.450000000000000000e+02 7.930138434643216897e+04
6.460000000000000000e+02 7.958526953935269557e+04
6.470000000000000000e+02 7.986942767072722199e+04
6.480000000000000000e+02 8.015385778730866150e+04
6.490000000000000000e+02 8.043855893975442450e+04
6.500000000000000000e+02 8.072353018261055695e+04
6.510000000000000000e+02 8.100877057429628621e+04
6.520000000000000000e+02 8.129427917708829045e+04
6.530000000000000000e+02 8.158005505710502621e+04
6.540000000000000000e+02 8.186609728429133247e+04
6.550000000000000000e+02 8.215240493240284559e+04
6.560000000000000000e+02 8.243897707899034140e+04
6.570000000000000000e+02 8.272581280538454303e+04
6.580000000000000000e+02 8.301291119668044848e+04
6.590000000000000000e+02 8.330027134172202204e+04
6.600000000000000000e+02 8.358789233308692928e+04
6.610000000000000000e+02 8.387577326707101020e+04
6.620000000000000000e+02 8.416391324367314519e+04
6.630000000000000000e+02 8.445231136657994648e+04
6.640000000000000000e+02 8.474096674315050768e+04
6.650000000000000000e+02 8.502987848440129892e+04
6.660000000000000000e+02 8.531904570499087276e+04
6.670000000000000000e+02 8.560846752320499218e+04
6.680000000000000000e+02 8.589814306094138010e+04
6.690000000000000000e+02 8.618807144369467278e+04
6.700000000000000000e+02 8.647825180054162047e+04
6.710000000000000000e+02 8.676868326412593888e+04
6.720000000000000000e+02 8.705936497064348077e+04
6.730000000000000000e+02 8.735029605982742214e+04
6.740000000000000000e+02 8.764147567493331735e+04
6.750000000000000000e+02 8.793290296272438718e+04
6.760000000000000000e+02 8.822457707345685048e+04
6.770000000000000000e+02 8.851649716086497938e+04
6.780000000000000000e+02 8.880866238214672194e+04
6.790000000000000000e+02 8.910107189794891747e+04
6.800000000000000000e+02 8.939372487235273002e+04
6.810000000000000000e+02 8.968662047285921290e+04
6.820000000000000000e+02 8.997975787037466944e+04
6.830000000000000000e+02 9.027313623919645033e+04
6.840000000000000000e+02 9.056675475699818344e+04
6.850000000000000000e+02 9.086061260481580393e+04
6.860000000000000000e+02 9.115470896703303151e+04
6.870000000000000000e+02 9.144904303136712406e+04
6.880000000000000000e+02 9.174361398885468952e+04
6.890000000000000000e+02 9.203842103383749782e+04
6.900000000000000000e+02 9.233346336394833634e+04
6.910000000000000000e+02 9.262874018009696738e+04
6.920000000000000000e+02 9.292425068645605643e+04
6.930000000000000000e+02 9.321999409044715867e+04
6.940000000000000000e+02 9.351596960272680735e+04
6.950000000000000000e+02 9.381217643717257306e+04
6.960000000000000000e+02 9.410861381086929759e+04
6.970000000000000000e+02 9.440528094409513869e+04
6.980000000000000000e+02 9.470217706030796398e+04
6.990000000000000000e+02 9.499930138613155577e+04
7.000000000000000000e+02 9.529665315134187404e+04
7.010000000000000000e+02 9.559423158885363955e+04
7.020000000000000000e+02 9.589203593470650958e+04
7.030000000000000000e+02 9.619006542805176286e+04
7.040000000000000000e+02 9.648831931113872270e+04
7.050000000000000000e+02 9.678679682930128183e+04
7.060000000000000000e+02 9.708549723094466026e+04
7.070000000000000000e+02 9.738441976753193012e+04
7.080000000000000000e+02 9.768356369357077347e+04
7.090000000000000000e+02 9.798292826660031278e+04
7.100000000000000000e+02 9.828251274717778142e+04
7.110000000000000000e+02 9.858231639886552875e+04
7.120000000000000000e+02 9.888233848821779247e+04
7.130000000000000000e+02 9.918257828476777649e+04
7.140000000000000000e+02 9.948303506101452513e+04
7.150000000000000000e+02 9.978370809241007373e+04
7.160000000000000000e+02 1.000845966573464248e+05
7.170000000000000000e+02 1.003857000371429167e+05
7.180000000000000000e+02 1.006870175160331564e+05
7.190000000000000000e+02 1.009885483811524464e+05
7.200000000000000000e+02 1.012902919225249789e+05
7.210000000000000000e+02 1.015922474330511905e+05
7.220000000000000000e+02 1.018944142084952036e+05
7.230000000000000000e+02 1.021967915474721667e+05
7.240000000000000000e+02 1.024993787514358846e+05
7.250000000000000000e+02 1.028021751246661588e+05
7.260000000000000000e+02 1.031051799742565636e+05
7.270000000000000000e+02 1.034083926101018878e+05
7.280000000000000000e+02 1.037118123448860133e+05
7.290000000000000000e+02 1.040154384940694290e+05
7.300000000000000000e+02 1.043192703758772113e+05
7.310000000000000000e+02 1.046233073112866550e+05
7.320000000000000000e+02 1.049275486240153259e+05
7.330000000000000000e+02 1.052319936405088520e+05
7.340000000000000000e+02 1.055366416899288743e+05
7.350000000000000000e+02 1.058414921041412454e+05
7.360000000000000000e+02 1.061465442177038494e+05
7.370000000000000000e+02 1.064517973678549024e+05
7.380000000000000000e+02 1.067572508945010050e+05
7.390000000000000000e+02 1.070629041402054136e+05
7.400000000000000000e+02 1.073687564501762390e+05
7.410000000000000000e+02 1.076748071722548484e+05
7.420000000000000000e+02 1.079810556569040491e+05
7.430000000000000000e+02 1.082875012571966799e+05
7.440000000000000000e+02 1.085941433288039261e+05
7.450000000000000000e+02 1.089009812299838522e+05
7.460000000000000000e+02 1.092080143215700082e+05
7.470000000000000000e+02 1.095152419669598748e+05
7.480000000000000000e+02 1.098226635321036447e+05
7.490000000000000000e+02 1.101302783854928275e+05
7.500000000000000000e+02 1.104380858981490019e+05
7.510000000000000000e+02 1.107460854436125810e+05
7.520000000000000000e+02 1.110542763979317388e+05
7.530000000000000000e+02 1.113626581396510446e+05
7.540000000000000000e+02 1.116712300498007244e+05
7.550000000000000000e+02 1.119799915118852514e+05
7.560000000000000000e+02 1.122889419118726655e+05
7.570000000000000000e+02 1.125980806381835428e+05
7.580000000000000000e+02 1.129074070816799649e+05
7.590000000000000000e+02 1.132169206356548093e+05
7.600000000000000000e+02 1.135266206958210387e+05
7.610000000000000000e+02 1.138365066603006562e+05
7.620000000000000000e+02 1.141465779296143301e+05
7.630000000000000000e+02 1.144568339066704357e+05
7.640000000000000000e+02 1.147672739967547386e+05
7.650000000000000000e+02 1.150778976075194951e+05
7.660000000000000000e+02 1.153887041489731491e+05
7.670000000000000000e+02 1.156996930334698554e+05
7.680000000000000000e+02 1.160108636756989581e+05
7.690000000000000000e+02 1.163222154926746152e+05
7.700000000000000000e+02 1.166337479037254379e+05
7.710000000000000000e+02 1.169454603304843040e+05
7.720000000000000000e+02 1.172573521968779824e+05
7.730000000000000000e+02 1.175694229291170486e+05
7.740000000000000000e+02 1.178816719556854659e+05
7.750000000000000000e+02 1.181940987073308206e+05
7.760000000000000000e+02 1.185067026170539903e+05
7.770000000000000000e+02 1.188194831200992048e+05
7.780000000000000000e+02 1.191324396539440786e+05
7.790000000000000000e+02 1.194455716582895984e+05
7.800000000000000000e+02 1.197588785750502575e+05
7.810000000000000000e+02 1.200723598483442620e+05
7.820000000000000000e+02 1.203860149244836211e+05
7.830000000000000000e+02 1.206998432519645139e+05
7.840000000000000000e+02 1.210138442814573646e+05
7.850000000000000000e+02 1.213280174657973403e+05
7.860000000000000000e+02 1.216423622599746450e+05
7.870000000000000000e+02 1.219568781211249734e+05
7.880000000000000000e+02 1.222715645085198485e+05
7.890000000000000000e+02 1.225864208835572208e+05
7.900000000000000000e+02 1.229014467097519955e+05
7.910000000000000000e+02 1.232166414527265442e+05
7.920000000000000000e+02 1.235320045802014065e+05
7.930000000000000000e+02 1.238475355619858019e+05
7.940000000000000000e+02 1.241632338699685934e+05
7.950000000000000000e+02 1.244790989781087410e+05
7.960000000000000000e+02 1.247951303624263528e+05
7.970000000000000000e+02 1.251113275009932840e+05
7.980000000000000000e+02 1.254276898739241587e+05
7.990000000000000000e+02 1.257442169633672311e+05
8.000000000000000000e+02 1.260609082534953777e+05
8.010000000000000000e+02 1.263777632304969738e+05
8.020000000000000000e+02 1.266947813825670746e+05
8.030000000000000000e+02 1.270119621998984512e+05
8.040000000000000000e+02 1.273293051746726269e+05
8.050000000000000000e+02 1.276468098010511312e+05
8.060000000000000000e+02 1.279644755751666671e+05
8.070000000000000000e+02 1.282823019951142342e+05
8.080000000000000000e+02 1.286002885609427321e+05
8.090000000000000000e+02 1.289184347746458225e+05
8.100000000000000000e+02 1.292367401401536627e+05
8.110000000000000000e+02 1.295552041633241461e+05
8.120000000000000000e+02 1.298738263519343309e+05
8.130000000000000000e+02 1.301926062156719709e+05
8.140000000000000000e+02 1.305115432661269879e+05
8.150000000000000000e+02 1.308306370167830319e+05
8.160000000000000000e+02 1.311498869830090553e+05
8.170000000000000000e+02 1.314692926820510183e+05
8.180000000000000000e+02 1.317888536330235074e+05
8.190000000000000000e+02 1.321085693569014547e+05
8.200000000000000000e+02 1.324284393765118439e+05
8.210000000000000000e+02 1.327484632165255607e+05
8.220000000000000000e+02 1.330686404034491861e+05
8.230000000000000000e+02 1.333889704656168178e+05
8.240000000000000000e+02 1.337094529331820959e+05
8.250000000000000000e+02 1.340300873381099082e+05
8.260000000000000000e+02 1.343508732141687651e+05
8.270000000000000000e+02 1.346718100969221559e+05
8.280000000000000000e+02 1.349928975237214181e+05
8.290000000000000000e+02 1.353141350336970936e+05
8.300000000000000000e+02 1.356355221677515074e+05
8.310000000000000000e+02 1.359570584685507929e+05
8.320000000000000000e+02 1.362787434805169469e+05
8.330000000000000000e+02 1.366005767498202331e+05
8.340000000000000000e+02 1.369225578243714117e+05
8.350000000000000000e+02 1.372446862538140558e+05
8.360000000000000000e+02 1.375669615895168681e+05
8.370000000000000000e+02 1.378893833845659683e+05
8.380000000000000000e+02 1.382119511937574716e+05
8.390000000000000000e+02 1.385346645735898055e+05
8.400000000000000000e+02 1.388575230822562880e+05
8.410000000000000000e+02 1.391805262796375318e+05
8.420000000000000000e+02 1.395036737272941391e+05
8.430000000000000000e+02 1.398269649884590763e+05
8.440000000000000000e+02 1.401503996280305728e+05
8.450000000000000000e+02 1.404739772125645541e+05
8.460000000000000000e+02 1.407976973102673946e+05
8.470000000000000000e+02 1.411215594909887295e+05
8.480000000000000000e+02 1.414455633262140036e+05
8.490000000000000000e+02 1.417697083890576032e+05
8.500000000000000000e+02 1.420939942542553181e+05
8.510000000000000000e+02 1.424184204981573857e+05
8.520000000000000000e+02 1.427429866987213900e+05
8.530000000000000000e+02 1.430676924355052179e+05
8.540000000000000000e+02 1.433925372896598419e+05
8.550000000000000000e+02 1.437175208439225389e+05
8.560000000000000000e+02 1.440426426826097304e+05
8.570000000000000000e+02 1.443679023916102306e+05
8.580000000000000000e+02 1.446932995583781449e+05
8.590000000000000000e+02 1.450188337719261181e+05
8.600000000000000000e+02 1.453445046228183492e+05
8.610000000000000000e+02 1.456703117031641304e+05
8.620000000000000000e+02 1.459962546066106006e+05
8.630000000000000000e+02 1.463223329283362837e+05
8.640000000000000000e+02 1.466485462650443369e+05
8.650000000000000000e+02 1.469748942149558570e+05
8.660000000000000000e+02 1.473013763778031280e+05
8.670000000000000000e+02 1.476279923548233346e+05
8.680000000000000000e+02 1.479547417487513158e+05
8.690000000000000000e+02 1.482816241638137726e+05
8.700000000000000000e+02 1.486086392057222256e+05
8.710000000000000000e+02 1.489357864816666988e+05
8.720000000000000000e+02 1.492630656003093172e+05
8.730000000000000000e+02 1.495904761717776710e+05
8.740000000000000000e+02 1.499180178076585580e+05
8.750000000000000000e+02 1.502456901209916687e+05
8.760000000000000000e+02 1.505734927262630954e+05
8.770000000000000000e+02 1.509014252393990173e+05
8.780000000000000000e+02 1.512294872777595883e+05
8.790000000000000000e+02 1.515576784601324471e+05
8.800000000000000000e+02 1.518859984067268088e+05
8.810000000000000000e+02 1.522144467391669168e+05
8.820000000000000000e+02 1.525430230804860184e+05
8.830000000000000000e+02 1.528717270551203692e+05
8.840000000000000000e+02 1.532005582889028592e+05
8.850000000000000000e+02 1.535295164090573380e+05
8.860000000000000000e+02 1.538586010441920080e+05
8.870000000000000000e+02 1.541878118242938654e+05
8.880000000000000000e+02 1.545171483807224140e+05
8.890000000000000000e+02 1.548466103462040774e+05
8.900000000000000000e+02 1.551761973548257665e+05
8.910000000000000000e+02 1.555059090420293505e+05
8.920000000000000000e+02 1.558357450446055154e+05
8.930000000000000000e+02 1.561657050006882055e+05
8.940000000000000000e+02 1.564957885497485695e+05
8.950000000000000000e+02 1.568259953325891984e+05
8.960000000000000000e+02 1.571563249913384789e+05
8.970000000000000000e+02 1.574867771694445983e+05
8.980000000000000000e+02 1.578173515116702183e+05
8.990000000000000000e+02 1.581480476640863926e+05
9.000000000000000000e+02 1.584788652740670368e+05
9.010000000000000000e+02 1.588098039902835153e+05
9.020000000000000000e+02 1.591408634626987623e+05
9.030000000000000000e+02 1.594720433425616939e+05
9.040000000000000000e+02 1.598033432824019110e+05
9.050000000000000000e+02 1.601347629360239080e+05
9.060000000000000000e+02 1.604663019585017464e+05
9.070000000000000000e+02 1.607979600061734964e+05
9.080000000000000000e+02 1.611297367366356775e+05
9.090000000000000000e+02 1.614616318087381078e+05
9.100000000000000000e+02 1.617936448825783154e+05
9.110000000000000000e+02 1.621257756194961548e+05
9.120000000000000000e+02 1.624580236820685968e+05
9.130000000000000000e+02 1.627903887341041700e+05
9.140000000000000000e+02 1.631228704406380130e+05
9.150000000000000000e+02 1.634554684679262282e+05
9.160000000000000000e+02 1.637881824834410509e+05
9.170000000000000000e+02 1.641210121558649698e+05
9.180000000000000000e+02 1.644539571550864785e+05
9.190000000000000000e+02 1.647870171521939337e+05
9.200000000000000000e+02 1.651201918194711034e+05
9.210000000000000000e+02 1.654534808303916652e+05
9.220000000000000000e+02 1.657868838596143178e+05
9.230000000000000000e+02 1.661204005829775997e+05
9.240000000000000000e+02 1.664540306774947676e+05
9.250000000000000000e+02 1.667877738213489938e+05
9.260000000000000000e+02 1.671216296938882151e+05
9.270000000000000000e+02 1.674555979756200686e+05
9.280000000000000000e+02 1.677896783482070896e+05
9.290000000000000000e+02 1.681238704944617639e+05
9.300000000000000000e+02 1.684581740983416385e+05
9.310000000000000000e+02 1.687925888449441700e+05
9.320000000000000000e+02 1.691271144205023011e+05
9.330000000000000000e+02 1.694617505123792216e+05
9.340000000000000000e+02 1.697964968090638286e+05
9.350000000000000000e+02 1.701313530001657491e+05
9.360000000000000000e+02 1.704663187764108297e+05
9.370000000000000000e+02 1.708013938296359847e+05
9.380000000000000000e+02 1.711365778527847724e+05
9.390000000000000000e+02 1.714718705399025348e+05
9.400000000000000000e+02 1.718072715861320321e+05
9.410000000000000000e+02 1.721427806877083494e+05
9.420000000000000000e+02 1.724783975419544149e+05
9.430000000000000000e+02 1.728141218472765177e+05
9.440000000000000000e+02 1.731499533031596220e+05
9.450000000000000000e+02 1.734858916101627692e+05
9.460000000000000000e+02 1.738219364699145081e+05
9.470000000000000000e+02 1.741580875851085002e+05
9.480000000000000000e+02 1.744943446594988927e+05
9.490000000000000000e+02 1.748307073978957778e+05
9.500000000000000000e+02 1.751671755061609438e+05
9.510000000000000000e+02 1.755037486912031600e+05
9.520000000000000000e+02 1.758404266609740152e+05
9.530000000000000000e+02 1.761772091244633775e+05
9.540000000000000000e+02 1.765140957916949119e+05
9.550000000000000000e+02 1.768510863737220061e+05
9.560000000000000000e+02 1.771881805826230848e+05
9.570000000000000000e+02 1.775253781314976513e+05
9.580000000000000000e+02 1.778626787344616314e+05
9.590000000000000000e+02 1.782000821066434146e+05
9.600000000000000000e+02 1.785375879641793435e+05
9.610000000000000000e+02 1.788751960242096393e+05
9.620000000000000000e+02 1.792129060048740939e+05
9.630000000000000000e+02 1.795507176253078505e+05
9.640000000000000000e+02 1.798886306056373869e+05
9.650000000000000000e+02 1.802266446669762372e+05
9.660000000000000000e+02 1.805647595314207429e+05
9.670000000000000000e+02 1.809029749220460653e+05
9.680000000000000000e+02 1.812412905629022280e+05
9.690000000000000000e+02 1.815797061790098087e+05
9.700000000000000000e+02 1.819182214963556908e+05
9.710000000000000000e+02 1.822568362418896286e+05
9.720000000000000000e+02 1.825955501435196784e+05
9.730000000000000000e+02 1.829343629301084438e+05
9.740000000000000000e+02 1.832732743314688851e+05
9.750000000000000000e+02 1.836122840783608262e+05
9.760000000000000000e+02 1.839513919024862698e+05
9.770000000000000000e+02 1.842905975364860788e+05
9.780000000000000000e+02 1.846299007139359019e+05
9.790000000000000000e+02 1.849693011693420704e+05
9.800000000000000000e+02 1.853087986381379596e+05
9.810000000000000000e+02 1.856483928566801187e+05
9.820000000000000000e+02 1.859880835622442828e+05
9.830000000000000000e+02 1.863278704930216772e+05
9.840000000000000000e+02 1.866677533881150302e+05
9.850000000000000000e+02 1.870077319875351968e+05
9.860000000000000000e+02 1.873478060321969388e+05
9.870000000000000000e+02 1.876879752639153739e+05
9.880000000000000000e+02 1.880282394254021638e+05
9.890000000000000000e+02 1.883685982602621079e+05
9.900000000000000000e+02 1.887090515129889245e+05
9.910000000000000000e+02 1.890495989289619902e+05
9.920000000000000000e+02 1.893902402544424403e+05
9.930000000000000000e+02 1.897309752365697059e+05
9.940000000000000000e+02 1.900718036233578168e+05
9.950000000000000000e+02 1.904127251636915607e+05
9.960000000000000000e+02 1.907537396073232812e+05
9.970000000000000000e+02 1.910948467048690363e+05
9.980000000000000000e+02 1.914360462078051351e+05
9.990000000000000000e+02 1.917773378684645577e+05
