# BB temperature (K); Intensity through filter (ph/s/m^2/mas^2)
1.000000000000000000e+01 0.000000000000000000e+00
1.100000000000000000e+01 0.000000000000000000e+00
1.200000000000000000e+01 0.000000000000000000e+00
1.300000000000000000e+01 0.000000000000000000e+00
1.400000000000000000e+01 0.000000000000000000e+00
1.500000000000000000e+01 0.000000000000000000e+00
1.600000000000000000e+01 0.000000000000000000e+00
1.700000000000000000e+01 0.000000000000000000e+00
1.800000000000000000e+01 0.000000000000000000e+00
1.900000000000000000e+01 0.000000000000000000e+00
2.000000000000000000e+01 0.000000000000000000e+00
2.100000000000000000e+01 3.334570911162071114e-74
2.200000000000000000e+01 1.442797506204932791e-70
2.300000000000000000e+01 3.020529590188180077e-67
2.400000000000000000e+01 3.350006658083335465e-64
2.500000000000000000e+01 2.124072436108343210e-61
2.600000000000000000e+01 8.211913068535004610e-59
2.700000000000000000e+01 2.045109722877751144e-56
2.800000000000000000e+01 3.438962354921251245e-54
2.900000000000000000e+01 4.066307775141698956e-52
3.000000000000000000e+01 3.501952220492792010e-50
3.100000000000000000e+01 2.264971420481318360e-48
3.200000000000000000e+01 1.130058923988722035e-46
3.300000000000000000e+01 4.453057065267628653e-45
3.400000000000000000e+01 1.415025145288770478e-43
3.500000000000000000e+01 3.693324320068822738e-42
3.600000000000000000e+01 8.048754968479201250e-41
3.700000000000000000e+01 1.486073842644321312e-39
3.800000000000000000e+01 2.355200264553959571e-38
3.900000000000000000e+01 3.241789290888029007e-37
4.000000000000000000e+01 3.916480629772734437e-36
4.100000000000000000e+01 4.192753105292760899e-35
4.200000000000000000e+01 4.011795706153132310e-34
4.300000000000000000e+01 3.457885970223945388e-33
4.400000000000000000e+01 2.703974109355101787e-32
4.500000000000000000e+01 1.930758039622107362e-31
4.600000000000000000e+01 1.266355606342913425e-30
4.700000000000000000e+01 7.670728565627606126e-30
4.800000000000000000e+01 4.312465004891279879e-29
4.900000000000000000e+01 2.260485716179768082e-28
5.000000000000000000e+01 1.109394929250529944e-27
5.100000000000000000e+01 5.117491720647621224e-27
5.200000000000000000e+01 2.226712030207802201e-26
5.300000000000000000e+01 9.169369251900353024e-26
5.400000000000000000e+01 3.584346084080047362e-25
5.500000000000000000e+01 1.333845953670334204e-24
5.600000000000000000e+01 4.737716938542688081e-24
5.700000000000000000e+01 1.610136110701219011e-23
5.800000000000000000e+01 5.247776022974448852e-23
5.900000000000000000e+01 1.643725924590506382e-22
6.000000000000000000e+01 4.957762532006312991e-22
6.100000000000000000e+01 1.442609056423378108e-21
6.200000000000000000e+01 4.056680347199591748e-21
6.300000000000000000e+01 1.104223498278785235e-20
6.400000000000000000e+01 2.913856171425651052e-20
6.500000000000000000e+01 7.464907303786787132e-20
6.600000000000000000e+01 1.859125131324584700e-19
6.700000000000000000e+01 4.506804196890438385e-19
6.800000000000000000e+01 1.064683216143663333e-18
6.900000000000000000e+01 2.453859541796280732e-18
7.000000000000000000e+01 5.523505178241824020e-18
7.100000000000000000e+01 1.215480583651970887e-17
7.200000000000000000e+01 2.617326577263064922e-17
7.300000000000000000e+01 5.519891253268094259e-17
7.400000000000000000e+01 1.141119418599535529e-16
7.500000000000000000e+01 2.314224236793195706e-16
7.600000000000000000e+01 4.607667966303614890e-16
7.700000000000000000e+01 9.012991187995428642e-16
7.800000000000000000e+01 1.733259068649556960e-15
7.900000000000000000e+01 3.279024129981683664e-15
8.000000000000000000e+01 6.106300950950306487e-15
8.100000000000000000e+01 1.119997400351375106e-14
8.200000000000000000e+01 2.024424058655439053e-14
8.300000000000000000e+01 3.607950001115065406e-14
8.400000000000000000e+01 6.343253617016701466e-14
8.500000000000000000e+01 1.100687271685581313e-13
8.600000000000000000e+01 1.885880753967625846e-13
8.700000000000000000e+01 3.191919631509730657e-13
8.800000000000000000e+01 5.338970804353239393e-13
8.900000000000000000e+01 8.828834401943751826e-13
9.000000000000000000e+01 1.443956550856585981e-12
9.100000000000000000e+01 2.336508067242193534e-12
9.200000000000000000e+01 3.741911324298927791e-12
9.300000000000000000e+01 5.933035129137623607e-12
9.400000000000000000e+01 9.316560773571023762e-12
9.500000000000000000e+01 1.449311858167058755e-11
9.600000000000000000e+01 2.234201517689560210e-11
9.700000000000000000e+01 3.413961704068296857e-11
9.800000000000000000e+01 5.172343222463951398e-11
9.900000000000000000e+01 7.771776369904822768e-11
1.000000000000000000e+02 1.158417044300376155e-10
1.010000000000000000e+02 1.713264574986839088e-10
1.020000000000000000e+02 2.514767942670763970e-10
1.030000000000000000e+02 3.664212646601301622e-10
1.040000000000000000e+02 5.301079633219068341e-10
1.050000000000000000e+02 7.616177211119324507e-10
1.060000000000000000e+02 1.086885098863051049e-09
1.070000000000000000e+02 1.540940162168764732e-09
1.080000000000000000e+02 2.170811460604289934e-09
1.090000000000000000e+02 3.039263775414905597e-09
1.100000000000000000e+02 4.229584003470014627e-09
1.110000000000000000e+02 5.851676102378325619e-09
1.120000000000000000e+02 8.049782554300949041e-09
1.130000000000000000e+02 1.101221667709489159e-08
1.140000000000000000e+02 1.498356883282642295e-08
1.150000000000000000e+02 2.027994182388684354e-08
1.160000000000000000e+02 2.730787835796140049e-08
1.170000000000000000e+02 3.658776840659523883e-08
1.180000000000000000e+02 4.878266875434970966e-08
1.190000000000000000e+02 6.473363339127801053e-08
1.200000000000000000e+02 8.550284417632962594e-08
1.210000000000000000e+02 1.124260491109333204e-07
1.220000000000000000e+02 1.471760635093604147e-07
1.230000000000000000e+02 1.918393704135588009e-07
1.240000000000000000e+02 2.490081740279211420e-07
1.250000000000000000e+02 3.218906171658199283e-07
1.260000000000000000e+02 4.144422742875744496e-07
1.270000000000000000e+02 5.315224794027521263e-07
1.280000000000000000e+02 6.790795467813238478e-07
1.290000000000000000e+02 8.643694960663483307e-07
1.300000000000000000e+02 1.096213506112718969e-06
1.310000000000000000e+02 1.385299997890661483e-06
1.320000000000000000e+02 1.744537990359010617e-06
1.330000000000000000e+02 2.189469188651777874e-06
1.340000000000000000e+02 2.738747155578700731e-06
1.350000000000000000e+02 3.414692889664964099e-06
1.360000000000000000e+02 4.243937190071487623e-06
1.370000000000000000e+02 5.258161335018115428e-06
1.380000000000000000e+02 6.494948839970371200e-06
1.390000000000000000e+02 7.998762398931104933e-06
1.400000000000000000e+02 9.822061550645197719e-06
1.410000000000000000e+02 1.202657815515582509e-05
1.420000000000000000e+02 1.468476841852052715e-05
1.430000000000000000e+02 1.788146196795153015e-05
1.440000000000000000e+02 2.171573035927449458e-05
1.450000000000000000e+02 2.630299939620054809e-05
1.460000000000000000e+02 3.177743175895784798e-05
1.470000000000000000e+02 3.829460868046397862e-05
1.480000000000000000e+02 4.603454177320125937e-05
1.490000000000000000e+02 5.520504860064386543e-05
1.500000000000000000e+02 6.604552820442340555e-05
1.510000000000000000e+02 7.883117554290470705e-05
1.520000000000000000e+02 9.387767666850612206e-05
1.530000000000000000e+02 1.115464294695038701e-04
1.540000000000000000e+02 1.322503379262471952e-04
1.550000000000000000e+02 1.564602310802450027e-04
1.560000000000000000e+02 1.847119612854716071e-04
1.570000000000000000e+02 2.176142398019960302e-04
1.580000000000000000e+02 2.558572713996034339e-04
1.590000000000000000e+02 3.002222533598954005e-04
1.600000000000000000e+02 3.515918080952914223e-04
1.610000000000000000e+02 4.109614225377774968e-04
1.620000000000000000e+02 4.794519714839515397e-04
1.630000000000000000e+02 5.583234062102195418e-04
1.640000000000000000e+02 6.489896938866653465e-04
1.650000000000000000e+02 7.530350976134392391e-04
1.660000000000000000e+02 8.722318912722820021e-04
1.670000000000000000e+02 1.008559607820344855e-03
1.680000000000000000e+02 1.164225924145684526e-03
1.690000000000000000e+02 1.341689290145118944e-03
1.700000000000000000e+02 1.543683414266643463e-03
1.710000000000000000e+02 1.773243722370948733e-03
1.720000000000000000e+02 2.033735911400112988e-03
1.730000000000000000e+02 2.328886723986254691e-03
1.740000000000000000e+02 2.662817074778652503e-03
1.750000000000000000e+02 3.040077663903816008e-03
1.760000000000000000e+02 3.465687217588722495e-03
1.770000000000000000e+02 3.945173500561898090e-03
1.780000000000000000e+02 4.484617249388920743e-03
1.790000000000000000e+02 5.090699180387475535e-03
1.800000000000000000e+02 5.770750230190509721e-03
1.810000000000000000e+02 6.532805191373370311e-03
1.820000000000000000e+02 7.385659909820489928e-03
1.830000000000000000e+02 8.338932214667903534e-03
1.840000000000000000e+02 9.403126755708536913e-03
1.850000000000000000e+02 1.058970392707633650e-02
1.860000000000000000e+02 1.191115305982206642e-02
1.870000000000000000e+02 1.338107006964718744e-02
1.880000000000000000e+02 1.501423974956172386e-02
1.890000000000000000e+02 1.682672290056697398e-02
1.900000000000000000e+02 1.883594849662455217e-02
1.910000000000000000e+02 2.106081108314902112e-02
1.920000000000000000e+02 2.352177361104320491e-02
1.930000000000000000e+02 2.624097591087383094e-02
1.940000000000000000e+02 2.924234901415099369e-02
1.950000000000000000e+02 3.255173553082074678e-02
1.960000000000000000e+02 3.619701629399680459e-02
1.970000000000000000e+02 4.020824348463742509e-02
1.980000000000000000e+02 4.461778045031057627e-02
1.990000000000000000e+02 4.946044843337709523e-02
2.000000000000000000e+02 5.477368042485140920e-02
2.010000000000000000e+02 6.059768236086787024e-02
2.020000000000000000e+02 6.697560187908130347e-02
2.030000000000000000e+02 7.395370485245944536e-02
2.040000000000000000e+02 8.158155991777792104e-02
2.050000000000000000e+02 8.991223121570207644e-02
2.060000000000000000e+02 9.900247955862985505e-02
2.070000000000000000e+02 1.089129722414788337e-01
2.080000000000000000e+02 1.197085017093146436e-01
2.090000000000000000e+02 1.314582132941552461e-01
2.100000000000000000e+02 1.442358422314218569e-01
2.110000000000000000e+02 1.581199601643647479e-01
2.120000000000000000e+02 1.731942313423537605e-01
2.130000000000000000e+02 1.895476787161991528e-01
2.140000000000000000e+02 2.072749601306623501e-01
2.150000000000000000e+02 2.264766548110155597e-01
2.160000000000000000e+02 2.472595603369362460e-01
2.170000000000000000e+02 2.697370002931672728e-01
2.180000000000000000e+02 2.940291427822364634e-01
2.190000000000000000e+02 3.202633299801344036e-01
2.200000000000000000e+02 3.485744189111713576e-01
2.210000000000000000e+02 3.791051336133047789e-01
2.220000000000000000e+02 4.120064288600429059e-01
2.230000000000000000e+02 4.474378655995744358e-01
2.240000000000000000e+02 4.855679982661132432e-01
2.250000000000000000e+02 5.265747741124930936e-01
2.260000000000000000e+02 5.706459447069149871e-01
2.270000000000000000e+02 6.179794897303527712e-01
2.280000000000000000e+02 6.687840532045362663e-01
2.290000000000000000e+02 7.232793922736119319e-01
2.300000000000000000e+02 7.816968386555911419e-01
2.310000000000000000e+02 8.442797728724766859e-01
2.320000000000000000e+02 9.112841113605877341e-01
2.330000000000000000e+02 9.829788065550457699e-01
2.340000000000000000e+02 1.059646360034648183e+00
2.350000000000000000e+02 1.141583348805496056e+00
2.360000000000000000e+02 1.229100964793700568e+00
2.370000000000000000e+02 1.322525567609323494e+00
2.380000000000000000e+02 1.422199250635458601e+00
2.390000000000000000e+02 1.528480420487881464e+00
2.400000000000000000e+02 1.641744389882265898e+00
2.410000000000000000e+02 1.762383983937261034e+00
2.420000000000000000e+02 1.890810159933125956e+00
2.430000000000000000e+02 2.027452640536726580e+00
2.440000000000000000e+02 2.172760560494990667e+00
2.450000000000000000e+02 2.327203126789868293e+00
2.460000000000000000e+02 2.491270292239040618e+00
2.470000000000000000e+02 2.665473442517534597e+00
2.480000000000000000e+02 2.850346096566447329e+00
2.490000000000000000e+02 3.046444620345931220e+00
2.500000000000000000e+02 3.254348953880576989e+00
2.510000000000000000e+02 3.474663351536297906e+00
2.520000000000000000e+02 3.708017135458784530e+00
2.530000000000000000e+02 3.955065462094652151e+00
2.540000000000000000e+02 4.216490101707372595e+00
2.550000000000000000e+02 4.493000230791230010e+00
2.560000000000000000e+02 4.785333237277654916e+00
2.570000000000000000e+02 5.094255538419383278e+00
2.580000000000000000e+02 5.420563411229370132e+00
2.590000000000000000e+02 5.765083835342418084e+00
2.600000000000000000e+02 6.128675348159188019e+00
2.610000000000000000e+02 6.512228912123545932e+00
2.620000000000000000e+02 6.916668793975983220e+00
2.630000000000000000e+02 7.342953455817415431e+00
2.640000000000000000e+02 7.792076457809630874e+00
2.650000000000000000e+02 8.265067372330532791e+00
2.660000000000000000e+02 8.762992709394445967e+00
2.670000000000000000e+02 9.286956853139958667e+00
2.680000000000000000e+02 9.838103009180175107e+00
2.690000000000000000e+02 1.041761416260273521e+01
2.700000000000000000e+02 1.102671404639962027e+01
2.710000000000000000e+02 1.166666812009968801e+01
2.720000000000000000e+02 1.233878455836971533e+01
2.730000000000000000e+02 1.304441524934309449e+01
2.740000000000000000e+02 1.378495680242844124e+01
2.750000000000000000e+02 1.456185156534417224e+01
2.760000000000000000e+02 1.537658865011861486e+01
2.770000000000000000e+02 1.623070496778908378e+01
2.780000000000000000e+02 1.712578627152776889e+01
2.790000000000000000e+02 1.806346820791608820e+01
2.800000000000000000e+02 1.904543737608407028e+01
2.810000000000000000e+02 2.007343239442582927e+01
2.820000000000000000e+02 2.114924497459706032e+01
2.830000000000000000e+02 2.227472100249568854e+01
2.840000000000000000e+02 2.345176162592203895e+01
2.850000000000000000e+02 2.468232434861052127e+01
2.860000000000000000e+02 2.596842413032039687e+01
2.870000000000000000e+02 2.731213449266932258e+01
2.880000000000000000e+02 2.871558863038936593e+01
2.890000000000000000e+02 3.018098052768180395e+01
2.900000000000000000e+02 3.171056607934329463e+01
2.910000000000000000e+02 3.330666421633318919e+01
2.920000000000000000e+02 3.497165803544841367e+01
2.930000000000000000e+02 3.670799593277003936e+01
2.940000000000000000e+02 3.851819274054272313e+01
2.950000000000000000e+02 4.040483086714611716e+01
2.960000000000000000e+02 4.237056143981518375e+01
2.970000000000000000e+02 4.441810544976473807e+01
2.980000000000000000e+02 4.655025489937104055e+01
2.990000000000000000e+02 4.876987395106326773e+01
3.000000000000000000e+02 5.107990007757496187e+01
3.010000000000000000e+02 5.348334521320521162e+01
3.020000000000000000e+02 5.598329690573902440e+01
3.030000000000000000e+02 5.858291946867455380e+01
3.040000000000000000e+02 6.128545513340541362e+01
3.050000000000000000e+02 6.409422520100592635e+01
3.060000000000000000e+02 6.701263119326648621e+01
3.070000000000000000e+02 7.004415600262780117e+01
3.080000000000000000e+02 7.319236504066134330e+01
3.090000000000000000e+02 7.646090738474588022e+01
3.100000000000000000e+02 7.985351692258909395e+01
3.110000000000000000e+02 8.337401349424517605e+01
3.120000000000000000e+02 8.702630403128056003e+01
3.130000000000000000e+02 9.081438369274016509e+01
3.140000000000000000e+02 9.474233699756996430e+01
3.150000000000000000e+02 9.881433895315086602e+01
3.160000000000000000e+02 1.030346561796033455e+02
3.170000000000000000e+02 1.074076480295227043e+02
3.180000000000000000e+02 1.119377677028067524e+02
3.190000000000000000e+02 1.166295633562417891e+02
3.200000000000000000e+02 1.214876792075134944e+02
3.210000000000000000e+02 1.265168566333128837e+02
3.220000000000000000e+02 1.317219352612100067e+02
3.230000000000000000e+02 1.371078540549715115e+02
3.240000000000000000e+02 1.426796523930002820e+02
3.250000000000000000e+02 1.484424711395800216e+02
3.260000000000000000e+02 1.544015537086094980e+02
3.270000000000000000e+02 1.605622471195156038e+02
3.280000000000000000e+02 1.669300030450383474e+02
3.290000000000000000e+02 1.735103788505833791e+02
3.300000000000000000e+02 1.803090386248421453e+02
3.310000000000000000e+02 1.873317542013850243e+02
3.320000000000000000e+02 1.945844061709342157e+02
3.330000000000000000e+02 2.020729848840294665e+02
3.340000000000000000e+02 2.098035914438038958e+02
3.350000000000000000e+02 2.177824386885895365e+02
3.360000000000000000e+02 2.260158521640804281e+02
3.370000000000000000e+02 2.345102710847808396e+02
3.380000000000000000e+02 2.432722492844759472e+02
3.390000000000000000e+02 2.523084561554618688e+02
3.400000000000000000e+02 2.616256775762828966e+02
3.410000000000000000e+02 2.712308168277212985e+02
3.420000000000000000e+02 2.811308954967967111e+02
3.430000000000000000e+02 2.913330543685336806e+02
3.440000000000000000e+02 3.018445543052603171e+02
3.450000000000000000e+02 3.126727771132101452e+02
3.460000000000000000e+02 3.238252263961991844e+02
3.470000000000000000e+02 3.353095283961588393e+02
3.480000000000000000e+02 3.471334328203124073e+02
3.490000000000000000e+02 3.593048136547802756e+02
3.500000000000000000e+02 3.718316699644161645e+02
3.510000000000000000e+02 3.847221266786688716e+02
3.520000000000000000e+02 3.979844353632835237e+02
3.530000000000000000e+02 4.116269749776477056e+02
3.540000000000000000e+02 4.256582526176047736e+02
3.550000000000000000e+02 4.400869042435554093e+02
3.560000000000000000e+02 4.549216953936766004e+02
3.570000000000000000e+02 4.701715218820928044e+02
3.580000000000000000e+02 4.858454104818378596e+02
3.590000000000000000e+02 5.019525195924539389e+02
3.600000000000000000e+02 5.185021398920788442e+02
3.610000000000000000e+02 5.355036949738773728e+02
3.620000000000000000e+02 5.529667419666776595e+02
3.630000000000000000e+02 5.709009721396836312e+02
3.640000000000000000e+02 5.893162114911336857e+02
3.650000000000000000e+02 6.082224213207841785e+02
3.660000000000000000e+02 6.276296987861048819e+02
3.670000000000000000e+02 6.475482774420737542e+02
3.680000000000000000e+02 6.679885277644658572e+02
3.690000000000000000e+02 6.889609576565408133e+02
3.700000000000000000e+02 7.104762129390295513e+02
3.710000000000000000e+02 7.325450778233387155e+02
3.720000000000000000e+02 7.551784753678828110e+02
3.730000000000000000e+02 7.783874679174716675e+02
3.740000000000000000e+02 8.021832575256803466e+02
3.750000000000000000e+02 8.265771863601328278e+02
3.760000000000000000e+02 8.515807370906383085e+02
3.770000000000000000e+02 8.772055332601257760e+02
3.780000000000000000e+02 9.034633396383244417e+02
3.790000000000000000e+02 9.303660625581437671e+02
3.800000000000000000e+02 9.579257502347114723e+02
3.810000000000000000e+02 9.861545930670390590e+02
3.820000000000000000e+02 1.015064923922276876e+03
3.830000000000000000e+02 1.044669218402537354e+03
3.840000000000000000e+02 1.074980095094265607e+03
3.850000000000000000e+02 1.106010315800141370e+03
3.860000000000000000e+02 1.137772785753499647e+03
3.870000000000000000e+02 1.170280553815265193e+03
3.880000000000000000e+02 1.203546812653400593e+03
3.890000000000000000e+02 1.237584898904868851e+03
3.900000000000000000e+02 1.272408293320120265e+03
3.910000000000000000e+02 1.308030620890113823e+03
3.920000000000000000e+02 1.344465650955892670e+03
3.930000000000000000e+02 1.381727297300733198e+03
3.940000000000000000e+02 1.419829618224893920e+03
3.950000000000000000e+02 1.458786816602993895e+03
3.960000000000000000e+02 1.498613239924057552e+03
3.970000000000000000e+02 1.539323380314259111e+03
3.980000000000000000e+02 1.580931874542412061e+03
3.990000000000000000e+02 1.623453504008259188e+03
4.000000000000000000e+02 1.666903194713590665e+03
4.010000000000000000e+02 1.711296017216274549e+03
4.020000000000000000e+02 1.756647186567231302e+03
4.030000000000000000e+02 1.802972062230434403e+03
4.040000000000000000e+02 1.850286147985991647e+03
4.050000000000000000e+02 1.898605091816382355e+03
4.060000000000000000e+02 1.947944685775919424e+03
4.070000000000000000e+02 1.998320865843515548e+03
4.080000000000000000e+02 2.049749711758836838e+03
4.090000000000000000e+02 2.102247446841923193e+03
4.100000000000000000e+02 2.155830437796358183e+03
4.110000000000000000e+02 2.210515194496089862e+03
4.120000000000000000e+02 2.266318369755996628e+03
4.130000000000000000e+02 2.323256759086266356e+03
4.140000000000000000e+02 2.381347300430733412e+03
4.150000000000000000e+02 2.440607073889240382e+03
4.160000000000000000e+02 2.501053301424143683e+03
4.170000000000000000e+02 2.562703346551073082e+03
4.180000000000000000e+02 2.625574714014046094e+03
4.190000000000000000e+02 2.689685049445067307e+03
4.200000000000000000e+02 2.755052139008312224e+03
4.210000000000000000e+02 2.821693909029017505e+03
4.220000000000000000e+02 2.889628425607220379e+03
4.230000000000000000e+02 2.958873894216429562e+03
4.240000000000000000e+02 3.029448659287394548e+03
4.250000000000000000e+02 3.101371203777081973e+03
4.260000000000000000e+02 3.174660148722987742e+03
4.270000000000000000e+02 3.249334252782923159e+03
4.280000000000000000e+02 3.325412411760417399e+03
4.290000000000000000e+02 3.402913658115845465e+03
4.300000000000000000e+02 3.481857160463465789e+03
4.310000000000000000e+02 3.562262223054455262e+03
4.320000000000000000e+02 3.644148285246130399e+03
4.330000000000000000e+02 3.727534920957471513e+03
4.340000000000000000e+02 3.812441838111098150e+03
4.350000000000000000e+02 3.898888878061857667e+03
4.360000000000000000e+02 3.986896015012159751e+03
4.370000000000000000e+02 4.076483355414220114e+03
4.380000000000000000e+02 4.167671137359352542e+03
4.390000000000000000e+02 4.260479729954472532e+03
4.400000000000000000e+02 4.354929632685965771e+03
4.410000000000000000e+02 4.451041474771073808e+03
4.420000000000000000e+02 4.548836014496953794e+03
4.430000000000000000e+02 4.648334138547576913e+03
4.440000000000000000e+02 4.749556861318607844e+03
4.450000000000000000e+02 4.852525324220463517e+03
4.460000000000000000e+02 4.957260794969653944e+03
4.470000000000000000e+02 5.063784666868621571e+03
4.480000000000000000e+02 5.172118458074214686e+03
4.490000000000000000e+02 5.282283810854962212e+03
4.500000000000000000e+02 5.394302490837315418e+03
4.510000000000000000e+02 5.508196386241030268e+03
4.520000000000000000e+02 5.623987507103831376e+03
4.530000000000000000e+02 5.741697984495564015e+03
4.540000000000000000e+02 5.861350069721960608e+03
4.550000000000000000e+02 5.982966133518204515e+03
4.560000000000000000e+02 6.106568665232471176e+03
4.570000000000000000e+02 6.232180271999603974e+03
4.580000000000000000e+02 6.359823677905080331e+03
4.590000000000000000e+02 6.489521723139462665e+03
4.600000000000000000e+02 6.621297363143484290e+03
4.610000000000000000e+02 6.755173667743943042e+03
4.620000000000000000e+02 6.891173820280580003e+03
4.630000000000000000e+02 7.029321116724096100e+03
4.640000000000000000e+02 7.169638964785503049e+03
4.650000000000000000e+02 7.312150883016944135e+03
4.660000000000000000e+02 7.456880499904177668e+03
4.670000000000000000e+02 7.603851552950886798e+03
4.680000000000000000e+02 7.753087887754991243e+03
4.690000000000000000e+02 7.904613457077100975e+03
4.700000000000000000e+02 8.058452319901325609e+03
4.710000000000000000e+02 8.214628640488577730e+03
4.720000000000000000e+02 8.373166687422530231e+03
4.730000000000000000e+02 8.534090832648435025e+03
4.740000000000000000e+02 8.697425550504925923e+03
4.750000000000000000e+02 8.863195416749011201e+03
4.760000000000000000e+02 9.031425107574379581e+03
4.770000000000000000e+02 9.202139398623241505e+03
4.780000000000000000e+02 9.375363163991823967e+03
4.790000000000000000e+02 9.551121375229695332e+03
4.800000000000000000e+02 9.729439100333096576e+03
4.810000000000000000e+02 9.910341502732457229e+03
4.820000000000000000e+02 1.009385384027420332e+04
4.830000000000000000e+02 1.028000146419709745e+04
4.840000000000000000e+02 1.046880981810317826e+04
4.850000000000000000e+02 1.066030443692358131e+04
4.860000000000000000e+02 1.085451094587927219e+04
4.870000000000000000e+02 1.105145505943697390e+04
4.880000000000000000e+02 1.125116258026034848e+04
4.890000000000000000e+02 1.145365939815663660e+04
4.900000000000000000e+02 1.165897148901892251e+04
4.910000000000000000e+02 1.186712491376417711e+04
4.920000000000000000e+02 1.207814581726718825e+04
4.930000000000000000e+02 1.229206042729060209e+04
4.940000000000000000e+02 1.250889505341119002e+04
4.950000000000000000e+02 1.272867608594248850e+04
4.960000000000000000e+02 1.295142999485400651e+04
4.970000000000000000e+02 1.317718332868709331e+04
4.980000000000000000e+02 1.340596271346764115e+04
4.990000000000000000e+02 1.363779485161583398e+04
5.000000000000000000e+02 1.387270652085295296e+04
5.010000000000000000e+02 1.411072457310553182e+04
5.020000000000000000e+02 1.435187593340690910e+04
5.030000000000000000e+02 1.459618759879635945e+04
5.040000000000000000e+02 1.484368663721594748e+04
5.050000000000000000e+02 1.509440018640525341e+04
5.060000000000000000e+02 1.534835545279408871e+04
5.070000000000000000e+02 1.560557971039335280e+04
5.080000000000000000e+02 1.586610029968418530e+04
5.090000000000000000e+02 1.612994462650552487e+04
5.100000000000000000e+02 1.639714016094024555e+04
5.110000000000000000e+02 1.666771443619996717e+04
5.120000000000000000e+02 1.694169504750869601e+04
5.130000000000000000e+02 1.721910965098544330e+04
5.140000000000000000e+02 1.749998596252591233e+04
5.150000000000000000e+02 1.778435175668343436e+04
5.160000000000000000e+02 1.807223486554922783e+04
5.170000000000000000e+02 1.836366317763216284e+04
5.180000000000000000e+02 1.865866463673813632e+04
5.190000000000000000e+02 1.895726724084917441e+04
5.200000000000000000e+02 1.925949904100235290e+04
5.210000000000000000e+02 1.956538814016878314e+04
5.220000000000000000e+02 1.987496269213264168e+04
5.230000000000000000e+02 2.018825090037041446e+04
5.240000000000000000e+02 2.050528101693051576e+04
5.250000000000000000e+02 2.082608134131339102e+04
5.260000000000000000e+02 2.115068021935210709e+04
5.270000000000000000e+02 2.147910604209374287e+04
5.280000000000000000e+02 2.181138724468148212e+04
5.290000000000000000e+02 2.214755230523775390e+04
5.300000000000000000e+02 2.248762974374821715e+04
5.310000000000000000e+02 2.283164812094711669e+04
5.320000000000000000e+02 2.317963603720367246e+04
5.330000000000000000e+02 2.353162213140996391e+04
5.340000000000000000e+02 2.388763507987020057e+04
5.350000000000000000e+02 2.424770359519163321e+04
5.360000000000000000e+02 2.461185642517702581e+04
5.370000000000000000e+02 2.498012235171900829e+04
5.380000000000000000e+02 2.535253018969623008e+04
5.390000000000000000e+02 2.572910878587151092e+04
5.400000000000000000e+02 2.610988701779207258e+04
5.410000000000000000e+02 2.649489379269189885e+04
5.420000000000000000e+02 2.688415804639635462e+04
5.430000000000000000e+02 2.727770874222922066e+04
5.440000000000000000e+02 2.767557486992211852e+04
5.450000000000000000e+02 2.807778544452646020e+04
5.460000000000000000e+02 2.848436950532808260e+04
5.470000000000000000e+02 2.889535611476455233e+04
5.480000000000000000e+02 2.931077435734525716e+04
5.490000000000000000e+02 2.973065333857444057e+04
5.500000000000000000e+02 3.015502218387719040e+04
5.510000000000000000e+02 3.058391003752842516e+04
5.520000000000000000e+02 3.101734606158510360e+04
5.530000000000000000e+02 3.145535943482159200e+04
5.540000000000000000e+02 3.189797935166836396e+04
5.550000000000000000e+02 3.234523502115401061e+04
5.560000000000000000e+02 3.279715566585081979e+04
5.570000000000000000e+02 3.325377052082373848e+04
5.580000000000000000e+02 3.371510883258303511e+04
5.590000000000000000e+02 3.418119985804066528e+04
5.600000000000000000e+02 3.465207286347015906e+04
5.610000000000000000e+02 3.512775712347067747e+04
5.620000000000000000e+02 3.560828191993460496e+04
5.630000000000000000e+02 3.609367654101934022e+04
5.640000000000000000e+02 3.658397028012295777e+04
5.650000000000000000e+02 3.707919243486400956e+04
5.660000000000000000e+02 3.757937230606546655e+04
5.670000000000000000e+02 3.808453919674291683e+04
5.680000000000000000e+02 3.859472241109685274e+04
5.690000000000000000e+02 3.910995125350957096e+04
5.700000000000000000e+02 3.963025502754618356e+04
5.710000000000000000e+02 4.015566303496026376e+04
5.720000000000000000e+02 4.068620457470391557e+04
5.730000000000000000e+02 4.122190894194236898e+04
5.740000000000000000e+02 4.176280542707334826e+04
5.750000000000000000e+02 4.230892331475081301e+04
5.760000000000000000e+02 4.286029188291374885e+04
5.770000000000000000e+02 4.341694040181950550e+04
5.780000000000000000e+02 4.397889813308196608e+04
5.790000000000000000e+02 4.454619432871472964e+04
5.800000000000000000e+02 4.511885823017902294e+04
5.810000000000000000e+02 4.569691906743667641e+04
5.820000000000000000e+02 4.628040605800808407e+04
5.830000000000000000e+02 4.686934840603522025e+04
5.840000000000000000e+02 4.746377530134968401e+04
5.850000000000000000e+02 4.806371591854597500e+04
5.860000000000000000e+02 4.866919941605985514e+04
5.870000000000000000e+02 4.928025493525193451e+04
5.880000000000000000e+02 4.989691159949659777e+04
5.890000000000000000e+02 5.051919851327605284e+04
5.900000000000000000e+02 5.114714476127987291e+04
5.910000000000000000e+02 5.178077940750978451e+04
5.920000000000000000e+02 5.242013149438985420e+04
5.930000000000000000e+02 5.306523004188221239e+04
5.940000000000000000e+02 5.371610404660805216e+04
5.950000000000000000e+02 5.437278248097428150e+04
5.960000000000000000e+02 5.503529429230561072e+04
5.970000000000000000e+02 5.570366840198222053e+04
5.980000000000000000e+02 5.637793370458297431e+04
5.990000000000000000e+02 5.705811906703426212e+04
6.000000000000000000e+02 5.774425332776447613e+04
6.010000000000000000e+02 5.843636529586411052e+04
6.020000000000000000e+02 5.913448375025160931e+04
6.030000000000000000e+02 5.983863743884476571e+04
6.040000000000000000e+02 6.054885507773808786e+04
6.050000000000000000e+02 6.126516535038568691e+04
6.060000000000000000e+02 6.198759690679009509e+04
6.070000000000000000e+02 6.271617836269664986e+04
6.080000000000000000e+02 6.345093829879404802e+04
6.090000000000000000e+02 6.419190525992035691e+04
6.100000000000000000e+02 6.493910775427506451e+04
6.110000000000000000e+02 6.569257425263698678e+04
6.120000000000000000e+02 6.645233318758793757e+04
6.130000000000000000e+02 6.721841295274243748e+04
6.140000000000000000e+02 6.799084190198323631e+04
6.150000000000000000e+02 6.876964834870267077e+04
6.160000000000000000e+02 6.955486056505015586e+04
6.170000000000000000e+02 7.034650678118555516e+04
6.180000000000000000e+02 7.114461518453818280e+04
6.190000000000000000e+02 7.194921391907233919e+04
6.200000000000000000e+02 7.276033108455842012e+04
6.210000000000000000e+02 7.357799473584994848e+04
6.220000000000000000e+02 7.440223288216695073e+04
6.230000000000000000e+02 7.523307348638500844e+04
6.240000000000000000e+02 7.607054446433043631e+04
6.250000000000000000e+02 7.691467368408135371e+04
6.260000000000000000e+02 7.776548896527511533e+04
6.270000000000000000e+02 7.862301807842118433e+04
6.280000000000000000e+02 7.948728874422053923e+04
6.290000000000000000e+02 8.035832863289079978e+04
6.300000000000000000e+02 8.123616536349755188e+04
6.310000000000000000e+02 8.212082650329152239e+04
6.320000000000000000e+02 8.301233956705198216e+04
6.330000000000000000e+02 8.391073201643594075e+04
6.340000000000000000e+02 8.481603125933354022e+04
6.350000000000000000e+02 8.572826464922945888e+04
6.360000000000000000e+02 8.664745948457016493e+04
6.370000000000000000e+02 8.757364300813748559e+04
6.380000000000000000e+02 8.850684240642799705e+04
6.390000000000000000e+02 8.944708480903817690e+04
6.400000000000000000e+02 9.039439728805626510e+04
6.410000000000000000e+02 9.134880685745936353e+04
6.420000000000000000e+02 9.231034047251701122e+04
6.430000000000000000e+02 9.327902502920059487e+04
6.440000000000000000e+02 9.425488736359876930e+04
6.450000000000000000e+02 9.523795425133881508e+04
6.460000000000000000e+02 9.622825240701399161e+04
6.470000000000000000e+02 9.722580848361685639e+04
6.480000000000000000e+02 9.823064907197859429e+04
6.490000000000000000e+02 9.924280070021421125e+04
6.500000000000000000e+02 1.002622898331736069e+05
6.510000000000000000e+02 1.012891428718987881e+05
6.520000000000000000e+02 1.023233861530867434e+05
6.530000000000000000e+02 1.033650459485584870e+05
6.540000000000000000e+02 1.044141484647336474e+05
6.550000000000000000e+02 1.054707198421113571e+05
6.560000000000000000e+02 1.065347861547566717e+05
6.570000000000000000e+02 1.076063734097929701e+05
6.580000000000000000e+02 1.086855075469002186e+05
6.590000000000000000e+02 1.097722144378189842e+05
6.600000000000000000e+02 1.108665198858605145e+05
6.610000000000000000e+02 1.119684496254221740e+05
6.620000000000000000e+02 1.130780293215090060e+05
6.630000000000000000e+02 1.141952845692610863e+05
6.640000000000000000e+02 1.153202408934863051e+05
6.650000000000000000e+02 1.164529237481993332e+05
6.660000000000000000e+02 1.175933585161658557e+05
6.670000000000000000e+02 1.187415705084528890e+05
6.680000000000000000e+02 1.198975849639845837e+05
6.690000000000000000e+02 1.210614270491038042e+05
6.700000000000000000e+02 1.222331218571391801e+05
6.710000000000000000e+02 1.234126944079779933e+05
6.720000000000000000e+02 1.246001696476446086e+05
6.730000000000000000e+02 1.257955724478845514e+05
6.740000000000000000e+02 1.269989276057539537e+05
6.750000000000000000e+02 1.282102598432149389e+05
6.760000000000000000e+02 1.294295938067360839e+05
6.770000000000000000e+02 1.306569540668988629e+05
6.780000000000000000e+02 1.318923651180092129e+05
6.790000000000000000e+02 1.331358513777148910e+05
6.800000000000000000e+02 1.343874371866279398e+05
6.810000000000000000e+02 1.356471468079529877e+05
6.820000000000000000e+02 1.369150044271205552e+05
6.830000000000000000e+02 1.381910341514261963e+05
6.840000000000000000e+02 1.394752600096746173e+05
6.850000000000000000e+02 1.407677059518293245e+05
6.860000000000000000e+02 1.420683958486677147e+05
6.870000000000000000e+02 1.433773534914410557e+05
6.880000000000000000e+02 1.446946025915404025e+05
6.890000000000000000e+02 1.460201667801670264e+05
6.900000000000000000e+02 1.473540696080087509e+05
6.910000000000000000e+02 1.486963345449210901e+05
6.920000000000000000e+02 1.500469849796137714e+05
6.930000000000000000e+02 1.514060442193420604e+05
6.940000000000000000e+02 1.527735354896039644e+05
6.950000000000000000e+02 1.541494819338416564e+05
6.960000000000000000e+02 1.555339066131486907e+05
6.970000000000000000e+02 1.569268325059820490e+05
6.980000000000000000e+02 1.583282825078789319e+05
6.990000000000000000e+02 1.597382794311793405e+05
7.000000000000000000e+02 1.611568460047524713e+05
7.010000000000000000e+02 1.625840048737294564e+05
7.020000000000000000e+02 1.640197785992399149e+05
7.030000000000000000e+02 1.654641896581539477e+05
7.040000000000000000e+02 1.669172604428290506e+05
7.050000000000000000e+02 1.683790132608615386e+05
7.060000000000000000e+02 1.698494703348434123e+05
7.070000000000000000e+02 1.713286538021232700e+05
7.080000000000000000e+02 1.728165857145726040e+05
7.090000000000000000e+02 1.743132880383568117e+05
7.100000000000000000e+02 1.758187826537103683e+05
7.110000000000000000e+02 1.773330913547175878e+05
7.120000000000000000e+02 1.788562358490973129e+05
7.130000000000000000e+02 1.803882377579926397e+05
7.140000000000000000e+02 1.819291186157652119e+05
7.150000000000000000e+02 1.834788998697939096e+05
7.160000000000000000e+02 1.850376028802786605e+05
7.170000000000000000e+02 1.866052489200479176e+05
7.180000000000000000e+02 1.881818591743715806e+05
7.190000000000000000e+02 1.897674547407777281e+05
7.200000000000000000e+02 1.913620566288744158e+05
7.210000000000000000e+02 1.929656857601748779e+05
7.220000000000000000e+02 1.945783629679287842e+05
7.230000000000000000e+02 1.962001089969560271e+05
7.240000000000000000e+02 1.978309445034863893e+05
7.250000000000000000e+02 1.994708900550025282e+05
7.260000000000000000e+02 2.011199661300878506e+05
7.270000000000000000e+02 2.027781931182784028e+05
7.280000000000000000e+02 2.044455913199190109e+05
7.290000000000000000e+02 2.061221809460235527e+05
7.300000000000000000e+02 2.078079821181399166e+05
7.310000000000000000e+02 2.095030148682183062e+05
7.320000000000000000e+02 2.112072991384844063e+05
7.330000000000000000e+02 2.129208547813162440e+05
7.340000000000000000e+02 2.146437015591253003e+05
7.350000000000000000e+02 2.163758591442415491e+05
7.360000000000000000e+02 2.181173471188025433e+05
7.370000000000000000e+02 2.198681849746468361e+05
7.380000000000000000e+02 2.216283921132105752e+05
7.390000000000000000e+02 2.233979878454288992e+05
7.400000000000000000e+02 2.251769913916406804e+05
7.410000000000000000e+02 2.269654218814974884e+05
7.420000000000000000e+02 2.287632983538759872e+05
7.430000000000000000e+02 2.305706397567948152e+05
7.440000000000000000e+02 2.323874649473344907e+05
7.450000000000000000e+02 2.342137926915615681e+05
7.460000000000000000e+02 2.360496416644565761e+05
7.470000000000000000e+02 2.378950304498453916e+05
7.480000000000000000e+02 2.397499775403343956e+05
7.490000000000000000e+02 2.416145013372494723e+05
7.500000000000000000e+02 2.434886201505782956e+05
7.510000000000000000e+02 2.453723521989165456e+05
7.520000000000000000e+02 2.472657156094176171e+05
7.530000000000000000e+02 2.491687284177455585e+05
7.540000000000000000e+02 2.510814085680320277e+05
7.550000000000000000e+02 2.530037739128364483e+05
7.560000000000000000e+02 2.549358422131097177e+05
7.570000000000000000e+02 2.568776311381610576e+05
7.580000000000000000e+02 2.588291582656288811e+05
7.590000000000000000e+02 2.607904410814544535e+05
7.600000000000000000e+02 2.627614969798594248e+05
7.610000000000000000e+02 2.647423432633258635e+05
7.620000000000000000e+02 2.667329971425806871e+05
7.630000000000000000e+02 2.687334757365825353e+05
7.640000000000000000e+02 2.707437960725124576e+05
7.650000000000000000e+02 2.727639750857666950e+05
7.660000000000000000e+02 2.747940296199546428e+05
7.670000000000000000e+02 2.768339764268979779e+05
7.680000000000000000e+02 2.788838321666338597e+05
7.690000000000000000e+02 2.809436134074215661e+05
7.700000000000000000e+02 2.830133366257513990e+05
7.710000000000000000e+02 2.850930182063568500e+05
7.720000000000000000e+02 2.871826744422305492e+05
7.730000000000000000e+02 2.892823215346423676e+05
7.740000000000000000e+02 2.913919755931601976e+05
7.750000000000000000e+02 2.935116526356755057e+05
7.760000000000000000e+02 2.956413685884291772e+05
7.770000000000000000e+02 2.977811392860427150e+05
7.780000000000000000e+02 2.999309804715503706e+05
7.790000000000000000e+02 3.020909077964357566e+05
7.800000000000000000e+02 3.042609368206699728e+05
7.810000000000000000e+02 3.064410830127528752e+05
7.820000000000000000e+02 3.086313617497584200e+05
7.830000000000000000e+02 3.108317883173798327e+05
7.840000000000000000e+02 3.130423779099806561e+05
7.850000000000000000e+02 3.152631456306469627e+05
7.860000000000000000e+02 3.174941064912413713e+05
7.870000000000000000e+02 3.197352754124618368e+05
7.880000000000000000e+02 3.219866672239014879e+05
7.890000000000000000e+02 3.242482966641113162e+05
7.900000000000000000e+02 3.265201783806656604e+05
7.910000000000000000e+02 3.288023269302303670e+05
7.920000000000000000e+02 3.310947567786329892e+05
7.930000000000000000e+02 3.333974823009358370e+05
7.940000000000000000e+02 3.357105177815117058e+05
7.950000000000000000e+02 3.380338774141205358e+05
7.960000000000000000e+02 3.403675753019916592e+05
7.970000000000000000e+02 3.427116254579045926e+05
7.980000000000000000e+02 3.450660418042751844e+05
7.990000000000000000e+02 3.474308381732421694e+05
8.000000000000000000e+02 3.498060283067576820e+05
8.010000000000000000e+02 3.521916258566784090e+05
8.020000000000000000e+02 3.545876443848603521e+05
8.030000000000000000e+02 3.569940973632551613e+05
8.040000000000000000e+02 3.594109981740086223e+05
8.050000000000000000e+02 3.618383601095619961e+05
8.060000000000000000e+02 3.642761963727545808e+05
8.070000000000000000e+02 3.667245200769292424e+05
8.080000000000000000e+02 3.691833442460396327e+05
8.090000000000000000e+02 3.716526818147596205e+05
8.100000000000000000e+02 3.741325456285950495e+05
8.110000000000000000e+02 3.766229484439966618e+05
8.120000000000000000e+02 3.791239029284766875e+05
8.130000000000000000e+02 3.816354216607256094e+05
8.140000000000000000e+02 3.841575171307321871e+05
8.150000000000000000e+02 3.866902017399049946e+05
8.160000000000000000e+02 3.892334878011959954e+05
8.170000000000000000e+02 3.917873875392258051e+05
8.180000000000000000e+02 3.943519130904109916e+05
8.190000000000000000e+02 3.969270765030938201e+05
8.200000000000000000e+02 3.995128897376724635e+05
8.210000000000000000e+02 4.021093646667349385e+05
8.220000000000000000e+02 4.047165130751927500e+05
8.230000000000000000e+02 4.073343466604186688e+05
8.240000000000000000e+02 4.099628770323834033e+05
8.250000000000000000e+02 4.126021157137972768e+05
8.260000000000000000e+02 4.152520741402508575e+05
8.270000000000000000e+02 4.179127636603589053e+05
8.280000000000000000e+02 4.205841955359054846e+05
8.290000000000000000e+02 4.232663809419905301e+05
8.300000000000000000e+02 4.259593309671787429e+05
8.310000000000000000e+02 4.286630566136492998e+05
8.320000000000000000e+02 4.313775687973473687e+05
8.330000000000000000e+02 4.341028783481380087e+05
8.340000000000000000e+02 4.368389960099604796e+05
8.350000000000000000e+02 4.395859324409848196e+05
8.360000000000000000e+02 4.423436982137694140e+05
8.370000000000000000e+02 4.451123038154210662e+05
8.380000000000000000e+02 4.478917596477548941e+05
8.390000000000000000e+02 4.506820760274576023e+05
8.400000000000000000e+02 4.534832631862505805e+05
8.410000000000000000e+02 4.562953312710553291e+05
8.420000000000000000e+02 4.591182903441603994e+05
8.430000000000000000e+02 4.619521503833886236e+05
8.440000000000000000e+02 4.647969212822669651e+05
8.450000000000000000e+02 4.676526128501974745e+05
8.460000000000000000e+02 4.705192348126283032e+05
8.470000000000000000e+02 4.733967968112283270e+05
8.480000000000000000e+02 4.762853084040606045e+05
8.490000000000000000e+02 4.791847790657590958e+05
8.500000000000000000e+02 4.820952181877052062e+05
8.510000000000000000e+02 4.850166350782066584e+05
8.520000000000000000e+02 4.879490389626765973e+05
8.530000000000000000e+02 4.908924389838149655e+05
8.540000000000000000e+02 4.938468442017896450e+05
8.550000000000000000e+02 4.968122635944206268e+05
8.560000000000000000e+02 4.997887060573633062e+05
8.570000000000000000e+02 5.027761804042945150e+05
8.580000000000000000e+02 5.057746953670989024e+05
8.590000000000000000e+02 5.087842595960564213e+05
8.600000000000000000e+02 5.118048816600308637e+05
8.610000000000000000e+02 5.148365700466601993e+05
8.620000000000000000e+02 5.178793331625469145e+05
8.630000000000000000e+02 5.209331793334496324e+05
8.640000000000000000e+02 5.239981168044764781e+05
8.650000000000000000e+02 5.270741537402784452e+05
8.660000000000000000e+02 5.301612982252445072e+05
8.670000000000000000e+02 5.332595582636969630e+05
8.680000000000000000e+02 5.363689417800888186e+05
8.690000000000000000e+02 5.394894566192006459e+05
8.700000000000000000e+02 5.426211105463396525e+05
8.710000000000000000e+02 5.457639112475381698e+05
8.720000000000000000e+02 5.489178663297559833e+05
8.730000000000000000e+02 5.520829833210790530e+05
8.740000000000000000e+02 5.552592696709232405e+05
8.750000000000000000e+02 5.584467327502364060e+05
8.760000000000000000e+02 5.616453798517023679e+05
8.770000000000000000e+02 5.648552181899453280e+05
8.780000000000000000e+02 5.680762549017348792e+05
8.790000000000000000e+02 5.713084970461924095e+05
8.800000000000000000e+02 5.745519516049977392e+05
8.810000000000000000e+02 5.778066254825963406e+05
8.820000000000000000e+02 5.810725255064084195e+05
8.830000000000000000e+02 5.843496584270367166e+05
8.840000000000000000e+02 5.876380309184773359e+05
8.850000000000000000e+02 5.909376495783296414e+05
8.860000000000000000e+02 5.942485209280066192e+05
8.870000000000000000e+02 5.975706514129479183e+05
8.880000000000000000e+02 6.009040474028310273e+05
8.890000000000000000e+02 6.042487151917847805e+05
8.900000000000000000e+02 6.076046609986030962e+05
8.910000000000000000e+02 6.109718909669581335e+05
8.920000000000000000e+02 6.143504111656165915e+05
8.930000000000000000e+02 6.177402275886540301e+05
8.940000000000000000e+02 6.211413461556707043e+05
8.950000000000000000e+02 6.245537727120087948e+05
8.960000000000000000e+02 6.279775130289688241e+05
8.970000000000000000e+02 6.314125728040267713e+05
8.980000000000000000e+02 6.348589576610533986e+05
8.990000000000000000e+02 6.383166731505313655e+05
9.000000000000000000e+02 6.417857247497753706e+05
9.010000000000000000e+02 6.452661178631505463e+05
9.020000000000000000e+02 6.487578578222931828e+05
9.030000000000000000e+02 6.522609498863312183e+05
9.040000000000000000e+02 6.557753992421047296e+05
9.050000000000000000e+02 6.593012110043863067e+05
9.060000000000000000e+02 6.628383902161045698e+05
9.070000000000000000e+02 6.663869418485647766e+05
9.080000000000000000e+02 6.699468708016717574e+05
9.090000000000000000e+02 6.735181819041531999e+05
9.100000000000000000e+02 6.771008799137817696e+05
9.110000000000000000e+02 6.806949695175988600e+05
9.120000000000000000e+02 6.843004553321403218e+05
9.130000000000000000e+02 6.879173419036573032e+05
9.140000000000000000e+02 6.915456337083443068e+05
9.150000000000000000e+02 6.951853351525614271e+05
9.160000000000000000e+02 6.988364505730603123e+05
9.170000000000000000e+02 7.024989842372104758e+05
9.180000000000000000e+02 7.061729403432235122e+05
9.190000000000000000e+02 7.098583230203803396e+05
9.200000000000000000e+02 7.135551363292563474e+05
9.210000000000000000e+02 7.172633842619485222e+05
9.220000000000000000e+02 7.209830707423022250e+05
9.230000000000000000e+02 7.247141996261373861e+05
9.240000000000000000e+02 7.284567747014763299e+05
9.250000000000000000e+02 7.322107996887710178e+05
9.260000000000000000e+02 7.359762782411301741e+05
9.270000000000000000e+02 7.397532139445472276e+05
9.280000000000000000e+02 7.435416103181283688e+05
9.290000000000000000e+02 7.473414708143200260e+05
9.300000000000000000e+02 7.511527988191380864e+05
9.310000000000000000e+02 7.549755976523951394e+05
9.320000000000000000e+02 7.588098705679296982e+05
9.330000000000000000e+02 7.626556207538340241e+05
9.340000000000000000e+02 7.665128513326836983e+05
9.350000000000000000e+02 7.703815653617662610e+05
9.360000000000000000e+02 7.742617658333096188e+05
9.370000000000000000e+02 7.781534556747113820e+05
9.380000000000000000e+02 7.820566377487679711e+05
9.390000000000000000e+02 7.859713148539038375e+05
9.400000000000000000e+02 7.898974897244004533e+05
9.410000000000000000e+02 7.938351650306262309e+05
9.420000000000000000e+02 7.977843433792646974e+05
9.430000000000000000e+02 8.017450273135445314e+05
9.440000000000000000e+02 8.057172193134692498e+05
9.450000000000000000e+02 8.097009217960463138e+05
9.460000000000000000e+02 8.136961371155162342e+05
9.470000000000000000e+02 8.177028675635821419e+05
9.480000000000000000e+02 8.217211153696398251e+05
9.490000000000000000e+02 8.257508827010061359e+05
9.500000000000000000e+02 8.297921716631492600e+05
9.510000000000000000e+02 8.338449842999168904e+05
9.520000000000000000e+02 8.379093225937676616e+05
9.530000000000000000e+02 8.419851884659976931e+05
9.540000000000000000e+02 8.460725837769716745e+05
9.550000000000000000e+02 8.501715103263522033e+05
9.560000000000000000e+02 8.542819698533276096e+05
9.570000000000000000e+02 8.584039640368415276e+05
9.580000000000000000e+02 8.625374944958221167e+05
9.590000000000000000e+02 8.666825627894105855e+05
9.600000000000000000e+02 8.708391704171905294e+05
9.610000000000000000e+02 8.750073188194152899e+05
9.620000000000000000e+02 8.791870093772381078e+05
9.630000000000000000e+02 8.833782434129395988e+05
9.640000000000000000e+02 8.875810221901558107e+05
9.650000000000000000e+02 8.917953469141077949e+05
9.660000000000000000e+02 8.960212187318275683e+05
9.670000000000000000e+02 9.002586387323883828e+05
9.680000000000000000e+02 9.045076079471299890e+05
9.690000000000000000e+02 9.087681273498886731e+05
9.700000000000000000e+02 9.130401978572226362e+05
9.710000000000000000e+02 9.173238203286406351e+05
9.720000000000000000e+02 9.216189955668284092e+05
9.730000000000000000e+02 9.259257243178759236e+05
9.740000000000000000e+02 9.302440072715037968e+05
9.750000000000000000e+02 9.345738450612903107e+05
9.760000000000000000e+02 9.389152382648965577e+05
9.770000000000000000e+02 9.432681874042947311e+05
9.780000000000000000e+02 9.476326929459918756e+05
9.790000000000000000e+02 9.520087553012561984e+05
9.800000000000000000e+02 9.563963748263439629e+05
9.810000000000000000e+02 9.607955518227226567e+05
9.820000000000000000e+02 9.652062865372974193e+05
9.830000000000000000e+02 9.696285791626351420e+05
9.840000000000000000e+02 9.740624298371893819e+05
9.850000000000000000e+02 9.785078386455248110e+05
9.860000000000000000e+02 9.829648056185405003e+05
9.870000000000000000e+02 9.874333307336943690e+05
9.880000000000000000e+02 9.919134139152269345e+05
9.890000000000000000e+02 9.964050550343833165e+05
9.900000000000000000e+02 1.000908253909637686e+06
9.910000000000000000e+02 1.005423010306915385e+06
9.920000000000000000e+02 1.009949323939814931e+06
9.930000000000000000e+02 1.014487194469830254e+06
9.940000000000000000e+02 1.019036621506573749e+06
9.950000000000000000e+02 1.023597604607996065e+06
9.960000000000000000e+02 1.028170143280608230e+06
9.970000000000000000e+02 1.032754236979702371e+06
9.980000000000000000e+02 1.037349885109572439e+06
9.990000000000000000e+02 1.041957087023735046e+06
